1 1 16 8 24 32 14 22 17 18 23 2 20 21 7 30 26 25 27 28 10 3 12 15 19 5 13 6 29 11 9 4 31
2 1 12 4 22 17 14 15 27 29 16 8 24 32 25 18 23 2 20 21 7 30 26 28 10 3 19 5 13 6 11 9 31
3 1 16 8 24 32 12 4 22 17 10 14 15 27 29 25 6 13 5 19 3 28 26 30 7 21 20 2 23 18 11 9 31
4 1 12 4 22 17 14 15 27 29 16 8 24 9 11 6 13 5 19 3 10 28 26 30 7 21 20 2 23 18 25 32 31
5 1 12 4 22 17 16 8 24 32 14 25 2 18 23 20 21 7 30 26 10 15 27 29 6 13 5 19 3 28 11 9 31
6 1 12 4 22 16 8 24 32 17 10 14 15 27 29 25 6 13 5 19 3 18 23 2 21 30 7 20 31 9 28 11 26
7 1 12 4 22 16 8 24 32 17 10 14 15 27 29 25 6 13 5 19 3 18 23 2 21 30 7 20 31 9 28 11 26
8 1 12 4 22 16 8 24 32 17 10 14 15 21 27 29 25 6 13 5 19 3 18 23 2 30 7 20 31 9 28 11 26
9 1 12 4 22 16 8 24 32 17 10 14 3 19 5 25 6 13 29 27 15 18 23 2 21 30 7 20 31 9 28 11 26
10 1 12 4 22 16 8 24 32 17 9 31 20 7 30 21 2 23 18 15 27 29 13 6 25 5 19 3 14 10 28 11 26
11 1 12 4 22 16 8 24 32 17 9 31 20 7 30 21 2 23 18 15 27 29 13 6 25 5 19 3 14 10 28 11 26
12 1 12 4 22 16 8 24 32 17 9 31 20 7 30 21 2 23 18 15 10 14 3 19 5 25 6 13 29 27 28 11 26
13 1 12 4 22 16 8 24 32 17 9 31 20 7 30 21 2 23 18 15 10 14 3 19 5 25 6 13 29 27 28 11 26
14 1 12 4 22 16 8 24 32 17 9 31 20 7 30 21 2 23 18 15 10 14 3 19 5 25 27 29 13 6 28 11 26
15 1 12 20 31 9 17 32 24 8 16 22 4 7 30 21 2 23 18 15 10 14 3 19 5 25 27 29 13 6 28 11 26
16 1 12 20 7 30 21 2 23 18 15 31 4 22 16 8 24 32 17 9 10 14 3 19 5 25 27 29 13 6 28 11 26
17 1 31 20 7 30 21 2 32 17 9 12 4 22 16 8 14 23 18 15 10 24 3 19 5 25 6 13 29 27 28 11 26
18 1 31 20 7 30 21 2 32 17 9 12 4 22 16 8 14 23 18 15 10 24 3 19 5 25 27 29 13 6 28 11 26
19 1 12 20 31 9 17 32 7 30 21 2 23 18 15 4 22 16 8 24 10 14 3 19 5 25 27 29 13 6 28 11 26
20 1 31 12 20 9 17 32 7 30 21 2 23 18 15 4 22 16 8 24 10 14 3 19 5 25 27 29 13 6 28 11 26
21 1 31 12 20 4 22 16 9 17 32 7 30 21 2 23 18 15 8 24 10 14 3 25 5 19 27 29 13 6 28 11 26
22 1 31 12 20 4 22 16 9 17 32 7 30 21 2 23 18 15 8 24 10 14 3 25 5 19 27 29 13 6 28 11 26
23 1 31 12 20 4 22 16 9 17 32 7 30 21 2 23 18 15 8 24 10 14 3 25 5 19 27 29 13 6 28 11 26
24 1 31 12 20 4 22 16 9 17 32 7 30 21 2 23 18 15 8 24 10 14 3 25 5 19 27 29 13 6 28 11 26
25 1 31 12 20 4 22 16 9 17 32 7 30 21 2 23 18 15 8 24 10 14 3 25 5 19 27 29 13 6 28 11 26
26 1 31 12 20 4 22 16 9 17 32 7 30 21 2 23 18 15 8 24 10 14 3 25 5 19 27 29 13 6 28 11 26
27 1 31 12 20 4 22 16 9 17 32 7 30 21 2 23 18 15 8 24 10 14 3 25 5 19 27 29 13 6 28 11 26
28 1 31 12 20 4 22 14 9 17 32 7 30 21 2 23 18 15 8 24 10 16 3 25 5 19 27 29 13 6 28 11 26
29 1 31 12 20 4 22 14 9 17 32 7 30 21 2 23 18 15 8 24 10 16 3 25 5 29 27 19 13 6 28 11 26
30 1 31 12 20 4 22 14 9 17 32 7 30 21 2 23 18 15 8 24 10 16 3 25 5 29 19 27 13 6 28 11 26
31 1 31 12 20 4 22 14 9 17 32 7 30 21 2 23 18 15 8 24 10 16 3 25 5 19 29 27 13 6 28 11 26
32 1 31 12 20 4 22 14 9 17 32 7 30 21 2 23 18 15 8 24 10 16 3 25 5 19 29 27 13 6 28 11 26
33 1 31 12 20 4 22 14 9 16 17 32 7 30 21 2 23 18 15 8 24 10 3 25 5 19 29 27 13 6 28 11 26
34 1 31 12 20 4 22 14 9 16 17 32 7 30 21 2 23 18 15 8 24 10 3 25 5 19 29 27 13 6 28 11 26
35 1 31 12 20 4 22 14 9 16 17 32 7 30 21 2 23 18 15 8 24 10 3 25 5 19 29 27 13 6 28 11 26
36 1 15 9 24 8 12 31 20 30 4 21 14 16 6 13 17 22 7 32 23 2 3 25 5 29 19 27 28 11 10 26 18
37 1 31 15 9 24 8 12 20 30 4 21 14 16 6 13 17 22 7 32 23 2 3 25 5 29 19 27 28 11 10 26 18
38 1 31 15 9 24 8 12 20 30 4 21 14 16 6 13 17 22 7 32 23 2 3 25 5 29 19 27 28 11 10 26 18
39 1 31 15 9 24 8 12 20 30 4 21 14 16 6 13 17 22 7 32 23 2 3 25 5 29 19 27 28 11 10 26 18
40 1 31 15 9 24 8 12 20 30 4 21 14 16 6 13 17 22 7 32 23 2 3 25 5 29 19 27 28 11 10 26 18
41 1 31 15 9 24 8 12 20 30 4 21 14 16 6 13 17 22 7 32 23 2 3 25 5 29 19 27 28 11 10 26 18
42 1 31 15 9 24 8 12 20 30 4 21 14 16 6 13 17 22 7 32 23 2 3 25 5 29 19 27 28 11 10 26 18
43 1 31 15 9 24 8 12 20 30 4 21 14 16 6 13 17 2 7 32 23 22 3 25 5 29 19 27 28 11 10 26 18
44 1 31 15 9 24 8 12 20 30 4 21 14 16 6 13 17 2 7 32 23 22 3 25 5 29 19 27 28 11 10 26 18
45 1 31 15 9 24 8 12 20 30 4 21 14 16 6 13 17 22 7 32 23 2 3 25 27 19 29 5 28 11 10 26 18
46 1 31 15 9 24 8 12 20 30 4 21 14 16 6 13 17 22 7 32 23 2 3 25 27 19 29 5 28 11 10 26 18
47 1 31 15 9 24 8 12 20 30 4 21 14 16 6 13 17 2 7 32 23 22 3 25 27 19 29 5 28 11 10 26 18
48 1 31 15 9 24 8 12 20 30 4 21 14 16 6 13 17 2 7 32 23 22 3 25 27 19 29 5 28 11 10 26 18
49 1 31 15 9 24 8 12 20 7 4 23 32 30 22 17 13 6 16 14 21 2 3 5 27 19 29 25 28 11 10 26 18
50 1 31 15 9 24 8 12 20 7 4 23 32 30 22 17 13 6 16 14 21 2 3 5 27 19 29 25 28 11 10 26 18
51 1 31 15 9 24 8 12 20 7 4 23 32 30 22 21 14 16 6 13 17 2 3 25 27 19 29 5 28 11 10 26 18
52 1 31 15 9 24 8 12 20 7 4 23 32 30 22 21 14 16 6 13 17 2 3 25 27 19 29 5 28 11 10 26 18
53 1 31 15 9 24 8 12 20 30 7 4 23 32 22 21 14 16 6 13 17 2 3 25 27 19 29 5 28 11 10 26 18
54 1 31 15 9 24 8 12 20 7 4 23 32 30 22 2 17 21 14 16 6 13 3 25 27 19 29 5 28 11 10 26 18
55 1 31 15 9 24 8 12 20 30 7 4 23 32 22 2 17 21 14 16 6 13 3 25 27 19 29 5 28 11 10 26 18
56 1 31 15 9 24 8 12 20 30 7 4 23 32 22 2 17 21 14 16 6 13 3 25 27 19 29 5 28 11 10 26 18
57 1 31 15 9 24 8 12 20 30 7 4 23 32 22 2 17 21 14 16 6 13 3 25 27 19 29 5 28 11 10 26 18
58 1 31 15 9 24 8 12 20 30 7 4 23 32 22 2 17 21 14 16 6 13 3 25 27 19 29 5 28 11 10 26 18
59 1 26 10 11 28 5 29 19 27 25 3 13 6 16 14 21 17 2 22 32 23 4 7 30 20 12 8 24 9 15 31 18
60 1 31 15 9 24 8 12 20 30 7 4 23 32 22 2 17 21 14 16 6 13 3 25 27 29 19 5 28 11 10 26 18
61 1 31 15 9 24 8 12 20 30 7 4 23 32 22 2 17 21 14 16 6 13 3 25 27 29 19 5 28 11 10 26 18
62 1 31 15 9 24 8 12 20 30 7 4 23 32 22 2 17 21 14 16 6 13 3 25 27 29 19 5 28 11 10 26 18
63 1 18 31 15 9 24 8 12 20 30 7 4 23 32 22 2 17 21 14 16 6 13 3 25 27 29 19 5 28 11 10 26
64 1 31 15 9 24 8 12 20 7 30 4 23 32 22 2 17 21 14 16 6 13 3 25 27 29 19 5 28 11 10 26 18
65 1 31 15 9 24 8 12 20 7 30 4 23 32 22 2 17 21 14 16 6 13 3 25 27 29 19 5 28 11 10 26 18
66 1 15 9 8 26 24 11 10 28 6 5 29 19 27 25 16 13 14 3 17 22 21 2 23 32 7 30 4 20 12 31 18
67 1 15 9 8 26 24 11 10 28 6 5 29 19 27 25 16 13 14 3 17 22 21 2 23 32 7 30 4 20 12 31 18
68 1 15 9 8 26 24 11 10 28 6 5 29 19 27 25 16 13 14 3 17 22 21 2 23 32 7 30 4 20 12 31 18
69 1 15 9 8 26 24 11 10 28 6 5 29 19 27 25 16 13 14 3 17 22 21 2 23 32 7 30 4 20 12 31 18
70 1 15 9 8 26 24 11 10 28 6 5 29 19 27 25 16 13 14 3 17 22 21 2 23 32 7 30 4 20 12 31 18
71 1 15 9 8 26 24 11 10 28 6 5 29 19 27 25 16 13 14 3 17 21 22 2 23 32 7 30 4 20 12 31 18
72 1 15 9 8 26 24 11 10 28 6 5 29 19 27 25 16 13 14 3 17 21 22 2 23 32 7 30 4 20 12 31 18
73 1 15 9 8 26 24 11 10 28 6 5 29 19 27 25 16 13 14 3 17 21 22 2 23 32 7 30 4 20 12 31 18
74 1 15 9 8 26 24 11 10 28 6 5 29 19 27 25 16 13 14 3 17 21 22 2 23 32 7 30 4 20 12 31 18
75 1 15 9 8 26 24 11 10 28 6 5 29 19 27 25 16 13 14 3 17 21 22 2 23 32 7 30 4 20 12 31 18
76 1 15 9 8 26 24 11 10 28 6 5 29 19 27 25 16 13 14 3 17 21 22 2 23 32 7 30 4 20 12 31 18
77 1 15 9 8 26 24 11 10 28 6 5 29 19 27 25 16 13 14 3 17 21 22 2 23 32 7 30 4 20 12 31 18
78 1 15 9 8 26 24 11 10 28 6 5 29 19 27 25 16 13 14 3 17 21 22 2 23 32 7 30 4 20 12 31 18
79 1 15 9 8 26 24 11 10 28 6 5 29 19 27 25 16 13 14 3 17 21 22 2 23 32 7 30 4 20 12 31 18
80 1 15 9 8 26 24 11 10 28 6 5 29 19 27 25 16 13 14 3 17 21 22 2 23 32 7 30 4 20 12 31 18
81 1 15 9 8 26 24 11 10 28 6 5 29 19 27 25 16 13 14 3 17 21 2 22 23 32 7 30 4 20 12 31 18
82 1 15 9 8 26 24 11 10 28 6 5 29 19 27 25 16 13 14 3 17 21 2 22 23 32 7 30 4 20 12 31 18
83 1 15 9 8 26 24 11 10 28 6 5 29 19 27 25 16 13 14 3 17 21 2 22 23 32 7 30 4 20 12 31 18
84 1 15 26 8 9 24 11 10 28 6 5 29 19 27 25 16 13 14 3 17 21 2 22 23 32 7 30 4 20 12 31 18
85 1 15 26 8 9 24 11 10 28 6 5 29 19 27 25 16 13 14 3 17 21 2 22 23 32 30 7 4 20 12 31 18
86 1 15 26 8 9 24 11 10 28 6 5 29 19 27 25 16 13 14 3 17 21 2 22 23 32 30 7 4 20 12 31 18
87 1 15 26 8 9 24 11 10 28 6 5 29 19 27 25 16 13 14 3 17 21 2 22 23 32 30 7 4 20 12 31 18
88 1 15 26 8 9 24 11 10 28 6 5 29 19 27 25 16 13 17 3 14 21 2 22 23 32 30 7 4 20 12 31 18
89 1 15 26 8 9 24 11 10 28 6 5 29 19 27 25 16 13 17 3 14 21 2 22 23 32 30 7 4 20 12 31 18
90 1 15 26 8 9 24 11 10 28 6 5 29 19 27 25 16 13 17 3 14 21 2 22 23 32 30 7 4 20 12 31 18
91 1 15 26 8 9 24 11 10 28 6 5 29 19 27 25 16 13 17 3 14 21 2 22 23 32 30 7 4 20 12 31 18
92 1 15 26 8 9 24 11 10 28 6 5 29 19 27 25 16 13 17 3 14 21 2 22 23 32 30 7 4 20 12 31 18
93 1 15 26 8 9 24 11 10 28 6 5 29 19 27 25 16 13 17 3 14 21 2 22 23 32 30 7 4 20 12 31 18
94 1 15 26 8 9 24 11 10 28 6 5 29 19 27 25 16 13 17 3 14 21 2 22 23 32 30 7 4 20 12 31 18
95 1 15 26 8 9 24 11 10 28 6 5 29 19 27 25 16 13 17 3 14 21 2 22 23 32 30 7 4 20 12 31 18
96 1 15 9 8 26 10 24 11 28 6 25 19 29 27 5 13 16 14 3 17 21 22 2 23 32 7 30 4 20 12 31 18
97 1 15 9 8 26 10 24 11 28 6 25 19 29 27 5 13 16 14 3 17 21 22 2 23 32 30 7 4 20 12 31 18
98 1 15 9 8 26 10 24 11 28 6 25 19 29 27 5 13 16 14 17 3 21 2 22 23 32 30 7 4 20 12 31 18
99 1 15 9 8 26 10 24 11 28 6 25 19 29 27 5 13 16 14 3 17 21 2 22 23 32 30 7 4 20 12 31 18
100 1 15 9 8 26 10 24 11 28 6 25 19 29 27 5 13 16 14 3 17 21 2 22 23 32 30 7 4 20 12 31 18
101 1 15 9 8 26 10 24 11 28 6 25 19 29 27 5 13 16 14 3 17 21 2 22 23 32 30 7 4 20 12 31 18
102 1 15 9 8 26 10 24 11 28 6 25 19 29 27 5 13 16 14 3 17 21 2 22 23 32 30 7 4 20 12 31 18
103 1 15 9 8 26 10 24 11 28 6 25 19 29 27 5 13 16 14 3 17 21 2 22 23 32 30 7 4 20 12 31 18
104 1 15 9 8 26 10 24 11 28 6 25 19 29 27 5 13 16 14 3 17 21 2 22 23 32 30 7 4 20 12 31 18
105 1 15 9 8 26 10 24 11 28 6 25 19 29 27 5 13 16 14 3 17 21 2 22 23 32 30 7 4 20 12 31 18
106 1 15 9 8 26 10 24 11 28 6 25 19 29 27 5 13 16 14 3 17 21 2 22 23 32 30 7 4 20 12 31 18
107 1 15 9 8 26 10 24 11 28 6 25 19 29 27 5 13 16 14 3 17 21 2 22 23 32 30 7 4 20 12 31 18
108 1 15 9 8 26 10 24 11 28 6 25 19 29 27 5 13 16 3 14 17 21 2 22 32 30 7 4 23 20 12 31 18
109 1 15 9 8 26 10 24 11 28 6 25 19 29 27 5 13 16 3 14 17 21 2 22 32 30 7 4 23 20 12 31 18
110 1 15 9 8 26 10 24 11 28 6 25 19 29 27 5 13 16 3 14 17 21 2 22 32 30 7 4 23 20 12 31 18
111 1 15 9 8 26 10 24 11 28 6 25 19 29 27 5 13 16 3 14 17 21 2 22 32 30 7 4 23 20 12 31 18
112 1 15 9 8 26 10 24 11 28 6 25 19 29 27 5 13 16 3 14 17 21 2 22 32 30 7 4 23 20 12 31 18
113 1 15 9 8 26 10 24 11 28 6 25 19 29 27 5 13 16 3 14 17 21 2 22 32 30 7 4 23 20 12 31 18
114 1 15 9 8 26 10 24 11 28 6 25 19 29 27 5 13 16 3 14 17 21 2 22 32 30 7 4 23 20 12 31 18
115 1 15 9 8 26 10 24 11 28 6 25 19 29 27 5 13 16 3 14 17 21 2 22 32 30 7 4 23 20 12 31 18
116 1 15 9 8 26 10 24 11 28 6 25 19 29 27 5 13 16 3 14 17 21 2 22 32 30 7 4 23 20 12 31 18
117 1 15 9 8 26 10 24 11 28 6 25 19 29 27 5 13 16 3 14 17 21 2 22 32 30 7 4 23 20 12 31 18
118 1 15 9 8 26 10 24 11 28 6 25 19 29 27 5 13 16 3 14 17 21 2 22 32 30 7 4 23 20 12 31 18
119 1 15 9 8 26 10 24 11 28 6 25 19 29 27 5 13 16 3 14 17 21 2 22 32 30 7 4 23 20 12 31 18
120 1 15 9 8 26 10 24 11 28 6 25 19 29 27 5 13 16 3 14 17 21 2 22 32 30 7 4 23 20 12 31 18
121 1 15 9 8 26 10 24 11 28 6 25 19 29 27 5 13 16 3 14 17 21 2 22 32 30 7 4 23 20 12 31 18
122 1 15 9 8 26 10 24 11 28 6 25 19 29 27 5 13 16 3 14 17 21 2 22 32 30 7 4 23 20 12 31 18
123 1 15 9 8 26 10 24 11 28 6 25 19 29 27 5 13 16 3 14 17 21 2 22 32 30 7 4 23 20 12 31 18
124 1 15 9 8 26 10 24 11 28 6 25 19 29 27 5 13 16 3 14 17 21 2 22 32 30 7 4 23 20 12 31 18
125 1 15 9 8 26 10 24 11 28 6 25 19 29 27 5 13 16 3 14 17 21 2 22 32 30 7 4 23 20 12 31 18
126 1 15 9 8 26 10 24 11 28 6 25 19 29 27 5 13 16 3 14 17 21 2 22 32 30 7 4 23 20 12 31 18
127 1 15 9 8 26 10 24 11 28 6 25 19 29 27 5 13 16 3 14 17 21 2 22 32 30 7 4 23 20 12 31 18
128 1 15 9 8 26 10 24 11 28 6 25 19 29 27 5 13 16 3 14 17 21 2 22 32 30 7 4 23 20 12 31 18
129 1 15 9 8 26 10 24 11 28 6 25 19 29 27 5 13 16 3 14 17 21 2 22 32 30 7 4 23 20 12 31 18
130 1 15 9 8 26 10 24 11 28 6 25 19 29 27 5 13 16 3 14 17 21 2 22 32 30 7 4 23 20 12 31 18
131 1 15 9 8 26 10 24 11 28 6 25 19 29 27 5 13 16 3 14 17 21 2 22 32 30 7 4 23 20 12 31 18
132 1 15 9 8 26 10 24 11 28 6 25 19 29 27 5 13 16 3 14 17 21 2 22 32 30 7 4 23 20 12 31 18
133 1 15 9 8 26 10 24 11 28 6 25 19 29 27 5 13 16 3 14 17 21 2 22 32 30 7 4 23 20 12 31 18
134 1 15 9 8 26 10 24 11 28 6 25 19 29 27 5 13 16 3 14 17 21 2 22 32 30 7 4 23 20 12 31 18
135 1 15 9 8 26 10 24 11 28 6 25 19 29 27 5 13 16 3 14 17 21 2 22 32 30 7 4 23 20 12 31 18
136 1 15 9 8 26 10 24 11 28 6 25 19 29 27 5 13 16 3 14 17 21 2 22 32 30 7 4 23 20 12 31 18
137 1 15 9 8 26 10 24 11 28 6 25 19 29 27 5 13 16 3 14 17 21 2 22 32 30 7 4 23 20 12 31 18
138 1 15 9 8 26 10 24 11 28 6 25 19 29 27 5 13 16 3 14 17 21 2 22 32 30 7 4 23 20 12 31 18
139 1 15 9 8 26 10 24 11 28 6 25 19 29 27 5 13 16 3 14 17 21 2 22 32 30 7 4 23 20 12 31 18
140 1 15 9 8 26 10 24 11 28 6 25 19 29 27 5 13 16 3 14 17 21 2 22 32 30 7 4 23 20 12 31 18
141 1 15 9 8 26 10 24 11 28 6 25 19 29 27 5 13 16 3 14 17 21 2 22 32 30 7 4 23 20 12 31 18
142 1 15 9 8 26 10 24 11 28 6 25 19 29 27 5 13 16 3 14 17 21 2 22 32 30 7 4 23 20 12 31 18
143 1 15 9 8 26 10 24 11 28 6 25 19 29 27 5 13 16 3 14 17 21 2 22 32 30 7 4 23 20 12 31 18
144 1 15 9 8 26 10 24 11 28 6 25 19 29 27 5 13 16 3 14 17 21 2 22 32 30 7 4 23 20 12 31 18
145 1 15 9 8 26 10 24 11 28 6 25 19 29 27 5 13 16 3 14 17 21 2 22 32 30 7 4 23 20 12 31 18
146 1 15 9 8 26 10 24 11 28 6 25 19 29 27 5 13 16 3 14 17 21 2 22 32 30 7 4 23 20 12 31 18
147 1 15 9 8 26 10 24 11 28 6 25 19 29 27 5 13 16 3 14 17 21 2 22 32 30 7 4 23 20 12 31 18
148 1 15 9 8 26 10 24 11 28 6 25 19 29 27 5 13 16 3 14 17 21 2 22 32 30 7 4 23 20 12 31 18
149 1 15 9 8 26 10 24 11 28 6 25 19 29 27 5 13 16 3 14 17 21 2 22 32 30 7 4 23 20 12 31 18
150 1 15 9 8 26 10 24 11 28 6 25 19 29 27 5 13 16 3 14 17 21 2 22 32 30 7 4 23 20 12 31 18
151 1 15 9 8 26 10 24 11 28 6 25 19 29 27 5 13 16 3 14 17 21 2 22 32 30 7 4 23 20 12 31 18
152 1 15 9 8 26 10 24 11 28 6 25 19 29 27 5 13 16 3 14 17 21 2 22 32 30 7 4 23 20 12 31 18
153 1 15 9 8 26 10 24 11 28 6 25 19 29 27 5 13 16 3 14 17 21 2 22 32 30 7 4 23 20 12 31 18
154 1 15 9 8 26 10 24 11 28 6 25 19 29 27 5 13 16 3 14 17 21 2 22 32 30 7 4 23 20 12 31 18
155 1 15 9 8 26 10 24 11 28 6 25 19 29 27 5 13 16 3 14 17 21 2 22 32 30 7 4 23 20 12 31 18
156 1 15 9 8 26 10 24 11 28 6 25 19 29 27 5 13 16 3 14 17 21 2 22 32 30 7 4 23 20 12 31 18
157 1 15 9 8 26 10 24 11 28 6 25 19 29 27 5 13 16 3 14 17 21 2 22 32 30 7 4 23 20 12 31 18
158 1 15 9 8 26 10 24 11 28 6 25 19 29 27 5 13 16 3 14 17 21 2 22 32 30 7 4 23 20 12 31 18
159 1 15 9 8 26 10 24 11 28 6 25 19 29 27 5 13 16 3 14 17 21 2 22 32 30 7 4 23 20 12 31 18
160 1 15 9 8 26 10 24 11 28 6 25 19 29 27 5 13 16 3 14 17 21 2 22 32 30 7 4 23 20 12 31 18
161 1 15 9 8 26 10 24 11 28 6 25 19 29 27 5 13 16 3 14 17 21 2 22 32 30 7 4 23 20 12 31 18
162 1 15 9 8 26 10 24 11 28 6 25 19 29 27 5 13 16 3 14 17 21 2 22 32 30 7 4 23 20 12 31 18
163 1 15 9 8 26 10 24 11 28 6 25 19 29 27 5 13 16 3 14 17 21 2 22 32 30 7 4 23 20 12 31 18
164 1 15 9 8 26 10 24 11 28 6 25 19 29 27 5 13 16 3 14 17 21 2 22 32 30 7 4 23 20 12 31 18
165 1 15 9 8 26 10 24 11 28 6 25 19 29 27 5 13 16 3 14 17 21 2 22 32 30 7 4 23 20 12 31 18
166 1 15 9 8 26 10 24 11 28 6 25 19 29 27 5 13 16 3 14 17 21 2 22 32 30 7 4 23 20 12 31 18
167 1 15 9 8 26 10 24 11 28 6 25 19 29 27 5 13 16 3 14 17 21 2 22 32 30 7 4 23 20 12 31 18
168 1 15 9 8 26 10 24 11 28 6 25 19 29 27 5 13 16 3 14 17 21 2 22 32 30 7 4 23 20 12 31 18
169 1 15 9 8 26 10 24 11 28 6 25 19 29 27 5 13 16 3 14 17 21 2 22 32 30 7 4 23 20 12 31 18
170 1 15 9 8 26 10 24 11 28 6 25 19 29 27 5 13 16 3 14 17 21 2 22 32 30 7 4 23 20 12 31 18
171 1 15 9 8 26 10 24 11 28 6 25 19 29 27 5 13 16 3 14 17 21 2 22 32 30 7 4 23 20 12 31 18
172 1 15 9 8 26 10 24 11 28 6 25 19 29 27 5 13 16 3 14 17 21 2 22 32 30 7 4 23 20 12 31 18
173 1 15 9 8 26 10 24 11 28 6 25 19 29 27 5 13 16 3 14 17 21 2 22 32 30 7 4 23 20 12 31 18
174 1 15 9 8 26 10 24 11 28 6 25 19 29 27 5 13 16 3 14 17 21 2 22 32 30 7 4 23 20 12 31 18
175 1 15 9 8 26 10 24 11 28 6 25 19 29 27 5 13 16 3 14 17 21 2 22 32 30 7 4 23 20 12 31 18
176 1 15 9 8 26 10 24 11 28 6 25 19 29 27 5 13 16 3 14 17 21 2 22 32 30 7 4 23 20 12 31 18
177 1 15 9 8 26 10 24 11 28 6 25 19 29 27 5 13 16 3 14 17 21 2 22 32 30 7 4 23 20 12 31 18
178 1 15 9 8 26 10 24 11 28 6 25 19 29 27 5 13 16 3 14 17 21 2 22 32 30 7 4 23 20 12 31 18
179 1 15 9 8 26 10 24 11 28 6 25 19 29 27 5 13 16 3 14 17 21 2 22 32 30 7 4 23 20 12 31 18
180 1 15 9 8 26 10 24 11 28 6 25 19 29 27 5 13 16 3 14 17 21 2 22 32 30 7 4 23 20 12 31 18
181 1 15 9 8 26 10 24 11 28 6 25 19 29 27 5 13 16 3 14 17 21 2 22 32 30 7 4 23 20 12 31 18
182 1 15 9 8 26 10 24 11 28 6 25 19 29 27 5 13 16 3 14 17 21 2 22 32 30 7 4 23 20 12 31 18
183 1 15 9 8 26 10 24 11 28 6 25 19 29 27 5 13 16 3 14 17 21 2 22 32 30 7 4 23 20 12 31 18
184 1 15 9 8 26 10 24 11 28 6 25 19 29 27 5 13 16 3 14 17 21 2 22 32 30 7 4 23 20 12 31 18
185 1 15 9 8 26 10 24 11 28 6 25 19 29 27 5 13 16 3 14 17 21 2 22 32 30 7 4 23 20 12 31 18
186 1 15 9 8 26 10 24 11 28 6 25 19 29 27 5 13 16 3 14 17 21 2 22 32 30 7 4 23 20 12 31 18
187 1 15 9 8 26 10 24 11 28 6 25 19 29 27 5 13 16 3 14 17 21 2 22 32 30 7 4 23 20 12 31 18
188 1 15 9 8 26 10 24 11 28 6 25 19 29 27 5 13 16 3 14 17 21 2 22 32 30 7 4 23 20 12 31 18
189 1 15 9 8 26 10 24 11 28 6 25 19 29 27 5 13 16 3 14 17 21 2 22 32 30 7 4 23 20 12 31 18
190 1 15 9 8 26 10 24 11 28 6 25 19 29 27 5 13 16 3 14 17 21 2 22 32 30 7 4 23 20 12 31 18
191 1 15 9 8 26 10 24 11 28 6 25 19 29 27 5 13 16 3 14 17 21 2 22 32 30 7 4 23 20 12 31 18
192 1 15 9 8 26 10 24 11 28 6 25 19 29 27 5 13 16 3 14 17 21 2 22 32 30 7 4 23 20 12 31 18
193 1 15 9 8 26 10 24 11 28 6 25 19 29 27 5 13 16 3 14 17 21 2 22 32 30 7 4 23 20 12 31 18
194 1 15 9 8 26 10 24 11 28 6 25 19 29 27 5 13 16 3 14 17 21 2 22 32 30 7 4 23 20 12 31 18
195 1 15 9 8 26 10 24 11 28 6 25 19 29 27 5 13 16 3 14 17 21 2 22 32 30 7 4 23 20 12 31 18
196 1 15 9 8 26 10 24 11 28 6 25 19 29 27 5 13 16 3 14 17 21 2 22 32 30 7 4 23 20 12 31 18
197 1 15 9 8 26 10 24 11 28 6 25 19 29 27 5 13 16 3 14 17 21 2 22 32 30 7 4 23 20 12 31 18
198 1 15 9 8 26 10 24 11 28 6 25 19 29 27 5 13 16 3 14 17 21 2 22 32 30 7 4 23 20 12 31 18
199 1 15 9 8 26 10 24 11 28 6 25 19 29 27 5 13 16 3 14 17 21 2 22 32 30 7 4 23 20 12 31 18
200 1 15 9 8 26 10 24 11 28 6 25 19 29 27 5 13 16 3 14 17 21 2 22 32 30 7 4 23 20 12 31 18
201 1 15 9 8 26 10 24 11 28 6 25 19 29 27 5 13 16 3 14 17 21 2 22 32 30 7 4 23 20 12 31 18
202 1 15 9 8 26 10 24 11 28 6 25 19 29 27 5 13 16 3 14 17 21 2 22 32 30 7 4 23 20 12 31 18
203 1 15 9 8 26 10 24 11 28 6 25 19 29 27 5 13 16 3 14 17 21 2 22 32 30 7 4 23 20 12 31 18
204 1 15 9 8 26 10 24 11 28 6 25 19 29 27 5 13 16 3 14 17 21 2 22 32 30 7 4 23 20 12 31 18
205 1 15 9 8 26 10 24 11 28 6 25 19 29 27 5 13 16 3 14 17 21 2 22 32 30 7 4 23 20 12 31 18
206 1 15 9 8 26 10 24 11 28 6 25 19 29 27 5 13 16 3 14 17 21 2 22 32 30 7 4 23 20 12 31 18
207 1 15 9 8 26 10 24 11 28 6 25 19 29 27 5 13 16 3 14 17 21 2 22 32 30 7 4 23 20 12 31 18
208 1 15 9 8 26 10 24 11 28 6 25 19 29 27 5 13 16 3 14 17 21 2 22 32 30 7 4 23 20 12 31 18
209 1 15 9 8 26 10 24 11 28 6 25 19 29 27 5 13 16 3 14 17 21 2 22 32 30 7 4 23 20 12 31 18
210 1 15 9 8 26 10 24 11 28 6 25 19 29 27 5 13 16 3 14 17 21 2 22 32 30 7 4 23 20 12 31 18
211 1 15 9 8 26 10 24 11 28 6 25 19 29 27 5 13 16 3 14 17 21 2 22 32 30 7 4 23 20 12 31 18
212 1 15 9 8 26 10 24 11 28 6 25 19 29 27 5 13 16 3 14 17 21 2 22 32 30 7 4 23 20 12 31 18
213 1 15 9 8 26 10 24 11 28 6 25 19 29 27 5 13 16 3 14 17 21 2 22 32 30 7 4 23 20 12 31 18
214 1 15 9 8 26 10 24 11 28 6 25 19 29 27 5 13 16 3 14 17 21 2 22 32 30 7 4 23 20 12 31 18
215 1 15 9 8 26 10 24 11 28 6 25 19 29 27 5 13 16 3 14 17 21 2 22 32 30 7 4 23 20 12 31 18
216 1 15 9 8 26 10 24 11 28 6 25 19 29 27 5 13 16 3 14 17 21 2 22 32 30 7 4 23 20 12 31 18
217 1 15 9 8 26 10 24 11 28 6 25 19 29 27 5 13 16 3 14 17 21 2 22 32 30 7 4 23 20 12 31 18
218 1 15 9 8 26 10 24 11 28 6 25 19 29 27 5 13 16 3 14 17 21 2 22 32 30 7 4 23 20 12 31 18
219 1 15 9 8 26 10 24 11 28 6 25 19 29 27 5 13 16 3 14 17 21 2 22 32 30 7 4 23 20 12 31 18
220 1 15 9 8 26 10 24 11 28 6 25 19 29 27 5 13 16 3 14 17 21 2 22 32 30 7 4 23 20 12 31 18
221 1 15 9 8 26 10 24 11 28 6 25 19 29 27 5 13 16 3 14 17 21 2 22 32 30 7 4 23 20 12 31 18
222 1 15 9 8 26 10 24 11 28 6 25 19 29 27 5 13 16 3 14 17 21 2 22 32 30 7 4 23 20 12 31 18
223 1 15 9 8 26 10 24 11 28 6 25 19 29 27 5 13 16 3 14 17 21 2 22 32 30 7 4 23 20 12 31 18
224 1 15 9 8 26 10 24 11 28 6 25 19 29 27 5 13 16 3 14 17 21 2 22 32 30 7 4 23 20 12 31 18
225 1 15 9 8 26 10 24 11 28 6 25 19 29 27 5 13 16 3 14 17 21 2 22 32 30 7 4 23 20 12 31 18
226 1 15 9 8 26 10 24 11 28 6 25 19 29 27 5 13 16 3 14 17 21 2 22 32 30 7 4 23 20 12 31 18
227 1 15 9 8 26 10 24 11 28 6 25 19 29 27 5 13 16 3 14 17 21 2 22 32 30 7 4 23 20 12 31 18
228 1 15 9 8 26 10 24 11 28 6 25 19 29 27 5 13 16 3 14 17 21 2 22 32 30 7 4 23 20 12 31 18
229 1 15 9 8 26 10 24 11 28 6 25 19 29 27 5 13 16 3 14 17 21 2 22 32 30 7 4 23 20 12 31 18
230 1 15 9 8 26 10 24 11 28 6 25 19 29 27 5 13 16 3 14 17 21 2 22 32 30 7 4 23 20 12 31 18
231 1 15 9 8 26 10 24 11 28 6 25 19 29 27 5 13 16 3 14 17 21 2 22 32 30 7 4 23 20 12 31 18
232 1 15 9 8 26 10 24 11 28 6 25 19 29 27 5 13 16 3 14 17 21 2 22 32 30 7 4 23 20 12 31 18
233 1 15 9 8 26 10 24 11 28 6 25 19 29 27 5 13 16 3 14 17 21 2 22 32 30 7 4 23 20 12 31 18
234 1 15 9 8 26 10 24 11 28 6 25 19 29 27 5 13 16 3 14 17 21 2 22 32 30 7 4 23 20 12 31 18
235 1 15 9 8 26 10 24 11 28 6 25 19 29 27 5 13 16 3 14 17 21 2 22 32 30 7 4 23 20 12 31 18
236 1 15 9 8 26 10 24 11 28 6 25 19 29 27 5 13 16 3 14 17 21 2 22 32 30 7 4 23 20 12 31 18
237 1 15 9 8 26 10 24 11 28 6 25 19 29 27 5 13 16 3 14 17 21 2 22 32 30 7 4 23 20 12 31 18
238 1 15 9 8 26 10 24 11 28 6 25 19 29 27 5 13 16 3 14 17 21 2 22 32 30 7 4 23 20 12 31 18
239 1 15 9 8 26 10 24 11 28 6 25 19 29 27 5 13 16 3 14 17 21 2 22 32 30 7 4 23 20 12 31 18
240 1 15 9 8 26 10 24 11 28 6 25 19 29 27 5 13 16 3 14 17 21 2 22 32 30 7 4 23 20 12 31 18
241 1 15 9 8 26 10 24 11 28 6 25 19 29 27 5 13 16 3 14 17 21 2 22 32 30 7 4 23 20 12 31 18
242 1 15 9 8 26 10 24 11 28 6 25 19 29 27 5 13 16 3 14 17 21 2 22 32 30 7 4 23 20 12 31 18
243 1 15 9 8 26 10 24 11 28 6 25 19 29 27 5 13 16 3 14 17 21 2 22 32 30 7 4 23 20 12 31 18
244 1 15 9 8 26 10 24 11 28 6 25 19 29 27 5 13 16 3 14 17 21 2 22 32 30 7 4 23 20 12 31 18
245 1 15 9 8 26 10 24 11 28 6 25 19 29 27 5 13 16 3 14 17 21 2 22 32 30 7 4 23 20 12 31 18
246 1 15 9 8 26 10 24 11 28 6 25 19 29 27 5 13 16 3 14 17 21 2 22 32 30 7 4 23 20 12 31 18
247 1 15 9 8 26 10 24 11 28 6 25 19 29 27 5 13 16 3 14 17 21 2 22 32 30 7 4 23 20 12 31 18
248 1 15 9 8 26 10 24 11 28 6 25 19 29 27 5 13 16 3 14 17 21 2 22 32 30 7 4 23 20 12 31 18
249 1 15 9 8 26 10 24 11 28 6 25 19 29 27 5 13 16 3 14 17 21 2 22 32 30 7 4 23 20 12 31 18
250 1 15 9 8 26 10 24 11 28 6 25 19 29 27 5 13 16 3 14 17 21 2 22 32 30 7 4 23 20 12 31 18
251 1 15 9 8 26 10 24 11 28 6 25 19 29 27 5 13 16 3 14 17 21 2 22 32 30 7 4 23 20 12 31 18
252 1 15 9 8 26 10 24 11 28 6 25 19 29 27 5 13 16 3 14 17 21 2 22 32 30 7 4 23 20 12 31 18
253 1 15 9 8 26 10 24 11 28 6 25 19 29 27 5 13 16 3 14 17 21 2 22 32 30 7 4 23 20 12 31 18
254 1 15 9 8 26 10 24 11 28 6 25 19 29 27 5 13 16 3 14 17 21 2 22 32 30 7 4 23 20 12 31 18
255 1 15 9 8 26 10 24 11 28 6 25 19 29 27 5 13 16 3 14 17 21 2 22 32 30 7 4 23 20 12 31 18
256 1 15 9 8 26 10 24 11 28 6 25 19 29 27 5 13 16 3 14 17 21 2 22 32 30 7 4 23 20 12 31 18
257 1 15 9 8 26 10 24 11 28 6 25 19 29 27 5 13 16 3 14 17 21 2 22 32 30 7 4 23 20 12 31 18
258 1 15 9 8 26 10 24 11 28 6 25 19 29 27 5 13 16 3 14 17 21 2 22 32 30 7 4 23 20 12 31 18
259 1 15 9 8 26 10 24 11 28 6 25 19 29 27 5 13 16 3 14 17 21 2 22 32 30 7 4 23 20 12 31 18
260 1 15 9 8 26 10 24 11 28 6 25 19 29 27 5 13 16 3 14 17 21 2 22 32 30 7 4 23 20 12 31 18
261 1 15 9 8 26 10 24 11 28 6 25 19 29 27 5 13 16 3 14 17 21 2 22 32 30 7 4 23 20 12 31 18
262 1 15 9 8 26 10 24 11 28 6 25 19 29 27 5 13 16 3 14 17 21 2 22 32 30 7 4 23 20 12 31 18
263 1 15 9 8 26 10 24 11 28 6 25 19 29 27 5 13 16 3 14 17 21 2 22 32 30 7 4 23 20 12 31 18
264 1 15 9 8 26 10 24 11 28 6 25 19 29 27 5 13 16 3 14 17 21 2 22 32 30 7 4 23 20 12 31 18
265 1 15 9 8 26 10 24 11 28 6 25 19 29 27 5 13 16 3 14 17 21 2 22 32 30 7 4 23 20 12 31 18
266 1 15 9 8 26 10 24 11 28 6 25 19 29 27 5 13 16 3 14 17 21 2 22 32 30 7 4 23 20 12 31 18
267 1 15 9 8 26 10 24 11 28 6 25 19 29 27 5 13 16 3 14 17 21 2 22 32 30 7 4 23 20 12 31 18
268 1 15 9 8 26 10 24 11 28 6 25 19 29 27 5 13 16 3 14 17 21 2 22 32 30 7 4 23 20 12 31 18
269 1 15 9 8 26 10 24 11 28 6 25 19 29 27 5 13 16 3 14 17 21 2 22 32 30 7 4 23 20 12 31 18
270 1 15 9 8 26 10 24 11 28 6 25 19 29 27 5 13 16 3 14 17 21 2 22 32 30 7 4 23 20 12 31 18
271 1 15 9 8 26 10 24 11 28 6 25 19 29 27 5 13 16 3 14 17 21 2 22 32 30 7 4 23 20 12 31 18
272 1 15 9 8 26 10 24 11 28 6 25 19 29 27 5 13 16 3 14 17 21 2 22 32 30 7 4 23 20 12 31 18
273 1 15 9 8 26 10 24 11 28 6 25 19 29 27 5 13 16 3 14 17 21 2 22 32 30 7 4 23 20 12 31 18
274 1 15 9 8 26 10 24 11 28 6 25 19 29 27 5 13 16 3 14 17 21 2 22 32 30 7 4 23 20 12 31 18
275 1 15 9 8 26 10 24 11 28 6 25 19 29 27 5 13 16 3 14 17 21 2 22 32 30 7 4 23 20 12 31 18
276 1 15 9 8 26 10 24 11 28 6 25 19 29 27 5 13 16 3 14 17 21 2 22 32 30 7 4 23 20 12 31 18
277 1 15 9 8 26 10 24 11 28 6 25 19 29 27 5 13 16 3 14 17 21 2 22 32 30 7 4 23 20 12 31 18
278 1 15 9 8 26 10 24 11 28 6 25 19 29 27 5 13 16 3 14 17 21 2 22 32 30 7 4 23 20 12 31 18
279 1 15 9 8 26 10 24 11 28 6 25 19 29 27 5 13 16 3 14 17 21 2 22 32 30 7 4 23 20 12 31 18
280 1 15 9 8 26 10 24 11 28 6 25 19 29 27 5 13 16 3 14 17 21 2 22 32 30 7 4 23 20 12 31 18
281 1 15 9 8 26 10 24 11 28 6 25 19 29 27 5 13 16 3 14 17 21 2 22 32 30 7 4 23 20 12 31 18
282 1 15 9 8 26 10 24 11 28 6 25 19 29 27 5 13 16 3 14 17 21 2 22 32 30 7 4 23 20 12 31 18
283 1 15 9 8 26 10 24 11 28 6 25 19 29 27 5 13 16 3 14 17 21 2 22 32 30 7 4 23 20 12 31 18
284 1 15 9 8 26 10 24 11 28 6 25 19 29 27 5 13 16 3 14 17 21 2 22 32 30 7 4 23 20 12 31 18
285 1 15 9 8 26 10 24 11 28 6 25 19 29 27 5 13 16 3 14 17 21 2 22 32 30 7 4 23 20 12 31 18
286 1 15 9 8 26 10 24 11 28 6 25 19 29 27 5 13 16 3 14 17 21 2 22 32 30 7 4 23 20 12 31 18
287 1 15 9 8 26 10 24 11 28 6 25 19 29 27 5 13 16 3 14 17 21 2 22 32 30 7 4 23 20 12 31 18
288 1 15 9 8 26 10 24 11 28 6 25 19 29 27 5 13 16 3 14 17 21 2 22 32 30 7 4 23 20 12 31 18
289 1 15 9 8 26 10 24 11 28 6 25 19 29 27 5 13 16 3 14 17 21 2 22 32 30 7 4 23 20 12 31 18
290 1 15 9 8 26 10 24 11 28 6 25 19 29 27 5 13 16 3 14 17 21 2 22 32 30 7 4 23 20 12 31 18
291 1 15 9 8 26 10 24 11 28 6 25 19 29 27 5 13 16 3 14 17 21 2 22 32 30 7 4 23 20 12 31 18
292 1 15 9 8 26 10 24 11 28 6 25 19 29 27 5 13 16 3 14 17 21 2 22 32 30 7 4 23 20 12 31 18
293 1 15 9 8 26 10 24 11 28 6 25 19 29 27 5 13 16 3 14 17 21 2 22 32 30 7 4 23 20 12 31 18
294 1 15 9 8 26 10 24 11 28 6 25 19 29 27 5 13 16 3 14 17 21 2 22 32 30 7 4 23 20 12 31 18
295 1 15 9 8 26 10 24 11 28 6 25 19 29 27 5 13 16 3 14 17 21 2 22 32 30 7 4 23 20 12 31 18
296 1 15 9 8 26 10 24 11 28 6 25 19 29 27 5 13 16 3 14 17 21 2 22 32 30 7 4 23 20 12 31 18
297 1 15 9 8 26 10 24 11 28 6 25 19 29 27 5 13 16 3 14 17 21 2 22 32 30 7 4 23 20 12 31 18
298 1 15 9 8 26 10 24 11 28 6 25 19 29 27 5 13 16 3 14 17 21 2 22 32 30 7 4 23 20 12 31 18
299 1 15 9 8 26 10 24 11 28 6 25 19 29 27 5 13 16 3 14 17 21 2 22 32 30 7 4 23 20 12 31 18
300 1 15 9 8 26 10 24 11 28 6 25 19 29 27 5 13 16 3 14 17 21 2 22 32 30 7 4 23 20 12 31 18
301 1 15 9 8 26 10 24 11 28 6 25 19 29 27 5 13 16 3 14 17 21 2 22 32 30 7 4 23 20 12 31 18
302 1 15 9 8 26 10 24 11 28 6 25 19 29 27 5 13 16 3 14 17 21 2 22 32 30 7 4 23 20 12 31 18
303 1 15 9 8 26 10 24 11 28 6 25 19 29 27 5 13 16 3 14 17 21 2 22 32 30 7 4 23 20 12 31 18
304 1 15 9 8 26 10 24 11 28 6 25 19 29 27 5 13 16 3 14 17 21 2 22 32 30 7 4 23 20 12 31 18
305 1 15 9 8 26 10 24 11 28 6 25 19 29 27 5 13 16 3 14 17 21 2 22 32 30 7 4 23 20 12 31 18
306 1 15 9 8 26 10 24 11 28 6 25 19 29 27 5 13 16 3 14 17 21 2 22 32 30 7 4 23 20 12 31 18
307 1 15 9 8 26 10 24 11 28 6 25 19 29 27 5 13 16 3 14 17 21 2 22 32 30 7 4 23 20 12 31 18
308 1 15 9 8 26 10 24 11 28 6 25 19 29 27 5 13 16 3 14 17 21 2 22 32 30 7 4 23 20 12 31 18
309 1 15 9 8 26 10 24 11 28 6 25 19 29 27 5 13 16 3 14 17 21 2 22 32 30 7 4 23 20 12 31 18
310 1 15 9 8 26 10 24 11 28 6 25 19 29 27 5 13 16 3 14 17 21 2 22 32 30 7 4 23 20 12 31 18
311 1 15 9 8 26 10 24 11 28 6 25 19 29 27 5 13 16 3 14 17 21 2 22 32 30 7 4 23 20 12 31 18
312 1 15 9 8 26 10 24 11 28 6 25 19 29 27 5 13 16 3 14 17 21 2 22 32 30 7 4 23 20 12 31 18
313 1 15 9 8 26 10 24 11 28 6 25 19 29 27 5 13 16 3 14 17 21 2 22 32 30 7 4 23 20 12 31 18
314 1 15 9 8 26 10 24 11 28 6 25 19 29 27 5 13 16 3 14 17 21 2 22 32 30 7 4 23 20 12 31 18
315 1 15 9 8 26 10 24 11 28 6 25 19 29 27 5 13 16 3 14 17 21 2 22 32 30 7 4 23 20 12 31 18
316 1 15 9 8 26 10 24 11 28 6 25 19 29 27 5 13 16 3 14 17 21 2 22 32 30 7 4 23 20 12 31 18
317 1 15 9 8 26 10 24 11 28 6 25 19 29 27 5 13 16 3 14 17 21 2 22 32 30 7 4 23 20 12 31 18
318 1 15 9 8 26 10 24 11 28 6 25 19 29 27 5 13 16 3 14 17 21 2 22 32 30 7 4 23 20 12 31 18
319 1 15 9 8 26 10 24 11 28 6 25 19 29 27 5 13 16 3 14 17 21 2 22 32 30 7 4 23 20 12 31 18
320 1 15 9 8 26 10 24 11 28 6 25 19 29 27 5 13 16 3 14 17 21 2 22 32 30 7 4 23 20 12 31 18
321 1 15 9 8 26 10 24 11 28 6 25 19 29 27 5 13 16 3 14 17 21 2 22 32 30 7 4 23 20 12 31 18
322 1 15 9 8 26 10 24 11 28 6 25 19 29 27 5 13 16 3 14 17 21 2 22 32 30 7 4 23 20 12 31 18
323 1 15 9 8 26 10 24 11 28 6 25 19 29 27 5 13 16 3 14 17 21 2 22 32 30 7 4 23 20 12 31 18
324 1 15 9 8 26 10 24 11 28 6 25 19 29 27 5 13 16 3 14 17 21 2 22 32 30 7 4 23 20 12 31 18
325 1 15 9 8 26 10 24 11 28 6 25 19 29 27 5 13 16 3 14 17 21 2 22 32 30 7 4 23 20 12 31 18
326 1 15 9 8 26 10 24 11 28 6 25 19 29 27 5 13 16 3 14 17 21 2 22 32 30 7 4 23 20 12 31 18
327 1 15 9 8 26 10 24 11 28 6 25 19 29 27 5 13 16 3 14 17 21 2 22 32 30 7 4 23 20 12 31 18
328 1 15 9 8 26 10 24 11 28 6 25 19 29 27 5 13 16 3 14 17 21 2 22 32 30 7 4 23 20 12 31 18
329 1 15 9 8 26 10 24 11 28 6 25 19 29 27 5 13 16 3 14 17 21 2 22 32 30 7 4 23 20 12 31 18
330 1 15 9 8 26 10 24 11 28 6 25 19 29 27 5 13 16 3 14 17 21 2 22 32 30 7 4 23 20 12 31 18
331 1 15 9 8 26 10 24 11 28 6 25 19 29 27 5 13 16 3 14 17 21 2 22 32 30 7 4 23 20 12 31 18
332 1 15 9 8 26 10 24 11 28 6 25 19 29 27 5 13 16 3 14 17 21 2 22 32 30 7 4 23 20 12 31 18
333 1 15 9 8 26 10 24 11 28 6 25 19 29 27 5 13 16 3 14 17 21 2 22 32 30 7 4 23 20 12 31 18
334 1 15 9 8 26 10 24 11 28 6 25 19 29 27 5 13 16 3 14 17 21 2 22 32 30 7 4 23 20 12 31 18
335 1 15 9 8 26 10 24 11 28 6 25 19 29 27 5 13 16 3 14 17 21 2 22 32 30 7 4 23 20 12 31 18
336 1 15 9 8 26 10 24 11 28 6 25 19 29 27 5 13 16 3 14 17 21 2 22 32 30 7 4 23 20 12 31 18
337 1 15 9 8 26 10 24 11 28 6 25 19 29 27 5 13 16 3 14 17 21 2 22 32 30 7 4 23 20 12 31 18
338 1 15 9 8 26 10 24 11 28 6 25 19 29 27 5 13 16 3 14 17 21 2 22 32 30 7 4 23 20 12 31 18
339 1 15 9 8 26 10 24 11 28 6 25 19 29 27 5 13 16 3 14 17 21 2 22 32 30 7 4 23 20 12 31 18
340 1 15 9 8 26 10 24 11 28 6 25 19 29 27 5 13 16 3 14 17 21 2 22 32 30 7 4 23 20 12 31 18
341 1 15 9 8 26 10 24 11 28 6 25 19 29 27 5 13 16 3 14 17 21 2 22 32 30 7 4 23 20 12 31 18
342 1 15 9 8 26 10 24 11 28 6 25 19 29 27 5 13 16 3 14 17 21 2 22 32 30 7 4 23 20 12 31 18
343 1 15 9 8 26 10 24 11 28 6 25 19 29 27 5 13 16 3 14 17 21 2 22 32 30 7 4 23 20 12 31 18
344 1 15 9 8 26 10 24 11 28 6 25 19 29 27 5 13 16 3 14 17 21 2 22 32 30 7 4 23 20 12 31 18
345 1 15 9 8 26 10 24 11 28 6 25 19 29 27 5 13 16 3 14 17 21 2 22 32 30 7 4 23 20 12 31 18
346 1 15 9 8 26 10 24 11 28 6 25 19 29 27 5 13 16 3 14 17 21 2 22 32 30 7 4 23 20 12 31 18
347 1 15 9 8 26 10 24 11 28 6 25 19 29 27 5 13 16 3 14 17 21 2 22 32 30 7 4 23 20 12 31 18
348 1 15 9 8 26 10 24 11 28 6 25 19 29 27 5 13 16 3 14 17 21 2 22 32 30 7 4 23 20 12 31 18
349 1 15 9 8 26 10 24 11 28 6 25 19 29 27 5 13 16 3 14 17 21 2 22 32 30 7 4 23 20 12 31 18
350 1 15 9 8 26 10 24 11 28 6 25 19 29 27 5 13 16 3 14 17 21 2 22 32 30 7 4 23 20 12 31 18
351 1 15 9 8 26 10 24 11 28 6 25 19 29 27 5 13 16 3 14 17 21 2 22 32 30 7 4 23 20 12 31 18
352 1 15 9 8 26 10 24 11 28 6 25 19 29 27 5 13 16 3 14 17 21 2 22 32 30 7 4 23 20 12 31 18
353 1 15 9 8 26 10 24 11 28 6 25 19 29 27 5 13 16 3 14 17 21 2 22 32 30 7 4 23 20 12 31 18
354 1 15 9 8 26 10 24 11 28 6 25 19 29 27 5 13 16 3 14 17 21 2 22 32 30 7 4 23 20 12 31 18
355 1 15 9 8 26 10 24 11 28 6 25 19 29 27 5 13 16 3 14 17 21 2 22 32 30 7 4 23 20 12 31 18
356 1 15 9 8 26 10 24 11 28 6 25 19 29 27 5 13 16 3 14 17 21 2 22 32 30 7 4 23 20 12 31 18
357 1 15 9 8 26 10 24 11 28 6 25 19 29 27 5 13 16 3 14 17 21 2 22 32 30 7 4 23 20 12 31 18
358 1 15 9 8 26 10 24 11 28 6 25 19 29 27 5 13 16 3 14 17 21 2 22 32 30 7 4 23 20 12 31 18
359 1 15 9 8 26 10 24 11 28 6 25 19 29 27 5 13 16 3 14 17 21 2 22 32 30 7 4 23 20 12 31 18
360 1 15 9 8 26 10 24 11 28 6 25 19 29 27 5 13 16 3 14 17 21 2 22 32 30 7 4 23 20 12 31 18
361 1 15 9 8 26 10 24 11 28 6 25 19 29 27 5 13 16 3 14 17 21 2 22 32 30 7 4 23 20 12 31 18
362 1 15 9 8 26 10 24 11 28 6 25 19 29 27 5 13 16 3 14 17 21 2 22 32 30 7 4 23 20 12 31 18
363 1 15 9 8 26 10 24 11 28 6 25 19 29 27 5 13 16 3 14 17 21 2 22 32 30 7 4 23 20 12 31 18
364 1 15 9 8 26 10 24 11 28 6 25 19 29 27 5 13 16 3 14 17 21 2 22 32 30 7 4 23 20 12 31 18
365 1 15 9 8 26 10 24 11 28 6 25 19 29 27 5 13 16 3 14 17 21 2 22 32 30 7 4 23 20 12 31 18
366 1 15 9 8 26 10 24 11 28 6 25 19 29 27 5 13 16 3 14 17 21 2 22 32 30 7 4 23 20 12 31 18
367 1 15 9 8 26 10 24 11 28 6 25 19 29 27 5 13 16 3 14 17 21 2 22 32 30 7 4 23 20 12 31 18
368 1 15 9 8 26 10 24 11 28 6 25 19 29 27 5 13 16 3 14 17 21 2 22 32 30 7 4 23 20 12 31 18
369 1 15 9 8 26 10 24 11 28 6 25 19 29 27 5 13 16 3 14 17 21 2 22 32 30 7 4 23 20 12 31 18
370 1 15 9 8 26 10 24 11 28 6 25 19 29 27 5 13 16 3 14 17 21 2 22 32 30 7 4 23 20 12 31 18
371 1 15 9 8 26 10 24 11 28 6 25 19 29 27 5 13 16 3 14 17 21 2 22 32 30 7 4 23 20 12 31 18
372 1 15 9 8 26 10 24 11 28 6 25 19 29 27 5 13 16 3 14 17 21 2 22 32 30 7 4 23 20 12 31 18
373 1 15 9 8 26 10 24 11 28 6 25 19 29 27 5 13 16 3 14 17 21 2 22 32 30 7 4 23 20 12 31 18
374 1 15 9 8 26 10 24 11 28 6 25 19 29 27 5 13 16 3 14 17 21 2 22 32 30 7 4 23 20 12 31 18
375 1 15 9 8 26 10 24 11 28 6 25 19 29 27 5 13 16 3 14 17 21 2 22 32 30 7 4 23 20 12 31 18
376 1 15 9 8 26 10 24 11 28 6 25 19 29 27 5 13 16 3 14 17 21 2 22 32 30 7 4 23 20 12 31 18
377 1 15 9 8 26 10 24 11 28 6 25 19 29 27 5 13 16 3 14 17 21 2 22 32 30 7 4 23 20 12 31 18
378 1 15 9 8 26 10 24 11 28 6 25 19 29 27 5 13 16 3 14 17 21 2 22 32 30 7 4 23 20 12 31 18
379 1 15 9 8 26 10 24 11 28 6 25 19 29 27 5 13 16 3 14 17 21 2 22 32 30 7 4 23 20 12 31 18
380 1 15 9 8 26 10 24 11 28 6 25 19 29 27 5 13 16 3 14 17 21 2 22 32 30 7 4 23 20 12 31 18
381 1 15 9 8 26 10 24 11 28 6 25 19 29 27 5 13 16 3 14 17 21 2 22 32 30 7 4 23 20 12 31 18
382 1 15 9 8 26 10 24 11 28 6 25 19 29 27 5 13 16 3 14 17 21 2 22 32 30 7 4 23 20 12 31 18
383 1 15 9 8 26 10 24 11 28 6 25 19 29 27 5 13 16 3 14 17 21 2 22 32 30 7 4 23 20 12 31 18
384 1 15 9 8 26 10 24 11 28 6 25 19 29 27 5 13 16 3 14 17 21 2 22 32 30 7 4 23 20 12 31 18
385 1 15 9 8 26 10 24 11 28 6 25 19 29 27 5 13 16 3 14 17 21 2 22 32 30 7 4 23 20 12 31 18
386 1 15 9 8 26 10 24 11 28 6 25 19 29 27 5 13 16 3 14 17 21 2 22 32 30 7 4 23 20 12 31 18
387 1 15 9 8 26 10 24 11 28 6 25 19 29 27 5 13 16 3 14 17 21 2 22 32 30 7 4 23 20 12 31 18
388 1 15 9 8 26 10 24 11 28 6 25 19 29 27 5 13 16 3 14 17 21 2 22 32 30 7 4 23 20 12 31 18
389 1 15 9 8 26 10 24 11 28 6 25 19 29 27 5 13 16 3 14 17 21 2 22 32 30 7 4 23 20 12 31 18
390 1 15 9 8 26 10 24 11 28 6 25 19 29 27 5 13 16 3 14 17 21 2 22 32 30 7 4 23 20 12 31 18
391 1 15 9 8 26 10 24 11 28 6 25 19 29 27 5 13 16 3 14 17 21 2 22 32 30 7 4 23 20 12 31 18
392 1 15 9 8 26 10 24 11 28 6 25 19 29 27 5 13 16 3 14 17 21 2 22 32 30 7 4 23 20 12 31 18
393 1 15 9 8 26 10 24 11 28 6 25 19 29 27 5 13 16 3 14 17 21 2 22 32 30 7 4 23 20 12 31 18
394 1 15 9 8 26 10 24 11 28 6 25 19 29 27 5 13 16 3 14 17 21 2 22 32 30 7 4 23 20 12 31 18
395 1 15 9 8 26 10 24 11 28 6 25 19 29 27 5 13 16 3 14 17 21 2 22 32 30 7 4 23 20 12 31 18
396 1 15 9 8 26 10 24 11 28 6 25 19 29 27 5 13 16 3 14 17 21 2 22 32 30 7 4 23 20 12 31 18
397 1 15 9 8 26 10 24 11 28 6 25 19 29 27 5 13 16 3 14 17 21 2 22 32 30 7 4 23 20 12 31 18
398 1 15 9 8 26 10 24 11 28 6 25 19 29 27 5 13 16 3 14 17 21 2 22 32 30 7 4 23 20 12 31 18
399 1 15 9 8 26 10 24 11 28 6 25 19 29 27 5 13 16 3 14 17 21 2 22 32 30 7 4 23 20 12 31 18
400 1 15 9 8 26 10 24 11 28 6 25 19 29 27 5 13 16 3 14 17 21 2 22 32 30 7 4 23 20 12 31 18
401 1 15 9 8 26 10 24 11 28 6 25 19 29 27 5 13 16 3 14 17 21 2 22 32 30 7 4 23 20 12 31 18
402 1 15 9 8 26 10 24 11 28 6 25 19 29 27 5 13 16 3 14 17 21 2 22 32 30 7 4 23 20 12 31 18
403 1 15 9 8 26 10 24 11 28 6 25 19 29 27 5 13 16 3 14 17 21 2 22 32 30 7 4 23 20 12 31 18
404 1 15 9 8 26 10 24 11 28 6 25 19 29 27 5 13 16 3 14 17 21 2 22 32 30 7 4 23 20 12 31 18
405 1 15 9 8 26 10 24 11 28 6 25 19 29 27 5 13 16 3 14 17 21 2 22 32 30 7 4 23 20 12 31 18
406 1 15 9 8 26 10 24 11 28 6 25 19 29 27 5 13 16 3 14 17 21 2 22 32 30 7 4 23 20 12 31 18
407 1 15 9 8 26 10 24 11 28 6 25 19 29 27 5 13 16 3 14 17 21 2 22 32 30 7 4 23 20 12 31 18
408 1 15 9 8 26 10 24 11 28 6 25 19 29 27 5 13 16 3 14 17 21 2 22 32 30 7 4 23 20 12 31 18
409 1 15 9 8 26 10 24 11 28 6 25 19 29 27 5 13 16 3 14 17 21 2 22 32 30 7 4 23 20 12 31 18
410 1 15 9 8 26 10 24 11 28 6 25 19 29 27 5 13 16 3 14 17 21 2 22 32 30 7 4 23 20 12 31 18
411 1 15 9 8 26 10 24 11 28 6 25 19 29 27 5 13 16 3 14 17 21 2 22 32 30 7 4 23 20 12 31 18
412 1 15 9 8 26 10 24 11 28 6 25 19 29 27 5 13 16 3 14 17 21 2 22 32 30 7 4 23 20 12 31 18
413 1 15 9 8 26 10 24 11 28 6 25 19 29 27 5 13 16 3 14 17 21 2 22 32 30 7 4 23 20 12 31 18
414 1 15 9 8 26 10 24 11 28 6 25 19 29 27 5 13 16 3 14 17 21 2 22 32 30 7 4 23 20 12 31 18
415 1 15 9 8 26 10 24 11 28 6 25 19 29 27 5 13 16 3 14 17 21 2 22 32 30 7 4 23 20 12 31 18
416 1 15 9 8 26 10 24 11 28 6 25 19 29 27 5 13 16 3 14 17 21 2 22 32 30 7 4 23 20 12 31 18
417 1 15 9 8 26 10 24 11 28 6 25 19 29 27 5 13 16 3 14 17 21 2 22 32 30 7 4 23 20 12 31 18
418 1 15 9 8 26 10 24 11 28 6 25 19 29 27 5 13 16 3 14 17 21 2 22 32 30 7 4 23 20 12 31 18
419 1 15 9 8 26 10 24 11 28 6 25 19 29 27 5 13 16 3 14 17 21 2 22 32 30 7 4 23 20 12 31 18
420 1 15 9 8 26 10 24 11 28 6 25 19 29 27 5 13 16 3 14 17 21 2 22 32 30 7 4 23 20 12 31 18
421 1 15 9 8 26 10 24 11 28 6 25 19 29 27 5 13 16 3 14 17 21 2 22 32 30 7 4 23 20 12 31 18
422 1 15 9 8 26 10 24 11 28 6 25 19 29 27 5 13 16 3 14 17 21 2 22 32 30 7 4 23 20 12 31 18
423 1 15 9 8 26 10 24 11 28 6 25 19 29 27 5 13 16 3 14 17 21 2 22 32 30 7 4 23 20 12 31 18
424 1 15 9 8 26 10 24 11 28 6 25 19 29 27 5 13 16 3 14 17 21 2 22 32 30 7 4 23 20 12 31 18
425 1 15 9 8 26 10 24 11 28 6 25 19 29 27 5 13 16 3 14 17 21 2 22 32 30 7 4 23 20 12 31 18
426 1 15 9 8 26 10 24 11 28 6 25 19 29 27 5 13 16 3 14 17 21 2 22 32 30 7 4 23 20 12 31 18
427 1 15 9 8 26 10 24 11 28 6 25 19 29 27 5 13 16 3 14 17 21 2 22 32 30 7 4 23 20 12 31 18
428 1 15 9 8 26 10 24 11 28 6 25 19 29 27 5 13 16 3 14 17 21 2 22 32 30 7 4 23 20 12 31 18
429 1 15 9 8 26 10 24 11 28 6 25 19 29 27 5 13 16 3 14 17 21 2 22 32 30 7 4 23 20 12 31 18
430 1 15 9 8 26 10 24 11 28 6 25 19 29 27 5 13 16 3 14 17 21 2 22 32 30 7 4 23 20 12 31 18
431 1 15 9 8 26 10 24 11 28 6 25 19 29 27 5 13 16 3 14 17 21 2 22 32 30 7 4 23 20 12 31 18
432 1 15 9 8 26 10 24 11 28 6 25 19 29 27 5 13 16 3 14 17 21 2 22 32 30 7 4 23 20 12 31 18
433 1 15 9 8 26 10 24 11 28 6 25 19 29 27 5 13 16 3 14 17 21 2 22 32 30 7 4 23 20 12 31 18
434 1 15 9 8 26 10 24 11 28 6 25 19 29 27 5 13 16 3 14 17 21 2 22 32 30 7 4 23 20 12 31 18
435 1 15 9 8 26 10 24 11 28 6 25 19 29 27 5 13 16 3 14 17 21 2 22 32 30 7 4 23 20 12 31 18
436 1 15 9 8 26 10 24 11 28 6 25 19 29 27 5 13 16 3 14 17 21 2 22 32 30 7 4 23 20 12 31 18
437 1 15 9 8 26 10 24 11 28 6 25 19 29 27 5 13 16 3 14 17 21 2 22 32 30 7 4 23 20 12 31 18
438 1 15 9 8 26 10 24 11 28 6 25 19 29 27 5 13 16 3 14 17 21 2 22 32 30 7 4 23 20 12 31 18
439 1 15 9 8 26 10 24 11 28 6 25 19 29 27 5 13 16 3 14 17 21 2 22 32 30 7 4 23 20 12 31 18
440 1 15 9 8 26 10 24 11 28 6 25 19 29 27 5 13 16 3 14 17 21 2 22 32 30 7 4 23 20 12 31 18
441 1 15 9 8 26 10 24 11 28 6 25 19 29 27 5 13 16 3 14 17 21 2 22 32 30 7 4 23 20 12 31 18
442 1 15 9 8 26 10 24 11 28 6 25 19 29 27 5 13 16 3 14 17 21 2 22 32 30 7 4 23 20 12 31 18
443 1 15 9 8 26 10 24 11 28 6 25 19 29 27 5 13 16 3 14 17 21 2 22 32 30 7 4 23 20 12 31 18
444 1 15 9 8 26 10 24 11 28 6 25 19 29 27 5 13 16 3 14 17 21 2 22 32 30 7 4 23 20 12 31 18
445 1 15 9 8 26 10 24 11 28 6 25 19 29 27 5 13 16 3 14 17 21 2 22 32 30 7 4 23 20 12 31 18
446 1 15 9 8 26 10 24 11 28 6 25 19 29 27 5 13 16 3 14 17 21 2 22 32 30 7 4 23 20 12 31 18
447 1 15 9 8 26 10 24 11 28 6 25 19 29 27 5 13 16 3 14 17 21 2 22 32 30 7 4 23 20 12 31 18
448 1 15 9 8 26 10 24 11 28 6 25 19 29 27 5 13 16 3 14 17 21 2 22 32 30 7 4 23 20 12 31 18
449 1 15 9 8 26 10 24 11 28 6 25 19 29 27 5 13 16 3 14 17 21 2 22 32 30 7 4 23 20 12 31 18
450 1 12 15 9 8 26 10 24 11 28 6 25 19 29 27 5 13 16 3 14 17 21 2 22 32 30 7 4 23 20 31 18
451 1 12 15 9 8 26 10 24 11 28 6 25 19 29 27 5 13 16 3 14 17 21 2 22 32 30 7 4 23 20 31 18
452 1 12 15 9 8 26 10 24 11 28 6 25 19 29 27 5 13 16 3 14 17 21 2 22 32 30 7 4 23 20 31 18
453 1 12 15 9 8 26 10 24 11 28 6 25 19 29 27 5 13 16 3 14 17 21 2 22 32 30 7 4 23 20 31 18
454 1 12 15 9 8 26 10 24 11 28 6 25 19 29 27 5 13 16 3 14 17 21 2 22 32 30 7 4 23 20 31 18
455 1 12 15 9 8 26 10 24 11 28 6 25 19 29 27 5 13 16 3 14 17 21 2 22 32 30 7 4 23 20 31 18
456 1 12 15 9 8 26 10 24 11 28 6 25 19 29 27 5 13 16 3 14 17 21 2 22 32 30 7 4 23 20 31 18
457 1 12 15 9 8 26 10 24 11 28 6 25 19 29 27 5 13 16 3 14 17 21 2 22 32 30 7 4 23 20 31 18
458 1 12 15 9 8 26 10 24 11 28 6 25 19 29 27 5 13 16 3 14 17 21 2 22 32 30 7 4 23 20 31 18
459 1 12 15 9 8 26 10 24 11 28 6 25 19 29 27 5 13 16 3 14 17 21 2 22 32 30 7 4 23 20 31 18
460 1 12 15 9 8 26 10 24 11 28 6 25 19 29 27 5 13 16 3 14 17 21 2 22 32 30 7 4 23 20 31 18
461 1 12 15 9 8 26 10 24 11 28 6 25 19 29 27 5 13 16 3 14 17 21 2 22 32 30 7 4 23 20 31 18
462 1 12 15 9 8 26 10 24 11 28 6 25 19 29 27 5 13 16 3 14 17 21 2 22 32 30 7 4 23 20 31 18
463 1 12 15 9 8 26 10 24 11 28 6 25 19 29 27 5 13 16 3 14 17 21 2 22 32 30 7 4 23 20 31 18
464 1 12 15 9 8 26 10 24 11 28 6 25 19 29 27 5 13 16 3 14 17 21 2 22 32 30 7 4 23 20 31 18
465 1 12 15 9 8 26 10 24 11 28 6 25 19 29 27 5 13 16 3 14 17 21 2 22 32 30 7 4 23 20 31 18
466 1 12 15 9 8 26 10 24 11 28 6 25 19 29 27 5 13 16 3 14 17 21 2 22 32 30 7 4 23 20 31 18
467 1 12 15 9 8 26 10 24 11 28 6 25 19 29 27 5 13 16 3 14 17 21 2 22 32 30 7 4 23 20 31 18
468 1 12 15 9 8 26 10 24 11 28 6 25 19 29 27 5 13 16 3 14 17 21 2 22 32 30 7 4 23 20 31 18
469 1 12 15 9 8 26 10 24 11 28 6 25 19 29 27 5 13 16 3 14 17 21 2 22 32 30 7 4 23 20 31 18
470 1 12 15 9 8 26 10 24 11 28 6 25 19 29 27 5 13 16 3 14 17 21 2 22 32 30 7 4 23 20 31 18
471 1 12 15 9 8 26 10 24 11 28 6 25 19 29 27 5 13 16 3 14 17 21 2 22 32 30 7 4 23 20 31 18
472 1 12 15 9 8 26 10 24 11 28 6 25 19 29 27 5 13 16 3 14 17 21 2 22 32 30 7 4 23 20 31 18
473 1 12 15 9 8 26 10 24 11 28 6 25 19 29 27 5 13 16 3 14 17 21 2 22 32 30 7 4 23 20 31 18
474 1 12 15 9 8 26 10 24 11 28 6 25 19 29 27 5 13 16 3 14 17 21 2 22 32 30 7 4 23 20 31 18
475 1 12 15 9 8 26 10 24 11 28 6 25 19 29 27 5 13 16 3 14 17 21 2 22 32 30 7 4 23 20 31 18
476 1 12 15 9 8 26 10 24 11 28 6 25 19 29 27 5 13 16 3 14 17 21 2 22 32 30 7 4 23 20 31 18
477 1 12 15 9 8 26 10 24 11 28 6 25 19 29 27 5 13 16 3 14 17 21 2 22 32 30 7 4 23 20 31 18
478 1 12 15 9 8 26 10 24 11 28 6 25 19 29 27 5 13 16 3 14 17 21 2 22 32 30 7 4 23 20 31 18
479 1 12 15 9 8 26 10 24 11 28 6 25 19 29 27 5 13 16 3 14 17 21 2 22 32 30 7 4 23 20 31 18
480 1 12 15 9 8 26 10 24 11 28 6 25 19 29 27 5 13 16 3 14 17 21 2 22 32 30 7 4 23 20 31 18
481 1 12 15 9 8 26 10 24 11 28 6 25 19 29 27 5 13 16 3 14 17 21 2 22 32 30 7 4 23 20 31 18
482 1 12 15 9 8 26 10 24 11 28 6 25 19 29 27 5 13 16 3 14 17 21 2 22 32 30 7 4 23 20 31 18
483 1 12 15 9 8 26 10 24 11 28 6 25 19 29 27 5 13 16 3 14 17 21 2 22 32 30 7 4 23 20 31 18
484 1 12 15 9 8 26 10 24 11 28 6 25 19 29 27 5 13 16 3 14 17 21 2 22 32 30 7 4 23 20 31 18
485 1 12 15 9 8 26 10 24 11 28 6 25 19 29 27 5 13 16 3 14 17 21 2 22 32 30 7 4 23 20 31 18
486 1 12 15 9 8 26 10 24 11 28 6 25 19 29 27 5 13 16 3 14 17 21 2 22 32 30 7 4 23 20 31 18
487 1 12 15 9 8 26 10 24 11 28 6 25 19 29 27 5 13 16 3 14 17 21 2 22 32 30 7 4 23 20 31 18
488 1 12 15 9 8 26 10 24 11 28 6 25 19 29 27 5 13 16 3 14 17 21 2 22 32 30 7 4 23 20 31 18
489 1 12 15 9 8 26 10 24 11 28 6 25 19 29 27 5 13 16 3 14 17 21 2 22 32 30 7 4 23 20 31 18
490 1 12 15 9 8 26 10 24 11 28 6 25 19 29 27 5 13 16 3 14 17 21 2 22 32 30 7 4 23 20 31 18
491 1 12 15 9 8 26 10 24 11 28 6 25 19 29 27 5 13 16 3 14 17 21 2 22 32 30 7 4 23 20 31 18
492 1 12 15 9 8 26 10 24 11 28 6 25 19 29 27 5 13 16 3 14 17 21 2 22 32 30 7 4 23 20 31 18
493 1 12 15 9 8 26 10 24 11 28 6 25 19 29 27 5 13 16 3 14 17 21 2 22 32 30 7 4 23 20 31 18
494 1 12 15 9 8 26 10 24 11 28 6 25 19 29 27 5 13 16 3 14 17 21 2 22 32 30 7 4 23 20 31 18
495 1 12 15 9 8 26 10 24 11 28 6 25 19 29 27 5 13 16 3 14 17 21 2 22 32 30 7 4 23 20 31 18
496 1 12 15 9 8 26 10 24 11 28 6 25 19 29 27 5 13 16 3 14 17 21 2 22 32 30 7 4 23 20 31 18
497 1 12 15 9 8 26 10 24 11 28 6 25 19 29 27 5 13 16 3 14 17 21 2 22 32 30 7 4 23 20 31 18
498 1 12 15 9 8 26 10 24 11 28 6 25 19 29 27 5 13 16 3 14 17 21 2 22 32 30 7 4 23 20 31 18
499 1 12 15 9 8 26 10 24 11 28 6 25 19 29 27 5 13 16 3 14 17 21 2 22 32 30 7 4 23 20 31 18
500 1 12 15 9 8 26 10 24 11 28 6 25 19 29 27 5 13 16 3 14 17 21 2 22 32 30 7 4 23 20 31 18
501 1 12 15 9 8 26 10 24 11 28 6 25 19 29 27 5 13 16 3 14 17 21 2 22 32 30 7 4 23 20 31 18
502 1 12 15 9 8 26 10 24 11 28 6 25 19 29 27 5 13 16 3 14 17 21 2 22 32 30 7 4 23 20 31 18
503 1 12 15 9 8 26 10 24 11 28 6 25 19 29 27 5 13 16 3 14 17 21 2 22 32 30 7 4 23 20 31 18
504 1 12 15 9 8 26 10 24 11 28 6 25 19 29 27 5 13 16 3 14 17 21 2 22 32 30 7 4 23 20 31 18
505 1 12 15 9 8 26 10 24 11 28 6 25 19 29 27 5 13 16 3 14 17 21 2 22 32 30 7 4 23 20 31 18
506 1 12 15 9 8 26 10 24 11 28 6 25 19 29 27 5 13 16 3 14 17 21 2 22 32 30 7 4 23 20 31 18
507 1 12 15 9 8 26 10 24 11 28 6 25 19 29 27 5 13 16 3 14 17 21 2 22 32 30 7 4 23 20 31 18
508 1 12 15 9 8 26 10 24 11 28 6 25 19 29 27 5 13 16 3 14 17 21 2 22 32 30 7 4 23 20 31 18
509 1 12 15 9 8 26 10 24 11 28 6 25 19 29 27 5 13 16 3 14 17 21 2 22 32 30 7 4 23 20 31 18
510 1 12 15 9 8 26 10 24 11 28 6 25 19 29 27 5 13 16 3 14 17 21 2 22 32 30 7 4 23 20 31 18
511 1 12 15 9 8 26 10 24 11 28 6 25 19 29 27 5 13 16 3 14 17 21 2 22 32 30 7 4 23 20 31 18
512 1 12 15 9 8 26 10 24 11 28 6 25 19 29 27 5 13 16 3 14 17 21 2 22 32 30 7 4 23 20 31 18
513 1 12 15 9 8 26 10 24 11 28 6 25 19 29 27 5 13 16 3 14 17 21 2 22 32 30 7 4 23 20 31 18
514 1 12 15 9 8 26 10 24 11 28 6 25 19 29 27 5 13 16 3 14 17 21 2 22 32 30 7 4 23 20 31 18
515 1 12 15 9 8 26 10 24 11 28 6 25 19 29 27 5 13 16 3 14 17 21 2 22 32 30 7 4 23 20 31 18
516 1 12 15 9 8 26 10 24 11 28 6 25 19 29 27 5 13 16 3 14 17 21 2 22 32 30 7 4 23 20 31 18
517 1 12 15 9 8 26 10 24 11 28 6 25 19 29 27 5 13 16 3 14 17 21 2 22 32 30 7 4 23 20 31 18
518 1 12 15 9 8 26 10 24 11 28 6 25 19 29 27 5 13 16 3 14 17 21 2 22 32 30 7 4 23 20 31 18
519 1 12 15 9 8 26 10 24 11 28 6 25 19 29 27 5 13 16 3 14 17 21 2 22 32 30 7 4 23 20 31 18
520 1 12 15 9 8 26 10 24 11 28 6 25 19 29 27 5 13 16 3 14 17 21 2 22 32 30 7 4 23 20 31 18
521 1 12 15 9 8 26 10 24 11 28 6 25 19 29 27 5 13 16 3 14 17 21 2 22 32 30 7 4 23 20 31 18
522 1 12 15 9 8 26 10 24 11 28 6 25 19 29 27 5 13 16 3 14 17 21 2 22 32 30 7 4 23 20 31 18
523 1 12 15 9 8 26 10 24 11 28 6 25 19 29 27 5 13 16 3 14 17 21 2 22 32 30 7 4 23 20 31 18
524 1 12 15 9 8 26 10 24 11 28 6 25 19 29 27 5 13 16 3 14 17 21 2 22 32 30 7 4 23 20 31 18
525 1 12 15 9 8 26 10 24 11 28 6 25 19 29 27 5 13 16 3 14 17 21 2 22 32 30 7 4 23 20 31 18
526 1 12 15 9 8 26 10 24 11 28 6 25 19 29 27 5 13 16 3 14 17 21 2 22 32 30 7 4 23 20 31 18
527 1 12 15 9 8 26 10 24 11 28 6 25 19 29 27 5 13 16 3 14 17 21 2 22 32 30 7 4 23 20 31 18
528 1 12 15 9 8 26 10 24 11 28 6 25 19 29 27 5 13 16 3 14 17 21 2 22 32 30 7 4 23 20 31 18
529 1 12 15 9 8 26 10 24 11 28 6 25 19 29 27 5 13 16 3 14 17 21 2 22 32 30 7 4 23 20 31 18
530 1 12 15 9 8 26 10 24 11 28 6 25 19 29 27 5 13 16 3 14 17 21 2 22 32 30 7 4 23 20 31 18
531 1 12 15 9 8 26 10 24 11 28 6 25 19 29 27 5 13 16 3 14 17 21 2 22 32 30 7 4 23 20 31 18
532 1 12 15 9 8 26 10 24 11 28 6 25 19 29 27 5 13 16 3 14 17 21 2 22 32 30 7 4 23 20 31 18
533 1 12 15 9 8 26 10 24 11 28 6 25 19 29 27 5 13 16 3 14 17 21 2 22 32 30 7 4 23 20 31 18
534 1 12 15 9 8 26 10 24 11 28 6 25 19 29 27 5 13 16 3 14 17 21 2 22 32 30 7 4 23 20 31 18
535 1 12 15 9 8 26 10 24 11 28 6 25 19 29 27 5 13 16 3 14 17 21 2 22 32 30 7 4 23 20 31 18
536 1 12 15 9 8 26 10 24 11 28 6 25 19 29 27 5 13 16 3 14 17 21 2 22 32 30 7 4 23 20 31 18
537 1 12 15 9 8 26 10 24 11 28 6 25 19 29 27 5 13 16 3 14 17 21 2 22 32 30 7 4 23 20 31 18
538 1 12 15 9 8 26 10 24 11 28 6 25 19 29 27 5 13 16 3 14 17 21 2 22 32 30 7 4 23 20 31 18
539 1 12 15 9 8 26 10 24 11 28 6 25 19 29 27 5 13 16 3 14 17 21 2 22 32 30 7 4 23 20 31 18
540 1 12 15 9 8 26 10 24 11 28 6 25 19 29 27 5 13 16 3 14 17 21 2 22 32 30 7 4 23 20 31 18
541 1 12 15 9 8 26 10 24 11 28 6 25 19 29 27 5 13 16 3 14 17 21 2 22 32 30 7 4 23 20 31 18
542 1 12 15 9 8 26 10 24 11 28 6 25 19 29 27 5 13 16 3 14 17 21 2 22 32 30 7 4 23 20 31 18
543 1 12 15 9 8 26 10 24 11 28 6 25 19 29 27 5 13 16 3 14 17 21 2 22 32 30 7 4 23 20 31 18
544 1 12 15 9 8 26 10 24 11 28 6 25 19 29 27 5 13 16 3 14 17 21 2 22 32 30 7 4 23 20 31 18
545 1 12 15 9 8 26 10 24 11 28 6 25 19 29 27 5 13 16 3 14 17 21 2 22 32 30 7 4 23 20 31 18
546 1 12 15 9 8 26 10 24 11 28 6 25 19 29 27 5 13 16 3 14 17 21 2 22 32 30 7 4 23 20 31 18
547 1 12 15 9 8 26 10 24 11 28 6 25 19 29 27 5 13 16 3 14 17 21 2 22 32 30 7 4 23 20 31 18
548 1 12 15 9 8 26 10 24 11 28 6 25 19 29 27 5 13 16 3 14 17 21 2 22 32 30 7 4 23 20 31 18
549 1 12 15 9 8 26 10 24 11 28 6 25 19 29 27 5 13 16 3 14 17 21 2 22 32 30 7 4 23 20 31 18
550 1 12 15 9 8 26 10 24 11 28 6 25 19 29 27 5 13 16 3 14 17 21 2 22 32 30 7 4 23 20 31 18
551 1 12 15 9 8 26 10 24 11 28 6 25 19 29 27 5 13 16 3 14 17 21 2 22 32 30 7 4 23 20 31 18
552 1 12 15 9 8 26 10 24 11 28 6 25 19 29 27 5 13 16 3 14 17 21 2 22 32 30 7 4 23 20 31 18
553 1 12 15 9 8 26 10 24 11 28 6 25 19 29 27 5 13 16 3 14 17 21 2 22 32 30 7 4 23 20 31 18
554 1 12 15 9 8 26 10 24 11 28 6 25 19 29 27 5 13 16 3 14 17 21 2 22 32 30 7 4 23 20 31 18
555 1 12 15 9 8 26 10 24 11 28 6 25 19 29 27 5 13 16 3 14 17 21 2 22 32 30 7 4 23 20 31 18
556 1 12 15 9 8 26 10 24 11 28 6 25 19 29 27 5 13 16 3 14 17 21 2 22 32 30 7 4 23 20 31 18
557 1 12 15 9 8 26 10 24 11 28 6 25 19 29 27 5 13 16 3 14 17 21 2 22 32 30 7 4 23 20 31 18
558 1 12 15 9 8 26 10 24 11 28 6 25 19 29 27 5 13 16 3 14 17 21 2 22 32 30 7 4 23 20 31 18
559 1 12 15 9 8 26 10 24 11 28 6 25 19 29 27 5 13 16 3 14 17 21 2 22 32 30 7 4 23 20 31 18
560 1 12 15 9 8 26 10 24 11 28 6 25 19 29 27 5 13 16 3 14 17 21 2 22 32 30 7 4 23 20 31 18
561 1 12 15 9 8 26 10 24 11 28 6 25 19 29 27 5 13 16 3 14 17 21 2 22 32 30 7 4 23 20 31 18
562 1 12 15 9 8 26 10 24 11 28 6 25 19 29 27 5 13 16 3 14 17 21 2 22 32 30 7 4 23 20 31 18
563 1 12 15 9 8 26 10 24 11 28 6 25 19 29 27 5 13 16 3 14 17 21 2 22 32 30 7 4 23 20 31 18
564 1 12 15 9 8 26 10 24 11 28 6 25 19 29 27 5 13 16 3 14 17 21 2 22 32 30 7 4 23 20 31 18
565 1 12 15 9 8 26 10 24 11 28 6 25 19 29 27 5 13 16 3 14 17 21 2 22 32 30 7 4 23 20 31 18
566 1 12 15 9 8 26 10 24 11 28 6 25 19 29 27 5 13 16 3 14 17 21 2 22 32 30 7 4 23 20 31 18
567 1 12 15 9 8 26 10 24 11 28 6 25 19 29 27 5 13 16 3 14 17 21 2 22 32 30 7 4 23 20 31 18
568 1 12 15 9 8 26 10 24 11 28 6 25 19 29 27 5 13 16 3 14 17 21 2 22 32 30 7 4 23 20 31 18
569 1 12 15 9 8 26 10 24 11 28 6 25 19 29 27 5 13 16 3 14 17 21 2 22 32 30 7 4 23 20 31 18
570 1 12 15 9 8 26 10 24 11 28 6 25 19 29 27 5 13 16 3 14 17 21 2 22 32 30 7 4 23 20 31 18
571 1 12 15 9 8 26 10 24 11 28 6 25 19 29 27 5 13 16 3 14 17 21 2 22 32 30 7 4 23 20 31 18
572 1 12 15 9 8 26 10 24 11 28 6 25 19 29 27 5 13 16 3 14 17 21 2 22 32 30 7 4 23 20 31 18
573 1 12 15 9 8 26 10 24 11 28 6 25 19 29 27 5 13 16 3 14 17 21 2 22 32 30 7 4 23 20 31 18
574 1 12 15 9 8 26 10 24 11 28 6 25 19 29 27 5 13 16 3 14 17 21 2 22 32 30 7 4 23 20 31 18
575 1 12 15 9 8 26 10 24 11 28 6 25 19 29 27 5 13 16 3 14 17 21 2 22 32 30 7 4 23 20 31 18
576 1 12 15 9 8 26 10 24 11 28 6 25 19 29 27 5 13 16 3 14 17 21 2 22 32 30 7 4 23 20 31 18
577 1 12 15 9 8 26 10 24 11 28 6 25 19 29 27 5 13 16 3 14 17 21 2 22 32 30 7 4 23 20 31 18
578 1 12 15 9 8 26 10 24 11 28 6 25 19 29 27 5 13 16 3 14 17 21 2 22 32 30 7 4 23 20 31 18
579 1 12 15 9 8 26 10 24 11 28 6 25 19 29 27 5 13 16 3 14 17 21 2 22 32 30 7 4 23 20 31 18
580 1 12 15 9 8 26 10 24 11 28 6 25 19 29 27 5 13 16 3 14 17 21 2 22 32 30 7 4 23 20 31 18
581 1 12 15 9 8 26 10 24 11 28 6 25 19 29 27 5 13 16 3 14 17 21 2 22 32 30 7 4 23 20 31 18
582 1 12 15 9 8 26 10 24 11 28 6 25 19 29 27 5 13 16 3 14 17 21 2 22 32 30 7 4 23 20 31 18
583 1 12 15 9 8 26 10 24 11 28 6 25 19 29 27 5 13 16 3 14 17 21 2 22 32 30 7 4 23 20 31 18
584 1 12 15 9 8 26 10 24 11 28 6 25 19 29 27 5 13 16 3 14 17 21 2 22 32 30 7 4 23 20 31 18
585 1 12 15 9 8 26 10 24 11 28 6 25 19 29 27 5 13 16 3 14 17 21 2 22 32 30 7 4 23 20 31 18
586 1 12 15 9 8 26 10 24 11 28 6 25 19 29 27 5 13 16 3 14 17 21 2 22 32 30 7 4 23 20 31 18
587 1 12 15 9 8 26 10 24 11 28 6 25 19 29 27 5 13 16 3 14 17 21 2 22 32 30 7 4 23 20 31 18
588 1 12 15 9 8 26 10 24 11 28 6 25 19 29 27 5 13 16 3 14 17 21 2 22 32 30 7 4 23 20 31 18
589 1 12 15 9 8 26 10 24 11 28 6 25 19 29 27 5 13 16 3 14 17 21 2 22 32 30 7 4 23 20 31 18
590 1 12 15 9 8 26 10 24 11 28 6 25 19 29 27 5 13 16 3 14 17 21 2 22 32 30 7 4 23 20 31 18
591 1 12 15 9 8 26 10 24 11 28 6 25 19 29 27 5 13 16 3 14 17 21 2 22 32 30 7 4 23 20 31 18
592 1 12 15 9 8 26 10 24 11 28 6 25 19 29 27 5 13 16 3 14 17 21 2 22 32 30 7 4 23 20 31 18
593 1 12 15 9 8 26 10 24 11 28 6 25 19 29 27 5 13 16 3 14 17 21 2 22 32 30 7 4 23 20 31 18
594 1 12 15 9 8 26 10 24 11 28 6 25 19 29 27 5 13 16 3 14 17 21 2 22 32 30 7 4 23 20 31 18
595 1 12 15 9 8 26 10 24 11 28 6 25 19 29 27 5 13 16 3 14 17 21 2 22 32 30 7 4 23 20 31 18
596 1 12 15 9 8 26 10 24 11 28 6 25 19 29 27 5 13 16 3 14 17 21 2 22 32 30 7 4 23 20 31 18
597 1 12 15 9 8 26 10 24 11 28 6 25 19 29 27 5 13 16 3 14 17 21 2 22 32 30 7 4 23 20 31 18
598 1 12 15 9 8 26 10 24 11 28 6 25 19 29 27 5 13 16 3 14 17 21 2 22 32 30 7 4 23 20 31 18
599 1 12 15 9 8 26 10 24 11 28 6 25 19 29 27 5 13 16 3 14 17 21 2 22 32 30 7 4 23 20 31 18
600 1 12 15 9 8 26 10 24 11 28 6 25 19 29 27 5 13 16 3 14 17 21 2 22 32 30 7 4 23 20 31 18
