1 1 24 29 19 25 21 32 15 20 5 6 28 27 7 4 18 26 11 16 13 14 23 22 3 12 2 17 10 9 8 30 31
2 1 24 29 19 25 21 32 15 20 5 6 28 27 7 4 18 26 11 16 13 14 23 22 17 2 3 30 31 9 10 8 12
3 1 24 29 19 25 21 32 15 20 5 6 28 27 7 4 18 26 11 16 13 14 23 22 17 2 3 30 31 9 10 8 12
4 1 24 29 19 25 21 32 15 20 30 3 2 17 22 23 14 13 16 11 26 18 4 7 27 28 6 5 31 9 10 8 12
5 1 24 29 19 25 21 32 15 20 30 3 2 17 22 23 14 13 16 11 26 18 4 7 27 28 6 5 8 9 10 31 12
6 1 24 29 19 25 21 32 15 20 30 3 2 17 22 23 14 13 16 11 26 18 4 7 27 5 6 28 10 8 9 31 12
7 1 24 29 19 25 21 32 15 20 30 3 2 17 22 23 14 13 16 8 9 18 4 7 27 5 6 28 10 11 26 31 12
8 1 24 29 19 25 21 32 15 20 30 3 2 17 22 23 14 13 16 8 9 18 4 7 27 5 6 28 10 11 26 31 12
9 1 24 29 19 25 21 32 15 20 30 3 2 17 22 23 14 13 16 11 26 12 4 7 27 5 6 28 10 8 9 31 18
10 1 24 29 19 2 21 32 15 20 30 3 25 17 22 23 14 13 16 11 26 12 4 7 27 5 6 28 10 8 9 31 18
11 1 24 29 19 25 21 32 15 20 30 2 3 17 22 23 14 13 16 11 26 12 4 7 27 5 6 28 10 8 9 31 18
12 1 24 29 19 25 21 32 15 20 30 2 3 17 22 23 14 13 16 11 26 12 4 7 27 5 6 28 10 8 9 18 31
13 1 24 29 19 25 21 32 7 20 30 2 3 17 22 23 14 13 16 28 6 5 27 15 4 12 26 11 10 8 9 18 31
14 1 24 29 19 25 21 32 7 20 30 2 3 17 22 23 14 13 16 28 6 5 27 15 4 12 26 11 10 8 9 18 31
15 1 24 29 19 25 21 32 7 20 30 2 3 17 22 23 14 13 16 28 6 5 27 15 4 9 8 10 11 26 12 18 31
16 1 24 29 19 25 21 32 15 20 30 2 3 17 22 7 23 4 27 5 6 28 16 13 14 9 8 10 11 26 12 18 31
17 1 24 29 19 25 21 32 15 20 30 2 3 17 22 7 23 4 27 5 6 28 16 13 14 9 8 10 11 26 12 18 31
18 1 24 29 19 25 21 32 15 20 30 4 23 7 22 17 3 2 27 5 6 28 16 13 14 9 8 11 10 26 12 18 31
19 1 24 29 19 25 21 32 15 20 30 4 23 7 22 17 13 16 28 6 5 27 2 3 14 9 8 11 10 26 12 18 31
20 1 24 29 19 25 21 32 7 20 30 2 3 15 4 23 22 17 27 5 6 28 16 13 14 9 8 11 10 26 12 18 31
21 1 24 3 2 17 22 7 23 4 30 20 15 32 21 25 19 29 27 5 6 28 16 13 14 9 8 10 11 26 12 18 31
22 1 24 3 2 17 22 7 23 4 30 20 15 32 21 25 19 29 27 5 6 28 16 13 14 9 8 11 10 26 12 18 31
23 1 24 3 2 17 22 7 23 4 30 20 15 32 21 25 19 29 27 5 6 28 16 13 14 9 8 11 10 26 12 18 31
24 1 24 3 2 17 22 7 23 4 30 20 15 32 21 25 19 29 27 5 6 28 16 13 14 9 8 11 10 26 12 18 31
25 1 24 3 2 17 22 7 23 4 30 20 15 32 21 25 19 29 27 5 6 28 16 13 14 9 8 11 10 26 12 18 31
26 1 24 3 2 17 22 7 23 4 30 20 15 32 21 25 19 29 27 5 6 28 16 13 14 9 8 11 10 26 12 18 31
27 1 24 3 2 32 15 20 30 4 23 7 22 17 21 25 19 29 27 5 6 28 16 13 14 9 8 11 10 26 12 18 31
28 1 24 3 2 32 15 20 30 4 23 7 22 17 21 25 19 29 27 5 6 28 16 13 14 9 8 11 10 26 12 18 31
29 1 9 14 13 16 28 6 5 27 29 19 25 21 17 22 7 23 4 30 20 15 32 2 3 24 8 11 10 26 12 18 31
30 1 9 14 13 16 28 6 5 27 29 19 25 21 17 22 7 23 4 30 20 15 32 2 3 24 8 11 10 26 12 18 31
31 1 9 14 16 13 28 6 5 27 29 19 25 21 17 22 7 23 4 30 20 15 32 2 3 24 8 11 10 26 12 18 31
32 1 9 14 16 13 28 6 5 27 29 19 25 21 17 22 7 23 4 30 20 15 32 2 3 24 8 11 10 26 12 18 31
33 1 9 14 16 13 28 6 5 27 29 19 25 21 17 22 7 23 4 30 20 15 32 2 3 24 8 11 10 26 12 18 31
34 1 9 14 16 13 28 6 5 27 29 19 25 21 17 22 7 23 4 30 20 15 32 2 3 24 8 11 10 26 12 18 31
35 1 9 14 16 13 28 6 5 27 29 19 25 21 17 32 7 23 4 30 20 15 22 2 3 24 8 11 10 26 12 18 31
36 1 9 14 16 13 28 6 5 27 29 19 25 21 17 32 7 23 4 30 20 15 22 2 3 24 8 11 10 26 12 18 31
37 1 9 14 16 13 28 6 5 27 29 19 25 21 17 22 32 7 23 4 30 20 15 2 3 24 8 11 10 26 12 18 31
38 1 9 14 16 13 28 6 5 27 29 19 25 21 17 22 32 7 23 4 30 20 15 2 3 24 8 11 10 26 12 18 31
39 1 9 14 16 13 28 6 5 27 29 19 25 21 17 22 32 7 23 4 30 20 15 2 3 24 8 11 10 26 12 18 31
40 1 9 14 16 13 28 6 5 27 29 19 25 21 17 22 32 7 23 4 30 20 15 2 3 24 8 11 10 26 12 18 31
41 1 9 14 16 13 28 6 5 27 29 19 25 21 17 22 32 7 23 30 4 20 15 2 3 24 8 11 10 26 12 18 31
42 1 9 14 16 13 28 6 5 27 29 19 25 21 17 22 32 7 23 30 4 20 15 2 3 24 8 11 10 26 12 18 31
43 1 9 14 16 13 28 6 5 27 29 19 25 21 17 22 32 7 23 30 4 20 15 2 3 24 8 11 10 26 12 18 31
44 1 26 10 11 8 24 3 2 15 20 4 30 23 7 32 22 17 21 25 19 29 27 5 6 28 13 16 14 9 12 18 31
45 1 26 10 11 8 24 3 2 9 14 16 13 28 6 5 27 29 19 25 21 17 22 32 7 23 30 4 20 15 12 18 31
46 1 26 10 11 8 24 3 2 9 14 16 13 28 6 5 27 29 19 25 21 17 22 32 7 23 30 4 20 15 12 18 31
47 1 26 10 11 8 24 3 2 9 14 16 13 28 6 5 27 29 19 25 21 17 22 32 7 23 30 4 20 15 12 18 31
48 1 26 10 11 8 24 3 2 9 14 16 13 28 6 5 27 29 19 25 21 17 22 32 7 23 30 4 20 15 12 18 31
49 1 9 26 10 11 8 24 3 2 14 16 13 28 6 5 27 29 19 25 21 17 22 32 7 23 30 4 20 15 12 18 31
50 1 9 26 10 11 8 24 3 2 14 16 13 28 6 5 27 29 19 25 17 21 22 32 7 23 30 4 20 15 12 18 31
51 1 9 26 10 11 8 24 3 2 14 16 13 28 6 5 27 29 19 25 17 21 22 32 7 23 30 4 20 15 12 18 31
52 1 26 10 9 11 8 24 3 2 14 16 13 28 6 5 27 29 19 25 17 21 22 32 7 23 30 4 20 15 12 18 31
53 1 26 10 11 8 24 9 3 2 14 16 13 28 6 5 27 29 19 25 17 21 22 32 7 23 30 4 20 15 12 18 31
54 1 26 10 11 8 24 9 3 2 14 16 13 28 6 5 27 29 19 25 17 21 22 32 7 23 30 4 20 15 12 18 31
55 1 26 10 11 8 24 9 3 2 14 16 13 28 6 5 27 29 19 25 17 21 22 32 7 23 30 4 20 15 12 18 31
56 1 26 10 11 8 24 9 3 2 14 16 13 28 6 5 27 29 19 25 17 21 22 32 7 23 30 4 20 15 12 18 31
57 1 26 10 11 8 24 9 3 2 14 16 13 28 6 5 27 29 19 25 17 21 22 32 7 23 30 4 20 15 12 18 31
58 1 26 10 11 8 24 9 3 2 14 16 13 28 6 5 25 27 29 19 17 21 22 32 7 23 30 4 20 15 12 18 31
59 1 26 10 11 8 24 9 3 2 14 16 13 28 6 5 25 27 29 19 17 21 22 32 7 23 30 4 20 15 12 18 31
60 1 26 10 11 8 24 9 3 21 17 19 29 27 25 5 6 28 13 16 14 2 22 32 7 23 30 4 20 15 12 18 31
61 1 26 10 11 8 24 9 3 21 17 19 29 27 25 5 6 28 13 16 14 2 22 32 7 23 30 4 20 15 12 18 31
62 1 26 10 11 8 24 9 3 21 17 19 29 27 25 5 6 28 13 16 14 2 22 32 7 23 30 4 20 15 12 18 31
63 1 26 10 11 8 24 9 3 21 17 19 29 27 25 5 6 28 13 16 14 2 22 32 7 23 30 4 20 15 12 18 31
64 1 26 10 11 8 24 9 3 21 17 19 29 27 25 5 6 28 13 16 14 2 22 32 7 23 30 4 20 15 12 18 31
65 1 26 10 11 8 24 9 3 21 17 19 29 27 25 5 6 28 13 16 14 2 22 32 7 23 30 4 20 15 12 18 31
66 1 26 10 11 8 24 9 3 21 17 19 29 27 25 5 6 28 13 16 14 2 22 32 7 23 30 4 20 15 12 18 31
67 1 26 10 11 8 24 9 3 21 17 19 29 27 25 5 6 28 13 16 14 2 22 23 7 32 30 4 20 15 12 18 31
68 1 26 10 11 8 24 9 3 21 17 19 29 27 25 5 6 28 13 16 14 2 22 23 7 32 30 4 20 15 12 18 31
69 1 26 10 11 8 24 9 3 21 17 19 29 27 25 5 6 28 13 16 14 2 22 23 7 32 30 4 20 15 12 18 31
70 1 26 10 11 8 24 9 3 21 17 19 29 27 25 5 6 28 13 16 14 2 22 23 7 32 30 4 20 15 12 18 31
71 1 26 10 11 8 24 9 3 21 17 19 29 27 25 5 6 28 13 16 14 2 22 23 7 32 30 4 20 15 12 18 31
72 1 26 10 11 8 24 9 3 21 17 19 29 27 25 5 6 28 13 16 14 2 22 23 7 32 30 4 20 15 12 18 31
73 1 26 10 11 8 24 9 3 21 17 19 29 27 25 5 6 28 13 16 14 2 22 23 7 30 32 4 20 15 12 18 31
74 1 26 10 11 8 24 9 3 14 17 19 29 27 25 5 6 28 13 16 21 2 22 23 7 32 30 4 20 15 12 18 31
75 1 26 10 11 8 24 9 3 14 17 19 29 27 25 5 6 28 13 16 21 2 22 23 7 30 32 4 20 15 12 18 31
76 1 26 10 11 8 24 9 3 14 17 19 29 27 25 5 6 28 13 16 21 2 22 23 7 30 32 4 20 15 12 18 31
77 1 26 10 11 8 24 9 3 14 17 19 29 27 25 5 6 28 13 16 21 2 22 23 7 30 32 4 20 15 12 18 31
78 1 26 10 11 8 24 9 3 14 17 19 29 27 25 5 6 28 13 16 21 2 22 23 7 30 32 4 20 15 12 18 31
79 1 26 10 11 8 24 9 3 14 17 19 29 27 25 5 6 28 13 16 21 2 22 23 7 30 32 4 20 15 12 18 31
80 1 26 10 11 8 24 9 3 14 17 19 29 27 25 5 6 28 13 16 21 2 22 23 7 30 32 4 20 15 12 18 31
81 1 26 10 11 8 24 9 3 14 17 19 29 27 25 5 6 28 13 16 21 2 22 23 7 30 32 4 20 15 12 18 31
82 1 26 10 11 8 24 9 3 16 13 28 6 5 25 27 29 19 17 14 21 2 22 23 7 30 32 4 20 15 12 18 31
83 1 26 10 11 8 24 9 3 16 13 28 6 5 25 27 29 19 17 14 21 2 22 23 7 30 32 4 20 15 12 18 31
84 1 26 10 11 8 24 9 3 16 13 28 6 5 25 27 29 19 17 14 21 2 22 23 7 30 32 4 20 15 12 18 31
85 1 26 10 11 8 24 9 3 16 13 28 6 5 25 27 29 19 17 14 21 2 22 23 7 30 32 4 20 15 12 18 31
86 1 26 10 11 24 8 9 14 3 17 19 29 27 25 5 6 28 13 16 21 2 22 23 7 30 32 4 20 15 12 18 31
87 1 26 10 11 24 8 9 3 16 13 28 6 5 25 27 29 19 17 14 21 2 22 23 7 30 32 4 20 15 12 18 31
88 1 26 10 11 24 8 9 14 3 16 13 28 6 5 25 27 29 19 17 21 2 22 23 7 30 32 4 20 15 12 18 31
89 1 26 10 11 24 8 9 14 3 16 13 28 6 5 25 27 29 19 17 21 2 22 23 7 30 32 4 20 15 12 18 31
90 1 26 10 11 24 8 9 14 3 16 13 28 6 5 25 27 29 19 17 21 2 22 23 7 30 32 4 20 15 12 18 31
91 1 26 10 11 24 8 9 14 3 16 13 28 6 5 25 27 29 19 17 21 2 22 23 7 30 32 4 20 15 12 18 31
92 1 26 10 11 24 8 9 14 3 16 13 28 6 5 25 27 29 19 17 21 2 22 23 7 30 32 4 20 15 12 18 31
93 1 26 10 11 24 8 9 14 3 16 13 28 6 5 25 27 29 19 17 21 2 22 23 7 30 32 4 20 15 12 18 31
94 1 26 10 11 24 8 9 14 3 16 13 28 6 5 25 27 29 19 17 21 2 22 23 7 30 32 4 20 15 12 18 31
95 1 26 10 11 24 8 9 14 3 16 13 28 6 5 25 27 29 19 17 21 2 22 23 7 30 32 4 20 15 12 18 31
96 1 26 10 11 24 8 9 14 3 16 13 28 6 5 25 27 29 19 17 21 2 22 23 7 30 32 4 20 15 12 18 31
97 1 26 10 11 24 8 9 14 3 16 13 28 6 5 25 27 29 19 17 21 2 22 23 7 30 32 4 20 15 12 18 31
98 1 12 15 20 4 32 30 7 23 22 2 21 17 19 29 27 25 5 6 28 13 16 3 14 9 8 24 11 10 26 18 31
99 1 12 15 20 4 32 30 7 23 22 2 21 17 19 29 27 25 5 6 28 13 16 3 14 9 8 24 11 10 26 18 31
100 1 12 15 20 4 32 30 7 23 22 2 21 17 19 29 27 25 5 6 28 13 16 3 14 9 8 24 11 10 26 18 31
101 1 12 15 20 4 32 30 7 23 22 2 21 17 19 29 27 25 5 6 28 13 16 3 14 9 8 24 11 10 26 18 31
102 1 12 15 20 4 32 30 7 23 22 2 21 17 19 29 27 25 5 6 28 13 16 3 14 9 8 24 11 10 26 18 31
103 1 12 15 20 4 32 30 7 23 22 2 21 17 19 29 27 25 5 6 28 13 16 3 14 9 8 24 11 10 26 18 31
104 1 12 15 20 4 32 30 7 23 22 2 21 17 19 29 27 25 5 6 28 13 16 3 14 9 8 24 11 10 26 18 31
105 1 12 15 20 4 32 30 7 23 22 2 21 17 19 29 27 25 5 6 28 13 16 3 14 9 8 24 11 10 26 18 31
106 1 12 15 20 4 32 30 7 23 22 2 21 17 19 29 27 25 5 6 28 13 16 3 14 9 8 24 11 10 26 18 31
107 1 12 15 20 4 32 30 7 23 22 2 21 17 19 29 27 25 5 6 28 13 16 3 14 9 8 24 11 10 26 18 31
108 1 12 15 20 4 32 30 7 23 22 2 21 17 19 29 27 25 5 6 28 13 16 3 14 9 8 24 11 10 26 18 31
109 1 12 15 20 4 32 30 7 23 22 2 21 17 19 29 27 25 5 6 28 13 16 3 14 9 8 24 11 10 26 18 31
110 1 12 15 20 4 32 30 7 23 22 2 21 17 19 29 27 25 5 6 28 13 16 3 14 9 8 24 11 10 26 18 31
111 1 12 15 20 4 32 30 7 23 22 2 21 17 19 29 27 5 25 6 28 13 16 3 14 9 8 24 11 10 26 18 31
112 1 12 15 20 4 32 30 7 23 22 2 21 17 19 29 27 5 25 6 28 13 16 3 14 9 8 24 11 10 26 18 31
113 1 12 15 20 4 32 30 7 23 22 2 21 17 19 29 27 5 25 6 28 13 16 3 14 9 8 24 11 10 26 18 31
114 1 12 15 20 23 7 30 32 4 22 2 21 17 19 29 27 5 25 6 28 13 16 3 14 9 8 24 11 10 26 18 31
115 1 12 15 20 23 7 30 32 4 22 2 21 17 19 29 27 5 25 6 28 13 16 3 14 9 8 24 11 10 26 18 31
116 1 12 15 20 23 7 30 4 32 22 2 21 17 19 29 27 5 25 6 28 13 16 3 14 9 8 24 11 10 26 18 31
117 1 12 15 20 23 7 30 4 32 22 2 21 17 19 29 27 5 25 6 28 13 16 3 14 9 8 24 11 10 26 18 31
118 1 12 15 20 23 7 30 4 32 22 2 21 17 19 29 27 5 25 6 28 13 16 3 14 9 8 24 11 10 26 18 31
119 1 12 15 20 23 7 30 4 32 22 2 21 17 19 29 27 5 25 6 28 13 16 3 14 9 8 24 11 10 26 18 31
120 1 12 15 20 23 7 30 4 32 22 2 21 17 19 29 27 5 25 28 6 13 16 3 14 9 8 24 11 10 26 18 31
121 1 12 15 20 23 7 30 4 32 22 2 21 17 19 29 27 5 25 28 6 13 16 3 14 9 8 24 11 10 26 18 31
122 1 12 15 20 23 7 30 4 32 22 2 21 17 19 29 27 5 25 28 6 13 16 3 14 9 8 24 11 10 26 18 31
123 1 12 15 20 23 7 30 4 32 22 2 21 17 19 29 27 5 25 28 6 13 16 3 14 9 8 24 11 10 26 18 31
124 1 12 15 20 23 7 30 4 32 22 2 21 17 19 29 27 5 25 28 6 13 16 3 14 9 8 24 11 10 26 18 31
125 1 12 15 20 23 7 30 4 32 22 2 21 17 19 29 27 5 25 28 6 13 16 3 14 9 8 24 11 10 26 18 31
126 1 12 15 20 23 7 30 4 32 22 2 21 17 19 29 27 5 25 28 6 13 16 3 14 9 8 24 11 10 26 18 31
127 1 12 15 20 23 7 30 4 32 22 2 21 17 19 29 27 5 25 28 6 13 16 3 14 9 8 24 11 10 26 18 31
128 1 12 15 20 23 7 30 4 32 22 2 21 17 19 29 27 5 25 28 6 13 16 3 14 9 8 24 11 10 26 18 31
129 1 12 15 20 23 7 30 4 32 22 2 21 17 19 29 27 5 25 28 6 13 16 3 14 9 8 24 11 10 26 18 31
130 1 12 15 20 23 7 30 4 32 22 2 21 17 19 29 27 5 25 28 6 13 16 3 14 9 8 24 11 10 26 18 31
131 1 12 15 20 23 7 30 4 32 22 2 21 17 19 29 27 5 25 28 6 13 16 3 14 9 8 24 11 10 26 18 31
132 1 12 15 20 23 7 30 4 32 22 2 21 17 19 29 27 5 25 28 6 13 16 3 14 9 8 24 11 10 26 18 31
133 1 12 15 20 23 7 30 4 32 22 2 21 17 19 29 27 5 25 28 6 13 16 3 14 9 8 24 11 10 26 18 31
134 1 12 15 20 23 7 30 4 32 22 2 21 17 19 29 27 5 25 28 6 13 16 3 14 9 8 24 11 10 26 18 31
135 1 12 15 20 23 7 30 4 32 22 2 21 17 19 29 27 5 25 28 6 13 16 3 14 9 8 24 11 10 26 18 31
136 1 12 15 20 23 7 30 4 32 22 2 21 17 19 29 27 5 25 28 6 13 16 3 14 9 8 24 11 10 26 18 31
137 1 12 15 20 23 7 30 4 32 22 2 21 17 19 29 27 5 25 28 6 13 16 3 14 9 8 24 11 10 26 18 31
138 1 12 15 20 23 7 30 4 32 22 2 21 17 19 29 27 5 25 28 6 13 16 3 14 9 8 24 11 10 26 18 31
139 1 12 15 20 23 7 30 4 32 22 2 21 17 19 29 27 5 25 28 6 13 16 3 14 9 8 24 11 10 26 18 31
140 1 12 15 20 23 7 30 4 32 22 2 21 17 19 29 27 5 25 28 6 13 16 3 14 9 8 24 11 10 26 18 31
141 1 12 15 20 23 7 30 4 32 22 2 21 17 19 29 27 5 25 28 6 13 16 3 14 9 8 24 11 10 26 18 31
142 1 12 15 20 23 7 30 4 32 22 2 21 17 19 29 27 5 25 28 6 13 16 3 14 9 8 24 11 10 26 18 31
143 1 12 15 20 23 7 30 4 32 22 2 21 17 19 29 27 5 25 28 6 13 16 3 14 9 8 24 11 10 26 18 31
144 1 12 15 20 23 7 30 4 32 22 2 21 17 19 29 27 5 25 28 6 13 16 3 14 9 8 24 11 10 26 18 31
145 1 12 15 20 23 7 30 4 32 22 2 21 17 19 29 27 5 25 28 6 13 16 3 14 9 8 24 11 10 26 18 31
146 1 12 15 20 23 7 30 4 32 22 2 21 17 19 29 27 5 25 28 6 13 16 3 14 9 8 24 11 10 26 18 31
147 1 12 15 20 23 7 30 4 32 22 2 21 17 19 29 27 5 25 28 6 13 16 3 14 9 8 24 11 10 26 18 31
148 1 12 15 20 23 7 30 4 32 22 2 21 17 19 29 27 5 25 28 6 13 16 3 14 9 8 24 11 10 26 18 31
149 1 12 15 20 23 7 30 4 32 22 2 21 17 19 29 27 5 25 28 6 13 16 3 14 9 8 24 11 10 26 18 31
150 1 12 15 20 23 7 30 4 32 22 2 21 17 19 29 27 5 25 28 6 13 16 3 14 9 8 24 11 10 26 18 31
151 1 12 15 20 23 7 30 4 32 22 2 21 17 19 29 27 5 25 28 6 13 16 3 14 9 8 24 11 10 26 18 31
152 1 12 15 20 23 7 30 4 32 22 2 21 17 19 29 27 5 25 28 6 13 16 3 14 9 8 24 11 10 26 18 31
153 1 12 15 20 23 7 30 4 32 22 2 21 17 19 29 27 5 25 28 6 13 16 3 14 9 8 24 11 10 26 18 31
154 1 12 15 20 23 7 30 4 32 22 2 21 17 19 29 27 5 25 28 6 13 16 3 14 9 8 24 11 10 26 18 31
155 1 12 15 20 23 7 30 4 32 22 2 21 17 19 29 27 5 25 28 6 13 16 3 14 9 8 24 11 10 26 18 31
156 1 12 15 20 23 7 30 4 32 22 2 21 17 19 29 27 5 25 28 6 13 16 3 14 9 8 24 11 10 26 18 31
157 1 12 15 20 23 7 30 4 32 22 2 21 17 19 29 27 5 25 28 6 13 16 3 14 9 8 24 11 10 26 18 31
158 1 12 15 20 23 7 30 4 32 22 2 21 17 19 29 27 5 25 28 6 13 16 3 14 9 8 24 11 10 26 18 31
159 1 12 15 20 23 7 30 4 32 22 2 21 17 19 29 27 5 25 28 6 13 16 3 14 9 8 24 11 10 26 18 31
160 1 12 15 20 23 7 30 4 32 22 2 21 17 19 29 27 5 25 28 6 13 16 3 14 9 8 24 11 10 26 18 31
161 1 12 15 20 23 7 30 4 32 22 2 21 17 19 29 27 5 25 28 6 13 16 3 14 9 8 24 11 10 26 18 31
162 1 12 15 20 23 7 30 4 32 22 2 21 17 19 29 27 5 25 28 6 13 16 3 14 9 8 24 11 10 26 18 31
163 1 12 15 20 23 7 30 4 32 22 2 21 17 19 29 27 5 25 28 6 13 16 3 14 9 8 24 11 10 26 18 31
164 1 12 15 20 23 7 30 4 32 22 2 21 17 19 29 27 5 25 28 6 13 16 3 14 9 8 24 11 10 26 18 31
165 1 12 15 20 23 7 30 4 32 22 2 21 17 19 29 27 5 25 28 6 13 16 3 14 9 8 24 11 10 26 18 31
166 1 12 15 20 23 7 30 4 32 22 2 21 17 19 29 27 5 25 28 6 13 16 3 14 9 8 24 11 10 26 18 31
167 1 12 15 20 23 7 30 4 32 22 2 21 17 19 29 27 5 25 28 6 13 16 3 14 9 8 24 11 10 26 18 31
168 1 12 15 20 23 7 30 4 32 22 2 21 17 19 29 27 5 25 28 6 13 16 3 14 9 8 24 11 10 26 18 31
169 1 12 15 20 23 7 30 4 32 22 2 21 17 19 29 27 5 25 28 6 13 16 3 14 9 8 24 11 10 26 18 31
170 1 12 15 20 23 7 30 4 32 22 2 21 17 19 29 27 5 25 28 6 13 16 3 14 9 8 24 11 10 26 18 31
171 1 12 15 20 23 7 30 4 32 22 2 21 17 19 29 27 5 25 28 6 13 16 3 14 9 8 24 11 10 26 18 31
172 1 12 15 20 23 7 30 4 32 22 2 21 17 19 29 27 5 25 28 6 13 16 3 14 9 8 24 11 10 26 18 31
173 1 12 15 20 23 7 30 4 32 22 2 21 17 19 29 27 5 25 28 6 13 16 3 14 9 8 24 11 10 26 18 31
174 1 12 15 20 23 7 30 4 32 22 2 21 17 19 29 27 5 25 28 6 13 16 3 14 9 8 24 11 10 26 18 31
175 1 12 15 20 23 7 30 4 32 22 2 21 17 19 29 27 5 25 28 6 13 16 3 14 9 8 24 11 10 26 18 31
176 1 12 15 20 23 7 30 4 32 22 2 21 17 19 29 27 5 25 28 6 13 16 3 14 9 8 24 11 10 26 18 31
177 1 12 15 20 23 7 30 4 32 22 2 21 17 19 29 27 5 25 28 6 13 16 3 14 9 8 24 11 10 26 18 31
178 1 12 15 20 23 7 30 4 32 22 2 21 17 19 29 27 5 25 28 6 13 16 3 14 9 8 24 11 10 26 18 31
179 1 12 15 20 23 7 30 4 32 22 2 21 17 19 29 27 5 25 28 6 13 16 3 14 9 8 24 11 10 26 18 31
180 1 12 15 20 23 7 30 4 32 22 2 21 17 19 29 27 5 25 28 6 13 16 3 14 9 8 24 11 10 26 18 31
181 1 12 15 20 23 7 30 4 32 22 2 21 17 19 29 27 5 25 28 6 13 16 3 14 9 8 24 11 10 26 18 31
182 1 12 15 20 23 7 30 4 32 22 2 21 17 19 29 27 5 25 28 6 13 16 3 14 9 8 24 11 10 26 18 31
183 1 12 15 20 23 7 30 4 32 22 2 21 17 19 29 27 5 25 28 6 13 16 3 14 9 8 24 11 10 26 18 31
184 1 12 15 20 23 7 30 4 32 22 2 21 17 19 29 27 5 25 28 6 13 16 3 14 9 8 24 11 10 26 18 31
185 1 12 15 20 23 7 30 4 32 22 2 21 17 19 29 27 5 25 28 6 13 16 3 14 9 8 24 11 10 26 18 31
186 1 12 15 20 23 7 30 4 32 22 2 21 17 19 29 27 5 25 28 6 13 16 3 14 9 8 24 11 10 26 18 31
187 1 12 15 20 23 7 30 4 32 22 2 21 17 19 29 27 5 25 28 6 13 16 3 14 9 8 24 11 10 26 18 31
188 1 12 15 20 23 7 30 4 32 22 2 21 17 19 29 27 5 25 28 6 13 16 3 14 9 8 24 11 10 26 18 31
189 1 12 15 20 23 4 30 7 32 22 2 21 17 19 29 27 5 25 28 6 13 16 3 14 9 8 24 11 10 26 18 31
190 1 12 15 20 23 4 7 30 32 22 2 21 17 19 29 27 5 25 28 6 13 16 3 14 9 8 24 11 10 26 18 31
191 1 12 15 20 23 4 7 30 32 22 2 21 17 19 29 27 5 25 28 6 13 16 3 14 9 8 24 11 10 26 18 31
192 1 12 15 20 23 4 7 30 32 22 2 21 17 19 29 27 5 25 28 6 13 16 3 14 9 8 24 11 10 26 18 31
193 1 12 15 20 23 4 7 30 32 22 2 21 17 19 29 27 5 25 28 6 13 16 3 14 9 8 24 11 10 26 18 31
194 1 12 15 20 23 4 7 30 32 22 2 21 17 19 29 27 5 25 28 6 13 16 3 14 9 8 24 11 10 26 18 31
195 1 12 15 20 23 4 7 30 32 22 2 21 17 19 29 27 5 25 28 6 13 16 3 14 9 8 24 11 10 26 18 31
196 1 12 15 20 23 4 7 30 32 22 2 21 17 19 29 27 5 25 28 6 13 16 3 14 9 8 24 11 10 26 18 31
197 1 12 15 20 23 4 7 30 32 22 2 21 17 19 29 27 5 25 28 6 13 16 3 14 9 8 24 11 10 26 18 31
198 1 12 15 20 23 4 7 30 32 22 2 21 17 19 29 27 5 25 28 6 13 16 3 14 9 8 24 11 10 26 18 31
199 1 12 15 20 23 4 7 30 32 22 2 21 17 19 29 27 5 25 28 6 13 16 3 14 9 8 24 11 10 26 18 31
200 1 12 15 20 23 4 7 30 32 22 2 21 17 19 29 27 5 25 28 6 13 16 3 14 9 8 24 11 10 26 18 31
201 1 12 15 20 23 4 7 30 32 22 2 21 17 19 29 27 5 25 28 6 13 16 3 14 9 8 24 11 10 26 18 31
202 1 12 15 20 23 4 7 30 32 22 2 21 17 19 29 27 5 25 28 6 13 16 3 14 9 8 24 11 10 26 18 31
203 1 12 15 20 23 4 7 30 32 22 2 21 17 19 29 27 5 25 28 6 13 16 3 14 9 8 24 11 10 26 18 31
204 1 12 15 20 23 4 7 30 32 22 2 21 17 19 29 27 5 25 28 6 13 16 3 14 9 8 24 11 10 26 18 31
205 1 12 15 20 23 4 7 30 32 22 2 21 17 19 29 27 5 25 28 6 13 16 3 14 9 8 24 11 10 26 18 31
206 1 12 15 20 23 4 7 30 32 22 2 21 17 19 29 27 5 25 28 6 13 16 3 14 9 8 24 11 10 26 18 31
207 1 12 15 20 23 4 7 30 32 22 2 21 17 19 29 27 5 25 28 6 13 16 3 14 9 8 24 11 10 26 18 31
208 1 12 15 20 23 4 7 30 32 22 2 21 17 19 29 27 5 25 28 6 13 16 3 14 9 8 24 11 10 26 18 31
209 1 12 15 20 23 4 7 30 32 22 2 21 17 19 29 27 5 25 28 6 13 16 3 14 9 8 24 11 10 26 18 31
210 1 12 15 20 23 4 7 30 32 22 2 21 17 19 29 27 5 25 28 6 13 16 3 14 9 8 24 11 10 26 18 31
211 1 12 15 20 23 4 7 30 32 22 2 21 17 19 29 27 5 25 28 6 13 16 3 14 9 8 24 11 10 26 18 31
212 1 12 15 20 23 4 7 30 32 22 2 21 17 19 29 27 5 25 28 6 13 16 3 14 9 8 24 11 10 26 18 31
213 1 12 15 20 23 4 7 30 32 22 2 21 17 19 29 27 5 25 28 6 13 16 3 14 9 8 24 11 10 26 18 31
214 1 12 15 20 23 4 7 30 32 22 2 21 17 19 29 27 5 25 28 6 13 16 3 14 9 8 24 11 10 26 18 31
215 1 12 15 20 23 4 7 30 32 22 2 21 17 19 29 27 5 25 28 6 13 16 3 14 9 8 24 11 10 26 18 31
216 1 12 15 20 23 4 7 30 32 22 2 21 17 19 29 27 5 25 28 6 13 16 3 14 9 8 24 11 10 26 18 31
217 1 12 15 20 23 4 7 30 32 22 2 21 17 19 29 27 5 25 28 6 13 16 3 14 9 8 24 11 10 26 18 31
218 1 12 15 20 23 4 7 30 32 22 2 21 17 19 29 27 5 25 28 6 13 16 3 14 9 8 24 11 10 26 18 31
219 1 12 15 20 23 4 7 30 32 22 2 21 17 19 29 27 5 25 28 6 13 16 3 14 9 8 24 11 10 26 18 31
220 1 12 15 20 23 4 7 30 32 22 2 21 17 19 29 27 5 25 28 6 13 16 3 14 9 8 24 11 10 26 18 31
221 1 12 15 20 23 4 7 30 32 22 2 21 17 19 29 27 5 25 28 6 13 16 3 14 9 8 24 11 10 26 18 31
222 1 12 15 20 23 4 7 30 32 22 2 21 17 19 29 27 5 25 28 6 13 16 3 14 9 8 24 11 10 26 18 31
223 1 12 15 20 23 4 7 30 32 22 2 21 17 19 29 27 5 25 28 6 13 16 3 14 9 8 24 11 10 26 18 31
224 1 12 15 20 23 4 7 30 32 22 2 21 17 19 29 27 5 25 28 6 13 16 3 14 9 8 24 11 10 26 18 31
225 1 12 15 20 23 4 7 30 32 22 2 21 17 19 29 27 5 25 28 6 13 16 3 14 9 8 24 11 10 26 18 31
226 1 12 15 20 23 4 7 30 32 22 2 21 17 19 29 27 5 25 28 6 13 16 3 14 9 8 24 11 10 26 18 31
227 1 12 15 20 23 4 7 30 32 22 2 21 17 19 29 27 5 25 28 6 13 16 3 14 9 8 24 11 10 26 18 31
228 1 12 15 20 23 4 7 30 32 22 2 21 17 19 29 27 5 25 28 6 13 16 3 14 9 8 24 11 10 26 18 31
229 1 12 15 20 23 4 7 30 32 22 2 21 17 19 29 27 5 25 28 6 13 16 3 14 9 8 24 11 10 26 18 31
230 1 12 15 20 23 4 7 30 32 22 2 21 17 19 29 27 5 25 28 6 13 16 3 14 9 8 24 11 10 26 18 31
231 1 12 15 20 23 4 7 30 32 22 2 21 17 19 29 27 5 25 28 6 13 16 3 14 9 8 24 11 10 26 18 31
232 1 12 15 20 23 4 7 30 32 22 2 21 17 19 29 27 5 25 28 6 13 16 3 14 9 8 24 11 10 26 18 31
233 1 12 15 20 23 4 7 30 32 22 2 21 17 19 29 27 5 25 28 6 13 16 3 14 9 8 24 11 10 26 18 31
234 1 12 15 20 23 4 7 30 32 22 2 21 17 19 29 27 5 25 28 6 13 16 3 14 9 8 24 11 10 26 18 31
235 1 12 15 20 23 4 7 30 32 22 2 21 17 19 29 27 5 25 28 6 13 16 3 14 9 8 24 11 10 26 18 31
236 1 12 15 20 23 4 7 30 32 22 2 21 17 19 29 27 5 25 28 6 13 16 3 14 9 8 24 11 10 26 18 31
237 1 12 15 20 23 4 7 30 32 22 2 21 17 19 29 27 5 25 28 6 13 16 3 14 9 8 24 11 10 26 18 31
238 1 12 15 20 23 4 7 30 32 22 2 21 17 19 29 27 5 25 28 6 13 16 3 14 9 8 24 11 10 26 18 31
239 1 12 15 20 23 4 7 30 32 22 2 21 17 19 29 27 5 25 28 6 13 16 3 14 9 8 24 11 10 26 18 31
240 1 12 15 20 23 4 7 30 32 22 2 21 17 19 29 27 5 25 28 6 13 16 3 14 9 8 24 11 10 26 18 31
241 1 12 15 20 23 4 7 30 32 22 2 21 17 19 29 27 5 25 28 6 13 16 3 14 9 8 24 11 10 26 18 31
242 1 12 15 20 23 4 7 30 32 22 2 21 17 19 29 27 5 25 28 6 13 16 3 14 9 8 24 11 10 26 18 31
243 1 12 15 20 23 4 7 30 32 22 2 21 17 19 29 27 5 25 28 6 13 16 3 14 9 8 24 11 10 26 18 31
244 1 12 15 20 23 4 7 30 32 22 2 21 17 19 29 27 5 25 28 6 13 16 3 14 9 8 24 11 10 26 18 31
245 1 12 15 20 23 4 7 30 32 22 2 21 17 19 29 27 5 25 28 6 13 16 3 14 9 8 24 11 10 26 18 31
246 1 12 15 20 23 4 7 30 32 22 2 21 17 19 29 27 5 25 28 6 13 16 3 14 9 8 24 11 10 26 18 31
247 1 12 15 20 23 4 7 30 32 22 2 21 17 19 29 27 5 25 28 6 13 16 3 14 9 8 24 11 10 26 18 31
248 1 12 15 20 23 4 7 30 32 22 2 21 17 19 29 27 5 25 28 6 13 16 3 14 9 8 24 11 10 26 18 31
249 1 12 15 20 23 4 7 30 32 22 2 21 17 19 29 27 5 25 28 6 13 16 3 14 9 8 24 11 10 26 18 31
250 1 12 15 20 23 4 7 30 32 22 2 21 17 19 29 27 5 25 28 6 13 16 3 14 9 8 24 11 10 26 18 31
251 1 12 15 20 23 4 7 30 32 22 2 21 17 19 29 27 5 25 28 6 13 16 3 14 9 8 24 11 10 26 18 31
252 1 12 15 20 23 4 7 30 32 22 2 21 17 19 29 27 5 25 28 6 13 16 3 14 9 8 24 11 10 26 18 31
253 1 12 15 20 23 4 7 30 32 22 2 21 17 19 29 27 5 25 28 6 13 16 3 14 9 8 24 11 10 26 18 31
254 1 12 15 20 23 4 7 30 32 22 2 21 17 19 29 27 5 25 28 6 13 16 3 14 9 8 24 11 10 26 18 31
255 1 12 15 20 23 4 7 30 32 22 2 21 17 19 29 27 5 25 28 6 13 16 3 14 9 8 24 11 10 26 18 31
256 1 12 15 20 23 4 7 30 32 22 2 21 17 19 29 27 5 25 28 6 13 16 3 14 9 8 24 11 10 26 18 31
257 1 12 15 20 23 4 7 30 32 22 2 21 17 19 29 27 5 25 28 6 13 16 3 14 9 8 24 11 10 26 18 31
258 1 12 15 20 23 4 7 30 32 22 2 21 17 19 29 27 5 25 28 6 13 16 3 14 9 8 24 11 10 26 18 31
259 1 12 15 20 23 4 7 30 32 22 2 21 17 19 29 27 5 25 28 6 13 16 3 14 9 8 24 11 10 26 18 31
260 1 12 15 20 23 4 7 30 32 22 2 21 17 19 29 27 5 25 28 6 13 16 3 14 9 8 24 11 10 26 18 31
261 1 12 15 20 23 4 7 30 32 22 2 21 17 19 29 27 5 25 28 6 13 16 3 14 9 8 24 11 10 26 18 31
262 1 12 15 20 23 4 7 30 32 22 2 21 17 19 29 27 5 25 28 6 13 16 3 14 9 8 24 11 10 26 18 31
263 1 12 15 20 23 4 7 30 32 22 2 21 17 19 29 27 5 25 28 6 13 16 3 14 9 8 24 11 10 26 18 31
264 1 12 15 20 23 4 7 30 32 22 2 21 17 19 29 27 5 25 28 6 13 16 3 14 9 8 24 11 10 26 18 31
265 1 12 15 20 23 4 7 30 32 22 2 21 17 19 29 27 5 25 28 6 13 16 3 14 9 8 24 11 10 26 18 31
266 1 12 15 20 23 4 7 30 32 22 2 21 17 19 29 27 5 25 28 6 13 16 3 14 9 8 24 11 10 26 18 31
267 1 12 15 20 23 4 7 30 32 22 2 21 17 19 29 27 5 25 28 6 13 16 3 14 9 8 24 11 10 26 18 31
268 1 12 15 20 23 4 7 30 32 22 2 21 17 19 29 27 5 25 28 6 13 16 3 14 9 8 24 11 10 26 18 31
269 1 12 15 20 23 4 7 30 32 22 2 21 17 19 29 27 5 25 28 6 13 16 3 14 9 8 24 11 10 26 18 31
270 1 12 15 20 23 4 7 30 32 22 2 21 17 19 29 27 5 25 28 6 13 16 3 14 9 8 24 11 10 26 18 31
271 1 12 15 20 23 4 7 30 32 22 2 21 17 19 29 27 5 25 28 6 13 16 3 14 9 8 24 11 10 26 18 31
272 1 12 15 20 23 4 7 30 32 22 2 21 17 19 29 27 5 25 28 6 13 16 3 14 9 8 24 11 10 26 18 31
273 1 12 15 20 23 4 7 30 32 22 2 21 17 19 29 27 5 25 28 6 13 16 3 14 9 8 24 11 10 26 18 31
274 1 12 15 20 23 4 7 30 32 22 2 21 17 19 29 27 5 25 28 6 13 16 3 14 9 8 24 11 10 26 18 31
275 1 12 15 20 23 4 7 30 32 22 2 21 17 19 29 27 5 25 28 6 13 16 3 14 9 8 24 11 10 26 18 31
276 1 12 15 20 23 4 7 30 32 22 2 21 17 19 29 27 5 25 28 6 13 16 3 14 9 8 24 11 10 26 18 31
277 1 12 15 20 23 4 7 30 32 22 2 21 17 19 29 27 5 25 28 6 13 16 3 14 9 8 24 11 10 26 18 31
278 1 12 15 20 23 4 7 30 32 22 2 21 17 19 29 27 5 25 28 6 13 16 3 14 9 8 24 11 10 26 18 31
279 1 12 15 20 23 4 7 30 32 22 2 21 17 19 29 27 5 25 28 6 13 16 3 14 9 8 24 11 10 26 18 31
280 1 12 15 20 23 4 7 30 32 22 2 21 17 19 29 27 5 25 28 6 13 16 3 14 9 8 24 11 10 26 18 31
281 1 12 15 20 23 4 7 30 32 22 2 21 17 19 29 27 5 25 28 6 13 16 3 14 9 8 24 11 10 26 18 31
282 1 12 15 20 23 4 7 30 32 22 2 21 17 19 29 27 5 25 28 6 13 16 3 14 9 8 24 11 10 26 18 31
283 1 12 15 20 23 4 7 30 32 22 2 21 17 19 29 27 5 25 28 6 13 16 3 14 9 8 24 11 10 26 18 31
284 1 12 15 20 23 4 7 30 32 22 2 21 17 19 29 27 5 25 28 6 13 16 3 14 9 8 24 11 10 26 18 31
285 1 12 15 20 23 4 7 30 32 22 2 21 17 19 29 27 5 25 28 6 13 16 3 14 9 8 24 11 10 26 18 31
286 1 12 15 20 23 4 7 30 32 22 2 21 17 19 29 27 5 25 28 6 13 16 3 14 9 8 24 11 10 26 18 31
287 1 12 15 20 23 4 7 30 32 22 2 21 17 19 29 27 5 25 28 6 13 16 3 14 9 8 24 11 10 26 18 31
288 1 12 15 20 23 4 7 30 32 22 2 21 17 19 29 27 5 25 28 6 13 16 3 14 9 8 24 11 10 26 18 31
289 1 12 15 20 23 4 7 30 32 22 2 21 17 19 29 27 5 25 28 6 13 16 3 14 9 8 24 11 10 26 18 31
290 1 12 15 20 23 4 7 30 32 22 2 21 17 19 29 27 5 25 28 6 13 16 3 14 9 8 24 11 10 26 18 31
291 1 12 15 20 23 4 7 30 32 22 2 21 17 19 29 27 5 25 28 6 13 16 3 14 9 8 24 11 10 26 18 31
292 1 12 15 20 23 4 7 30 32 22 2 21 17 19 29 27 5 25 28 6 13 16 3 14 9 8 24 11 10 26 18 31
293 1 12 15 20 23 4 7 30 32 22 2 21 17 19 29 27 5 25 28 6 13 16 3 14 9 8 24 11 10 26 18 31
294 1 12 15 20 23 4 7 30 32 22 2 21 17 19 29 27 5 25 28 6 13 16 3 14 9 8 24 11 10 26 18 31
295 1 12 15 20 23 4 7 30 32 22 2 21 17 19 29 27 5 25 28 6 13 16 3 14 9 8 24 11 10 26 18 31
296 1 12 15 20 23 4 7 30 32 22 2 21 17 19 29 27 5 25 28 6 13 16 3 14 9 8 24 11 10 26 18 31
297 1 12 15 20 23 4 7 30 32 22 2 21 17 19 29 27 5 25 28 6 13 16 3 14 9 8 24 11 10 26 18 31
298 1 12 15 20 23 4 7 30 32 22 2 21 17 19 29 27 5 25 28 6 13 16 3 14 9 8 24 11 10 26 18 31
299 1 12 15 20 23 4 7 30 32 22 2 21 17 19 29 27 5 25 28 6 13 16 3 14 9 8 24 11 10 26 18 31
300 1 12 15 20 23 4 7 30 32 22 2 21 17 19 29 27 5 25 28 6 13 16 3 14 9 8 24 11 10 26 18 31
301 1 12 15 20 23 4 7 30 32 22 2 21 17 19 29 27 5 25 28 6 13 16 3 14 9 8 24 11 10 26 18 31
302 1 12 15 20 23 4 7 30 32 22 2 21 17 19 29 27 5 25 28 6 13 16 3 14 9 8 24 11 10 26 18 31
303 1 12 15 20 23 4 7 30 32 22 2 21 17 19 29 27 5 25 28 6 13 16 3 14 9 8 24 11 10 26 18 31
304 1 12 15 20 23 4 7 30 32 22 2 21 17 19 29 27 5 25 28 6 13 16 3 14 9 8 24 11 10 26 18 31
305 1 12 15 20 23 4 7 30 32 22 2 21 17 19 29 27 5 25 28 6 13 16 3 14 9 8 24 11 10 26 18 31
306 1 12 15 20 23 4 7 30 32 22 2 21 17 19 29 27 5 25 28 6 13 16 3 14 9 8 24 11 10 26 18 31
307 1 12 15 20 23 4 7 30 32 22 2 21 17 19 29 27 5 25 28 6 13 16 3 14 9 8 24 11 10 26 18 31
308 1 12 15 20 23 4 7 30 32 22 2 21 17 19 29 27 5 25 28 6 13 16 3 14 9 8 24 11 10 26 18 31
309 1 12 15 20 23 4 7 30 32 22 2 21 17 19 29 27 5 25 28 6 13 16 3 14 9 8 24 11 10 26 18 31
310 1 12 15 20 23 4 7 30 32 22 2 21 17 19 29 27 5 25 28 6 13 16 3 14 9 8 24 11 10 26 18 31
311 1 12 15 20 23 4 7 30 32 22 2 21 17 19 29 27 5 25 28 6 13 16 3 14 9 8 24 11 10 26 18 31
312 1 12 15 20 23 4 7 30 32 22 2 21 17 19 29 27 5 25 28 6 13 16 3 14 9 8 24 11 10 26 18 31
313 1 12 15 20 23 4 7 30 32 22 2 21 17 19 29 27 5 25 28 6 13 16 3 14 9 8 24 11 10 26 18 31
314 1 12 15 20 23 4 7 30 32 22 2 21 17 19 29 27 5 25 28 6 13 16 3 14 9 8 24 11 10 26 18 31
315 1 12 15 20 23 4 7 30 32 22 2 21 17 19 29 27 5 25 28 6 13 16 3 14 9 8 24 11 10 26 18 31
316 1 12 15 20 23 4 7 30 32 22 2 21 17 19 29 27 5 25 28 6 13 16 3 14 9 8 24 11 10 26 18 31
317 1 12 15 20 23 4 7 30 32 22 2 21 17 19 29 27 5 25 28 6 13 16 3 14 9 8 24 11 10 26 18 31
318 1 12 15 20 23 4 7 30 32 22 2 21 17 19 29 27 5 25 28 6 13 16 3 14 9 8 24 11 10 26 18 31
319 1 12 15 20 23 4 7 30 32 22 2 21 17 19 29 27 5 25 28 6 13 16 3 14 9 8 24 11 10 26 18 31
320 1 12 15 20 23 4 7 30 32 22 2 21 17 19 29 27 5 25 28 6 13 16 3 14 9 8 24 11 10 26 18 31
321 1 12 15 20 23 4 7 30 32 22 2 21 17 19 29 27 5 25 28 6 13 16 3 14 9 8 24 11 10 26 18 31
322 1 12 15 20 23 4 7 30 32 22 2 21 17 19 29 27 5 25 28 6 13 16 3 14 9 8 24 11 10 26 18 31
323 1 12 15 20 23 4 7 30 32 22 2 21 17 19 29 27 5 25 28 6 13 16 3 14 9 8 24 11 10 26 18 31
324 1 12 15 20 23 4 7 30 32 22 2 21 17 19 29 27 5 25 28 6 13 16 3 14 9 8 24 11 10 26 18 31
325 1 12 15 20 23 4 7 30 32 22 2 21 17 19 29 27 5 25 28 6 13 16 3 14 9 8 24 11 10 26 18 31
326 1 12 15 20 23 4 7 30 32 22 2 21 17 19 29 27 5 25 28 6 13 16 3 14 9 8 24 11 10 26 18 31
327 1 12 15 20 23 4 7 30 32 22 2 21 17 19 29 27 5 25 28 6 13 16 3 14 9 8 24 11 10 26 18 31
328 1 12 15 20 23 4 7 30 32 22 2 21 17 19 29 27 5 25 28 6 13 16 3 14 9 8 24 11 10 26 18 31
329 1 12 15 20 23 4 7 30 32 22 2 21 17 19 29 27 5 25 28 6 13 16 3 14 9 8 24 11 10 26 18 31
330 1 12 15 20 23 4 7 30 32 22 2 21 17 19 29 27 5 25 28 6 13 16 3 14 9 8 24 11 10 26 18 31
331 1 12 15 20 23 4 7 30 32 22 2 21 17 19 29 27 5 25 28 6 13 16 3 14 9 8 24 11 10 26 18 31
332 1 12 15 20 23 4 7 30 32 22 2 21 17 19 29 27 5 25 28 6 13 16 3 14 9 8 24 11 10 26 18 31
333 1 12 15 20 23 4 7 30 32 22 2 21 17 19 29 27 5 25 28 6 13 16 3 14 9 8 24 11 10 26 18 31
334 1 12 15 20 23 4 7 30 32 22 2 21 17 19 29 27 5 25 28 6 13 16 3 14 9 8 24 11 10 26 18 31
335 1 12 15 20 23 4 7 30 32 22 2 21 17 19 29 27 5 25 28 6 13 16 3 14 9 8 24 11 10 26 18 31
336 1 12 15 20 23 4 7 30 32 22 2 21 17 19 29 27 5 25 28 6 13 16 3 14 9 8 24 11 10 26 18 31
337 1 12 15 20 23 4 7 30 32 22 2 21 17 19 29 27 5 25 28 6 13 16 3 14 9 8 24 11 10 26 18 31
338 1 12 15 20 23 4 7 30 32 22 2 21 17 19 29 27 5 25 28 6 13 16 3 14 9 8 24 11 10 26 18 31
339 1 12 15 20 23 4 7 30 32 22 2 21 17 19 29 27 5 25 28 6 13 16 3 14 9 8 24 11 10 26 18 31
340 1 12 15 20 23 4 7 30 32 22 2 21 17 19 29 27 5 25 28 6 13 16 3 14 9 8 24 11 10 26 18 31
341 1 12 15 20 23 4 7 30 32 22 2 21 17 19 29 27 5 25 28 6 13 16 3 14 9 8 24 11 10 26 18 31
342 1 12 15 20 23 4 7 30 32 22 2 21 17 19 29 27 5 25 28 6 13 16 3 14 9 8 24 11 10 26 18 31
343 1 12 15 20 23 4 7 30 32 22 2 21 17 19 29 27 5 25 28 6 13 16 3 14 9 8 24 11 10 26 18 31
344 1 12 15 20 23 4 7 30 32 22 2 21 17 19 29 27 5 25 28 6 13 16 3 14 9 8 24 11 10 26 18 31
345 1 12 15 20 23 4 7 30 32 22 2 21 17 19 29 27 5 25 28 6 13 16 3 14 9 8 24 11 10 26 18 31
346 1 12 15 20 23 4 7 30 32 22 2 21 17 19 29 27 5 25 28 6 13 16 3 14 9 8 24 11 10 26 18 31
347 1 12 15 20 23 4 7 30 32 22 2 21 17 19 29 27 5 25 28 6 13 16 3 14 9 8 24 11 10 26 18 31
348 1 12 15 20 23 4 7 30 32 22 2 21 17 19 29 27 5 25 28 6 13 16 3 14 9 8 24 11 10 26 18 31
349 1 12 15 20 23 4 7 30 32 22 2 21 17 19 29 27 5 25 28 6 13 16 3 14 9 8 24 11 10 26 18 31
350 1 12 15 20 23 4 7 30 32 22 2 21 17 19 29 27 5 25 28 6 13 16 3 14 9 8 24 11 10 26 18 31
351 1 12 15 20 23 4 7 30 32 22 2 21 17 19 29 27 5 25 28 6 13 16 3 14 9 8 24 11 10 26 18 31
352 1 12 15 20 23 4 7 30 32 22 2 21 17 19 29 27 5 25 28 6 13 16 3 14 9 8 24 11 10 26 18 31
353 1 12 15 20 23 4 7 30 32 22 2 21 17 19 29 27 5 25 28 6 13 16 3 14 9 8 24 11 10 26 18 31
354 1 12 15 20 23 4 7 30 32 22 2 21 17 19 29 27 5 25 28 6 13 16 3 14 9 8 24 11 10 26 18 31
355 1 12 15 20 23 4 7 30 32 22 2 21 17 19 29 27 5 25 28 6 13 16 3 14 9 8 24 11 10 26 18 31
356 1 12 15 20 23 4 7 30 32 22 2 21 17 19 29 27 5 25 28 6 13 16 3 14 9 8 24 11 10 26 18 31
357 1 12 15 20 23 4 7 30 32 22 2 21 17 19 29 27 5 25 28 6 13 16 3 14 9 8 24 11 10 26 18 31
358 1 12 15 20 23 4 7 30 32 22 2 21 17 19 29 27 5 25 28 6 13 16 3 14 9 8 24 11 10 26 18 31
359 1 12 15 20 23 4 7 30 32 22 2 21 17 19 29 27 5 25 28 6 13 16 3 14 9 8 24 11 10 26 18 31
360 1 12 15 20 23 4 7 30 32 22 2 21 17 19 29 27 5 25 28 6 13 16 3 14 9 8 24 11 10 26 18 31
361 1 12 15 20 23 4 7 30 32 22 2 21 17 19 29 27 5 25 28 6 13 16 3 14 9 8 24 11 10 26 18 31
362 1 12 15 20 23 4 7 30 32 22 2 21 17 19 29 27 5 25 28 6 13 16 3 14 9 8 24 11 10 26 18 31
363 1 12 15 20 23 4 7 30 32 22 2 21 17 19 29 27 5 25 28 6 13 16 3 14 9 8 24 11 10 26 18 31
364 1 12 15 20 23 4 7 30 32 22 2 21 17 19 29 27 5 25 28 6 13 16 3 14 9 8 24 11 10 26 18 31
365 1 12 15 20 23 4 7 30 32 22 2 21 17 19 29 27 5 25 28 6 13 16 3 14 9 8 24 11 10 26 18 31
366 1 12 15 20 23 4 7 30 32 22 2 21 17 19 29 27 5 25 28 6 13 16 3 14 9 8 24 11 10 26 18 31
367 1 12 15 20 23 4 7 30 32 22 2 21 17 19 29 27 5 25 28 6 13 16 3 14 9 8 24 11 10 26 18 31
368 1 12 15 20 23 4 7 30 32 22 2 21 17 19 29 27 5 25 28 6 13 16 3 14 9 8 24 11 10 26 18 31
369 1 12 15 20 23 4 7 30 32 22 2 21 17 19 29 27 5 25 28 6 13 16 3 14 9 8 24 11 10 26 18 31
370 1 12 15 20 23 4 7 30 32 22 2 21 17 19 29 27 5 25 28 6 13 16 3 14 9 8 24 11 10 26 18 31
371 1 12 15 20 23 4 7 30 32 22 2 21 17 19 29 27 5 25 28 6 13 16 3 14 9 8 24 11 10 26 18 31
372 1 12 15 20 23 4 7 30 32 22 2 21 17 19 29 27 5 25 28 6 13 16 3 14 9 8 24 11 10 26 18 31
373 1 12 15 20 23 4 7 30 32 22 2 21 17 19 29 27 5 25 28 6 13 16 3 14 9 8 24 11 10 26 18 31
374 1 12 15 20 23 4 7 30 32 22 2 21 17 19 29 27 5 25 28 6 13 16 3 14 9 8 24 11 10 26 18 31
375 1 12 15 20 23 4 7 30 32 22 2 21 17 19 29 27 5 25 28 6 13 16 3 14 9 8 24 11 10 26 18 31
376 1 12 15 20 23 4 7 30 32 22 2 21 17 19 29 27 5 25 28 6 13 16 3 14 9 8 24 11 10 26 18 31
377 1 12 15 20 23 4 7 30 32 22 2 21 17 19 29 27 5 25 28 6 13 16 3 14 9 8 24 11 10 26 18 31
378 1 12 15 20 23 4 7 30 32 22 2 21 17 19 29 27 5 25 28 6 13 16 3 14 9 8 24 11 10 26 18 31
379 1 12 15 20 23 4 7 30 32 22 2 21 17 19 29 27 5 25 28 6 13 16 3 14 9 8 24 11 10 26 18 31
380 1 12 15 20 23 4 7 30 32 22 2 21 17 19 29 27 5 25 28 6 13 16 3 14 9 8 24 11 10 26 18 31
381 1 12 15 20 23 4 7 30 32 22 2 21 17 19 29 27 5 25 28 6 13 16 3 14 9 8 24 11 10 26 18 31
382 1 12 15 20 23 4 7 30 32 22 2 21 17 19 29 27 5 25 28 6 13 16 3 14 9 8 24 11 10 26 18 31
383 1 12 15 20 23 4 7 30 32 22 2 21 17 19 29 27 5 25 28 6 13 16 3 14 9 8 24 11 10 26 18 31
384 1 12 15 20 23 4 7 30 32 22 2 21 17 19 29 27 5 25 28 6 13 16 3 14 9 8 24 11 10 26 18 31
385 1 12 15 20 23 4 7 30 32 22 2 21 17 19 29 27 5 25 28 6 13 16 3 14 9 8 24 11 10 26 18 31
386 1 12 15 20 23 4 7 30 32 22 2 21 17 19 29 27 5 25 28 6 13 16 3 14 9 8 24 11 10 26 18 31
387 1 12 15 20 23 4 7 30 32 22 2 21 17 19 29 27 5 25 28 6 13 16 3 14 9 8 24 11 10 26 18 31
388 1 12 15 20 23 4 7 30 32 22 2 21 17 19 29 27 5 25 28 6 13 16 3 14 9 8 24 11 10 26 18 31
389 1 12 15 20 23 4 7 30 32 22 2 21 17 19 29 27 5 25 28 6 13 16 3 14 9 8 24 11 10 26 18 31
390 1 12 15 20 23 4 7 30 32 22 2 21 17 19 29 27 5 25 28 6 13 16 3 14 9 8 24 11 10 26 18 31
391 1 12 15 20 23 4 7 30 32 22 2 21 17 19 29 27 5 25 28 6 13 16 3 14 9 8 24 11 10 26 18 31
392 1 12 15 20 23 4 7 30 32 22 2 21 17 19 29 27 5 25 28 6 13 16 3 14 9 8 24 11 10 26 18 31
393 1 12 15 20 23 4 7 30 32 22 2 21 17 19 29 27 5 25 28 6 13 16 3 14 9 8 24 11 10 26 18 31
394 1 12 15 20 23 4 7 30 32 22 2 21 17 19 29 27 5 25 28 6 13 16 3 14 9 8 24 11 10 26 18 31
395 1 12 15 20 23 4 7 30 32 22 2 21 17 19 29 27 5 25 28 6 13 16 3 14 9 8 24 11 10 26 18 31
396 1 12 15 20 23 4 7 30 32 22 2 21 17 19 29 27 5 25 28 6 13 16 3 14 9 8 24 11 10 26 18 31
397 1 12 15 20 23 4 7 30 32 22 2 21 17 19 29 27 5 25 28 6 13 16 3 14 9 8 24 11 10 26 18 31
398 1 12 15 20 23 4 7 30 32 22 2 21 17 19 29 27 5 25 28 6 13 16 3 14 9 8 24 11 10 26 18 31
399 1 12 15 20 23 4 7 30 32 22 2 21 17 19 29 27 5 25 28 6 13 16 3 14 9 8 24 11 10 26 18 31
400 1 12 15 20 23 4 7 30 32 22 2 21 17 19 29 27 5 25 28 6 13 16 3 14 9 8 24 11 10 26 18 31
401 1 12 15 20 23 4 7 30 32 22 2 21 17 19 29 27 5 25 28 6 13 16 3 14 9 8 24 11 10 26 18 31
402 1 12 15 20 23 4 7 30 32 22 2 21 17 19 29 27 5 25 28 6 13 16 3 14 9 8 24 11 10 26 18 31
403 1 12 15 20 23 4 7 30 32 22 2 21 17 19 29 27 5 25 28 6 13 16 3 14 9 8 24 11 10 26 18 31
404 1 12 15 20 23 4 7 30 32 22 2 21 17 19 29 27 5 25 28 6 13 16 3 14 9 8 24 11 10 26 18 31
405 1 12 15 20 23 4 7 30 32 22 2 21 17 19 29 27 5 25 28 6 13 16 3 14 9 8 24 11 10 26 18 31
406 1 12 15 20 23 4 7 30 32 22 2 21 17 19 29 27 5 25 28 6 13 16 3 14 9 8 24 11 10 26 18 31
407 1 12 15 20 23 4 7 30 32 22 2 21 17 19 29 27 5 25 28 6 13 16 3 14 9 8 24 11 10 26 18 31
408 1 12 15 20 23 4 7 30 32 22 2 21 17 19 29 27 5 25 28 6 13 16 3 14 9 8 24 11 10 26 18 31
409 1 12 15 20 23 4 7 30 32 22 2 21 17 19 29 27 5 25 28 6 13 16 3 14 9 8 24 11 10 26 18 31
410 1 12 15 20 23 4 7 30 32 22 2 21 17 19 29 27 5 25 28 6 13 16 3 14 9 8 24 11 10 26 18 31
411 1 12 15 20 23 4 7 30 32 22 2 21 17 19 29 27 5 25 28 6 13 16 3 14 9 8 24 11 10 26 18 31
412 1 12 15 20 23 4 7 30 32 22 2 21 17 19 29 27 5 25 28 6 13 16 3 14 9 8 24 11 10 26 18 31
413 1 12 15 20 23 4 7 30 32 22 2 21 17 19 29 27 5 25 28 6 13 16 3 14 9 8 24 11 10 26 18 31
414 1 12 15 20 23 4 7 30 32 22 2 21 17 19 29 27 5 25 28 6 13 16 3 14 9 8 24 11 10 26 18 31
415 1 12 15 20 23 4 7 30 32 22 2 21 17 19 29 27 5 25 28 6 13 16 3 14 9 8 24 11 10 26 18 31
416 1 12 15 20 23 4 7 30 32 22 2 21 17 19 29 27 5 25 28 6 13 16 3 14 9 8 24 11 10 26 18 31
417 1 12 15 20 23 4 7 30 32 22 2 21 17 19 29 27 5 25 28 6 13 16 3 14 9 8 24 11 10 26 18 31
418 1 12 15 20 23 4 7 30 32 22 2 21 17 19 29 27 5 25 28 6 13 16 3 14 9 8 24 11 10 26 18 31
419 1 12 15 20 23 4 7 30 32 22 2 21 17 19 29 27 5 25 28 6 13 16 3 14 9 8 24 11 10 26 18 31
420 1 12 15 20 23 4 7 30 32 22 2 21 17 19 29 27 5 25 28 6 13 16 3 14 9 8 24 11 10 26 18 31
421 1 12 15 20 23 4 7 30 32 22 2 21 17 19 29 27 5 25 28 6 13 16 3 14 9 8 24 11 10 26 18 31
422 1 12 15 20 23 4 7 30 32 22 2 21 17 19 29 27 5 25 28 6 13 16 3 14 9 8 24 11 10 26 18 31
423 1 12 15 20 23 4 7 30 32 22 2 21 17 19 29 27 5 25 28 6 13 16 3 14 9 8 24 11 10 26 18 31
424 1 12 15 20 23 4 7 30 32 22 2 21 17 19 29 27 5 25 28 6 13 16 3 14 9 8 24 11 10 26 18 31
425 1 12 15 20 23 4 7 30 32 22 2 21 17 19 29 27 5 25 28 6 13 16 3 14 9 8 24 11 10 26 18 31
426 1 12 15 20 23 4 7 30 32 22 2 21 17 19 29 27 5 25 28 6 13 16 3 14 9 8 24 11 10 26 18 31
427 1 12 15 20 23 4 7 30 32 22 2 21 17 19 29 27 5 25 28 6 13 16 3 14 9 8 24 11 10 26 18 31
428 1 12 15 20 23 4 7 30 32 22 2 21 17 19 29 27 5 25 28 6 13 16 3 14 9 8 24 11 10 26 18 31
429 1 12 15 20 23 4 7 30 32 22 2 21 17 19 29 27 5 25 28 6 13 16 3 14 9 8 24 11 10 26 18 31
430 1 12 15 20 23 4 7 30 32 22 2 21 17 19 29 27 5 25 28 6 13 16 3 14 9 8 24 11 10 26 18 31
431 1 12 15 20 23 4 7 30 32 22 2 21 17 19 29 27 5 25 28 6 13 16 3 14 9 8 24 11 10 26 18 31
432 1 12 15 20 23 4 7 30 32 22 2 21 17 19 29 27 5 25 28 6 13 16 3 14 9 8 24 11 10 26 18 31
433 1 12 15 20 23 4 7 30 32 22 2 21 17 19 29 27 5 25 28 6 13 16 3 14 9 8 24 11 10 26 18 31
434 1 12 15 20 23 4 7 30 32 22 2 21 17 19 29 27 5 25 28 6 13 16 3 14 9 8 24 11 10 26 18 31
435 1 12 15 20 23 4 7 30 32 22 2 21 17 19 29 27 5 25 28 6 13 16 3 14 9 8 24 11 10 26 18 31
436 1 12 15 20 23 4 7 30 32 22 2 21 17 19 29 27 5 25 28 6 13 16 3 14 9 8 24 11 10 26 18 31
437 1 12 15 20 23 4 7 30 32 22 2 21 17 19 29 27 5 25 28 6 13 16 3 14 9 8 24 11 10 26 18 31
438 1 12 15 20 23 4 7 30 32 22 2 21 17 19 29 27 5 25 28 6 13 16 3 14 9 8 24 11 10 26 18 31
439 1 12 15 20 23 4 7 30 32 22 2 21 17 19 29 27 5 25 28 6 13 16 3 14 9 8 24 11 10 26 18 31
440 1 12 15 20 23 4 7 30 32 22 2 21 17 19 29 27 5 25 28 6 13 16 3 14 9 8 24 11 10 26 18 31
441 1 12 15 20 23 4 7 30 32 22 2 21 17 19 29 27 5 25 28 6 13 16 3 14 9 8 24 11 10 26 18 31
442 1 12 15 20 23 4 7 30 32 22 2 21 17 19 29 27 5 25 28 6 13 16 3 14 9 8 24 11 10 26 18 31
443 1 12 15 20 23 4 7 30 32 22 2 21 17 19 29 27 5 25 28 6 13 16 3 14 9 8 24 11 10 26 18 31
444 1 12 15 20 23 4 7 30 32 22 2 21 17 19 29 27 5 25 28 6 13 16 3 14 9 8 24 11 10 26 18 31
445 1 12 15 20 23 4 7 30 32 22 2 21 17 19 29 27 5 25 28 6 13 16 3 14 9 8 24 11 10 26 18 31
446 1 12 15 20 23 4 7 30 32 22 2 21 17 19 29 27 5 25 28 6 13 16 3 14 9 8 24 11 10 26 18 31
447 1 12 15 20 23 4 7 30 32 22 2 21 17 19 29 27 5 25 28 6 13 16 3 14 9 8 24 11 10 26 18 31
448 1 12 15 20 23 4 7 30 32 22 2 21 17 19 29 27 5 25 28 6 13 16 3 14 9 8 24 11 10 26 18 31
449 1 12 15 20 23 4 7 30 32 22 2 21 17 19 29 27 5 25 28 6 13 16 3 14 9 8 24 11 10 26 18 31
450 1 12 15 20 23 4 7 30 32 22 2 21 17 19 29 27 5 25 28 6 13 16 3 14 9 8 24 11 10 26 18 31
451 1 12 15 20 23 4 7 30 32 22 2 21 17 19 29 27 5 25 28 6 13 16 3 14 9 8 24 11 10 26 18 31
452 1 12 15 20 23 4 7 30 32 22 2 21 17 19 29 27 5 25 28 6 13 16 3 14 9 8 24 11 10 26 18 31
453 1 12 15 20 23 4 7 30 32 22 2 21 17 19 29 27 5 25 28 6 13 16 3 14 9 8 24 11 10 26 18 31
454 1 12 15 20 23 4 7 30 32 22 2 21 17 19 29 27 5 25 28 6 13 16 3 14 9 8 24 11 10 26 18 31
455 1 12 15 20 23 4 7 30 32 22 2 21 17 19 29 27 5 25 28 6 13 16 3 14 9 8 24 11 10 26 18 31
456 1 12 15 20 23 4 7 30 32 22 2 21 17 19 29 27 5 25 28 6 13 16 3 14 9 8 24 11 10 26 18 31
457 1 12 15 20 23 4 7 30 32 22 2 21 17 19 29 27 5 25 28 6 13 16 3 14 9 8 24 11 10 26 18 31
458 1 12 15 20 23 4 7 30 32 22 2 21 17 19 29 27 5 25 28 6 13 16 3 14 9 8 24 11 10 26 18 31
459 1 12 15 20 23 4 7 30 32 22 2 21 17 19 29 27 5 25 28 6 13 16 3 14 9 8 24 11 10 26 18 31
460 1 12 15 20 23 4 7 30 32 22 2 21 17 19 29 27 5 25 28 6 13 16 3 14 9 8 24 11 10 26 18 31
461 1 12 15 20 23 4 7 30 32 22 2 21 17 19 29 27 5 25 28 6 13 16 3 14 9 8 24 11 10 26 18 31
462 1 12 15 20 23 4 7 30 32 22 2 21 17 19 29 27 5 25 28 6 13 16 3 14 9 8 24 11 10 26 18 31
463 1 12 15 20 23 4 7 30 32 22 2 21 17 19 29 27 5 25 28 6 13 16 3 14 9 8 24 11 10 26 18 31
464 1 12 15 20 23 4 7 30 32 22 2 21 17 19 29 27 5 25 28 6 13 16 3 14 9 8 24 11 10 26 18 31
465 1 12 15 20 23 4 7 30 32 22 2 21 17 19 29 27 5 25 28 6 13 16 3 14 9 8 24 11 10 26 18 31
466 1 12 15 20 23 4 7 30 32 22 2 21 17 19 29 27 5 25 28 6 13 16 3 14 9 8 24 11 10 26 18 31
467 1 12 15 20 23 4 7 30 32 22 2 21 17 19 29 27 5 25 28 6 13 16 3 14 9 8 24 11 10 26 18 31
468 1 12 15 20 23 4 7 30 32 22 2 21 17 19 29 27 5 25 28 6 13 16 3 14 9 8 24 11 10 26 18 31
469 1 12 15 20 23 4 7 30 32 22 2 21 17 19 29 27 5 25 28 6 13 16 3 14 9 8 24 11 10 26 18 31
470 1 12 15 20 23 4 7 30 32 22 2 21 17 19 29 27 5 25 28 6 13 16 3 14 9 8 24 11 10 26 18 31
471 1 12 15 20 23 4 7 30 32 22 2 21 17 19 29 27 5 25 28 6 13 16 3 14 9 8 24 11 10 26 18 31
472 1 12 15 20 23 4 7 30 32 22 2 21 17 19 29 27 5 25 28 6 13 16 3 14 9 8 24 11 10 26 18 31
473 1 12 15 20 23 4 7 30 32 22 2 21 17 19 29 27 5 25 28 6 13 16 3 14 9 8 24 11 10 26 18 31
474 1 12 15 20 23 4 7 30 32 22 2 21 17 19 29 27 5 25 28 6 13 16 3 14 9 8 24 11 10 26 18 31
475 1 12 15 20 23 4 7 30 32 22 2 21 17 19 29 27 5 25 28 6 13 16 3 14 9 8 24 11 10 26 18 31
476 1 12 15 20 23 4 7 30 32 22 2 21 17 19 29 27 5 25 28 6 13 16 3 14 9 8 24 11 10 26 18 31
477 1 12 15 20 23 4 7 30 32 22 2 21 17 19 29 27 5 25 28 6 13 16 3 14 9 8 24 11 10 26 18 31
478 1 12 15 20 23 4 7 30 32 22 2 21 17 19 29 27 5 25 28 6 13 16 3 14 9 8 24 11 10 26 18 31
479 1 12 15 20 23 4 7 30 32 22 2 21 17 19 29 27 5 25 28 6 13 16 3 14 9 8 24 11 10 26 18 31
480 1 12 15 20 23 4 7 30 32 22 2 21 17 19 29 27 5 25 28 6 13 16 3 14 9 8 24 11 10 26 18 31
481 1 12 15 20 23 4 7 30 32 22 2 21 17 19 29 27 5 25 28 6 13 16 3 14 9 8 24 11 10 26 18 31
482 1 12 15 20 23 4 7 30 32 22 2 21 17 19 29 27 5 25 28 6 13 16 3 14 9 8 24 11 10 26 18 31
483 1 12 15 20 23 4 7 30 32 22 2 21 17 19 29 27 5 25 28 6 13 16 3 14 9 8 24 11 10 26 18 31
484 1 12 15 20 23 4 7 30 32 22 2 21 17 19 29 27 5 25 28 6 13 16 3 14 9 8 24 11 10 26 18 31
485 1 12 15 20 23 4 7 30 32 22 2 21 17 19 29 27 5 25 28 6 13 16 3 14 9 8 24 11 10 26 18 31
486 1 12 15 20 23 4 7 30 32 22 2 21 17 19 29 27 5 25 28 6 13 16 3 14 9 8 24 11 10 26 18 31
487 1 12 15 20 23 4 7 30 32 22 2 21 17 19 29 27 5 25 28 6 13 16 3 14 9 8 24 11 10 26 18 31
488 1 12 15 20 23 4 7 30 32 22 2 21 17 19 29 27 5 25 28 6 13 16 3 14 9 8 24 11 10 26 18 31
489 1 12 15 20 23 4 7 30 32 22 2 21 17 19 29 27 5 25 28 6 13 16 3 14 9 8 24 11 10 26 18 31
490 1 12 15 20 23 4 7 30 32 22 2 21 17 19 29 27 5 25 28 6 13 16 3 14 9 8 24 11 10 26 18 31
491 1 12 15 20 23 4 7 30 32 22 2 21 17 19 29 27 5 25 28 6 13 16 3 14 9 8 24 11 10 26 18 31
492 1 12 15 20 23 4 7 30 32 22 2 21 17 19 29 27 5 25 28 6 13 16 3 14 9 8 24 11 10 26 18 31
493 1 12 15 20 23 4 7 30 32 22 2 21 17 19 29 27 5 25 28 6 13 16 3 14 9 8 24 11 10 26 18 31
494 1 12 15 20 23 4 7 30 32 22 2 21 17 19 29 27 5 25 28 6 13 16 3 14 9 8 24 11 10 26 18 31
495 1 12 15 20 23 4 7 30 32 22 2 21 17 19 29 27 5 25 28 6 13 16 3 14 9 8 24 11 10 26 18 31
496 1 12 15 20 23 4 7 30 32 22 2 21 17 19 29 27 5 25 28 6 13 16 3 14 9 8 24 11 10 26 18 31
497 1 12 15 20 23 4 7 30 32 22 2 21 17 19 29 27 5 25 28 6 13 16 3 14 9 8 24 11 10 26 18 31
498 1 12 15 20 23 4 7 30 32 22 2 21 17 19 29 27 5 25 28 6 13 16 3 14 9 8 24 11 10 26 18 31
499 1 12 15 20 23 4 7 30 32 22 2 21 17 19 29 27 5 25 28 6 13 16 3 14 9 8 24 11 10 26 18 31
500 1 12 15 20 23 4 7 30 32 22 2 21 17 19 29 27 5 25 28 6 13 16 3 14 9 8 24 11 10 26 18 31
501 1 12 15 20 23 4 7 30 32 22 2 21 17 19 29 27 5 25 28 6 13 16 3 14 9 8 24 11 10 26 18 31
502 1 12 15 20 23 4 7 30 32 22 2 21 17 19 29 27 5 25 28 6 13 16 3 14 9 8 24 11 10 26 18 31
503 1 12 15 20 23 4 7 30 32 22 2 21 17 19 29 27 5 25 28 6 13 16 3 14 9 8 24 11 10 26 18 31
504 1 12 15 20 23 4 7 30 32 22 2 21 17 19 29 27 5 25 28 6 13 16 3 14 9 8 24 11 10 26 18 31
505 1 12 15 20 23 4 7 30 32 22 2 21 17 19 29 27 5 25 28 6 13 16 3 14 9 8 24 11 10 26 18 31
506 1 12 15 20 23 4 7 30 32 22 2 21 17 19 29 27 5 25 28 6 13 16 3 14 9 8 24 11 10 26 18 31
507 1 12 15 20 23 4 7 30 32 22 2 21 17 19 29 27 5 25 28 6 13 16 3 14 9 8 24 11 10 26 18 31
508 1 12 15 20 23 4 7 30 32 22 2 21 17 19 29 27 5 25 28 6 13 16 3 14 9 8 24 11 10 26 18 31
509 1 12 15 20 23 4 7 30 32 22 2 21 17 19 29 27 5 25 28 6 13 16 3 14 9 8 24 11 10 26 18 31
510 1 12 15 20 23 4 7 30 32 22 2 21 17 19 29 27 5 25 28 6 13 16 3 14 9 8 24 11 10 26 18 31
511 1 12 15 20 23 4 7 30 32 22 2 21 17 19 29 27 5 25 28 6 13 16 3 14 9 8 24 11 10 26 18 31
512 1 12 15 20 23 4 7 30 32 22 2 21 17 19 29 27 5 25 28 6 13 16 3 14 9 8 24 11 10 26 18 31
513 1 12 15 20 23 4 7 30 32 22 2 21 17 19 29 27 5 25 28 6 13 16 3 14 9 8 24 11 10 26 18 31
514 1 12 15 20 23 4 7 30 32 22 2 21 17 19 29 27 5 25 28 6 13 16 3 14 9 8 24 11 10 26 18 31
515 1 12 15 20 23 4 7 30 32 22 2 21 17 19 29 27 5 25 28 6 13 16 3 14 9 8 24 11 10 26 18 31
516 1 12 15 20 23 4 7 30 32 22 2 21 17 19 29 27 5 25 28 6 13 16 3 14 9 8 24 11 10 26 18 31
517 1 12 15 20 23 4 7 30 32 22 2 21 17 19 29 27 5 25 28 6 13 16 3 14 9 8 24 11 10 26 18 31
518 1 12 15 20 23 4 7 30 32 22 2 21 17 19 29 27 5 25 28 6 13 16 3 14 9 8 24 11 10 26 18 31
519 1 12 15 20 23 4 7 30 32 22 2 21 17 19 29 27 5 25 28 6 13 16 3 14 9 8 24 11 10 26 18 31
520 1 12 15 20 23 4 7 30 32 22 2 21 17 19 29 27 5 25 28 6 13 16 3 14 9 8 24 11 10 26 18 31
521 1 12 15 20 23 4 7 30 32 22 2 21 17 19 29 27 5 25 28 6 13 16 3 14 9 8 24 11 10 26 18 31
522 1 12 15 20 23 4 7 30 32 22 2 21 17 19 29 27 5 25 28 6 13 16 3 14 9 8 24 11 10 26 18 31
523 1 12 15 20 23 4 7 30 32 22 2 21 17 19 29 27 5 25 28 6 13 16 3 14 9 8 24 11 10 26 18 31
524 1 12 15 20 23 4 7 30 32 22 2 21 17 19 29 27 5 25 28 6 13 16 3 14 9 8 24 11 10 26 18 31
525 1 12 15 20 23 4 7 30 32 22 2 21 17 19 29 27 5 25 28 6 13 16 3 14 9 8 24 11 10 26 18 31
526 1 12 15 20 23 4 7 30 32 22 2 21 17 19 29 27 5 25 28 6 13 16 3 14 9 8 24 11 10 26 18 31
527 1 12 15 20 23 4 7 30 32 22 2 21 17 19 29 27 5 25 28 6 13 16 3 14 9 8 24 11 10 26 18 31
528 1 12 15 20 23 4 7 30 32 22 2 21 17 19 29 27 5 25 28 6 13 16 3 14 9 8 24 11 10 26 18 31
529 1 12 15 20 23 4 7 30 32 22 2 21 17 19 29 27 5 25 28 6 13 16 3 14 9 8 24 11 10 26 18 31
530 1 12 15 20 23 4 7 30 32 22 2 21 17 19 29 27 5 25 28 6 13 16 3 14 9 8 24 11 10 26 18 31
531 1 12 15 20 23 4 7 30 32 22 2 21 17 19 29 27 5 25 28 6 13 16 3 14 9 8 24 11 10 26 18 31
532 1 12 15 20 23 4 7 30 32 22 2 21 17 19 29 27 5 25 28 6 13 16 3 14 9 8 24 11 10 26 18 31
533 1 12 15 20 23 4 7 30 32 22 2 21 17 19 29 27 5 25 28 6 13 16 3 14 9 8 24 11 10 26 18 31
534 1 12 15 20 23 4 7 30 32 22 2 21 17 19 29 27 5 25 28 6 13 16 3 14 9 8 24 11 10 26 18 31
535 1 12 15 20 23 4 7 30 32 22 2 21 17 19 29 27 5 25 28 6 13 16 3 14 9 8 24 11 10 26 18 31
536 1 12 15 20 23 4 7 30 32 22 2 21 17 19 29 27 5 25 28 6 13 16 3 14 9 8 24 11 10 26 18 31
537 1 12 15 20 23 4 7 30 32 22 2 21 17 19 29 27 5 25 28 6 13 16 3 14 9 8 24 11 10 26 18 31
538 1 12 15 20 23 4 7 30 32 22 2 21 17 19 29 27 5 25 28 6 13 16 3 14 9 8 24 11 10 26 18 31
539 1 12 15 20 23 4 7 30 32 22 2 21 17 19 29 27 5 25 28 6 13 16 3 14 9 8 24 11 10 26 18 31
540 1 12 15 20 23 4 7 30 32 22 2 21 17 19 29 27 5 25 28 6 13 16 3 14 9 8 24 11 10 26 18 31
541 1 12 15 20 23 4 7 30 32 22 2 21 17 19 29 27 5 25 28 6 13 16 3 14 9 8 24 11 10 26 18 31
542 1 12 15 20 23 4 7 30 32 22 2 21 17 19 29 27 5 25 28 6 13 16 3 14 9 8 24 11 10 26 18 31
543 1 12 15 20 23 4 7 30 32 22 2 21 17 19 29 27 5 25 28 6 13 16 3 14 9 8 24 11 10 26 18 31
544 1 12 15 20 23 4 7 30 32 22 2 21 17 19 29 27 5 25 28 6 13 16 3 14 9 8 24 11 10 26 18 31
545 1 12 15 20 23 4 7 30 32 22 2 21 17 19 29 27 5 25 28 6 13 16 3 14 9 8 24 11 10 26 18 31
546 1 12 15 20 23 4 7 30 32 22 2 21 17 19 29 27 5 25 28 6 13 16 3 14 9 8 24 11 10 26 18 31
547 1 12 15 20 23 4 7 30 32 22 2 21 17 19 29 27 5 25 28 6 13 16 3 14 9 8 24 11 10 26 18 31
548 1 12 15 20 23 4 7 30 32 22 2 21 17 19 29 27 5 25 28 6 13 16 3 14 9 8 24 11 10 26 18 31
549 1 12 15 20 23 4 7 30 32 22 2 21 17 19 29 27 5 25 28 6 13 16 3 14 9 8 24 11 10 26 18 31
550 1 12 15 20 23 4 7 30 32 22 2 21 17 19 29 27 5 25 28 6 13 16 3 14 9 8 24 11 10 26 18 31
551 1 12 15 20 23 4 7 30 32 22 2 21 17 19 29 27 5 25 28 6 13 16 3 14 9 8 24 11 10 26 18 31
552 1 12 15 20 23 4 7 30 32 22 2 21 17 19 29 27 5 25 28 6 13 16 3 14 9 8 24 11 10 26 18 31
553 1 12 15 20 23 4 7 30 32 22 2 21 17 19 29 27 5 25 28 6 13 16 3 14 9 8 24 11 10 26 18 31
554 1 12 15 20 23 4 7 30 32 22 2 21 17 19 29 27 5 25 28 6 13 16 3 14 9 8 24 11 10 26 18 31
555 1 12 15 20 23 4 7 30 32 22 2 21 17 19 29 27 5 25 28 6 13 16 3 14 9 8 24 11 10 26 18 31
556 1 12 15 20 23 4 7 30 32 22 2 21 17 19 29 27 5 25 28 6 13 16 3 14 9 8 24 11 10 26 18 31
557 1 12 15 20 23 4 7 30 32 22 2 21 17 19 29 27 5 25 28 6 13 16 3 14 9 8 24 11 10 26 18 31
558 1 12 15 20 23 4 7 30 32 22 2 21 17 19 29 27 5 25 28 6 13 16 3 14 9 8 24 11 10 26 18 31
559 1 12 15 20 23 4 7 30 32 22 2 21 17 19 29 27 5 25 28 6 13 16 3 14 9 8 24 11 10 26 18 31
560 1 12 15 20 23 4 7 30 32 22 2 21 17 19 29 27 5 25 28 6 13 16 3 14 9 8 24 11 10 26 18 31
561 1 12 15 20 23 4 7 30 32 22 2 21 17 19 29 27 5 25 28 6 13 16 3 14 9 8 24 11 10 26 18 31
562 1 12 15 20 23 4 7 30 32 22 2 21 17 19 29 27 5 25 28 6 13 16 3 14 9 8 24 11 10 26 18 31
563 1 12 15 20 23 4 7 30 32 22 2 21 17 19 29 27 5 25 28 6 13 16 3 14 9 8 24 11 10 26 18 31
564 1 12 15 20 23 4 7 30 32 22 2 21 17 19 29 27 5 25 28 6 13 16 3 14 9 8 24 11 10 26 18 31
565 1 12 15 20 23 4 7 30 32 22 2 21 17 19 29 27 5 25 28 6 13 16 3 14 9 8 24 11 10 26 18 31
566 1 12 15 20 23 4 7 30 32 22 2 21 17 19 29 27 5 25 28 6 13 16 3 14 9 8 24 11 10 26 18 31
567 1 12 15 20 23 4 7 30 32 22 2 21 17 19 29 27 5 25 28 6 13 16 3 14 9 8 24 11 10 26 18 31
568 1 12 15 20 23 4 7 30 32 22 2 21 17 19 29 27 5 25 28 6 13 16 3 14 9 8 24 11 10 26 18 31
569 1 12 15 20 23 4 7 30 32 22 2 21 17 19 29 27 5 25 28 6 13 16 3 14 9 8 24 11 10 26 18 31
570 1 12 15 20 23 4 7 30 32 22 2 21 17 19 29 27 5 25 28 6 13 16 3 14 9 8 24 11 10 26 18 31
571 1 12 15 20 23 4 7 30 32 22 2 21 17 19 29 27 5 25 28 6 13 16 3 14 9 8 24 11 10 26 18 31
572 1 12 15 20 23 4 7 30 32 22 2 21 17 19 29 27 5 25 28 6 13 16 3 14 9 8 24 11 10 26 18 31
573 1 12 15 20 23 4 7 30 32 22 2 21 17 19 29 27 5 25 28 6 13 16 3 14 9 8 24 11 10 26 18 31
574 1 12 15 20 23 4 7 30 32 22 2 21 17 19 29 27 5 25 28 6 13 16 3 14 9 8 24 11 10 26 18 31
575 1 12 15 20 23 4 7 30 32 22 2 21 17 19 29 27 5 25 28 6 13 16 3 14 9 8 24 11 10 26 18 31
576 1 12 15 20 23 4 7 30 32 22 2 21 17 19 29 27 5 25 28 6 13 16 3 14 9 8 24 11 10 26 18 31
577 1 12 15 20 23 4 7 30 32 22 2 21 17 19 29 27 5 25 28 6 13 16 3 14 9 8 24 11 10 26 18 31
578 1 12 15 20 23 4 7 30 32 22 2 21 17 19 29 27 5 25 28 6 13 16 3 14 9 8 24 11 10 26 18 31
579 1 12 15 20 23 4 7 30 32 22 2 21 17 19 29 27 5 25 28 6 13 16 3 14 9 8 24 11 10 26 18 31
580 1 12 15 20 23 4 7 30 32 22 2 21 17 19 29 27 5 25 28 6 13 16 3 14 9 8 24 11 10 26 18 31
581 1 12 15 20 23 4 7 30 32 22 2 21 17 19 29 27 5 25 28 6 13 16 3 14 9 8 24 11 10 26 18 31
582 1 12 15 20 23 4 7 30 32 22 2 21 17 19 29 27 5 25 28 6 13 16 3 14 9 8 24 11 10 26 18 31
583 1 12 15 20 23 4 7 30 32 22 2 21 17 19 29 27 5 25 28 6 13 16 3 14 9 8 24 11 10 26 18 31
584 1 12 15 20 23 4 7 30 32 22 2 21 17 19 29 27 5 25 28 6 13 16 3 14 9 8 24 11 10 26 18 31
585 1 12 15 20 23 4 7 30 32 22 2 21 17 19 29 27 5 25 28 6 13 16 3 14 9 8 24 11 10 26 18 31
586 1 12 15 20 23 4 7 30 32 22 2 21 17 19 29 27 5 25 28 6 13 16 3 14 9 8 24 11 10 26 18 31
587 1 12 15 20 23 4 7 30 32 22 2 21 17 19 29 27 5 25 28 6 13 16 3 14 9 8 24 11 10 26 18 31
588 1 12 15 20 23 4 7 30 32 22 2 21 17 19 29 27 5 25 28 6 13 16 3 14 9 8 24 11 10 26 18 31
589 1 12 15 20 23 4 7 30 32 22 2 21 17 19 29 27 5 25 28 6 13 16 3 14 9 8 24 11 10 26 18 31
590 1 12 15 20 23 4 7 30 32 22 2 21 17 19 29 27 5 25 28 6 13 16 3 14 9 8 24 11 10 26 18 31
591 1 12 15 20 23 4 7 30 32 22 2 21 17 19 29 27 5 25 28 6 13 16 3 14 9 8 24 11 10 26 18 31
592 1 12 15 20 23 4 7 30 32 22 2 21 17 19 29 27 5 25 28 6 13 16 3 14 9 8 24 11 10 26 18 31
593 1 12 15 20 23 4 7 30 32 22 2 21 17 19 29 27 5 25 28 6 13 16 3 14 9 8 24 11 10 26 18 31
594 1 12 15 20 23 4 7 30 32 22 2 21 17 19 29 27 5 25 28 6 13 16 3 14 9 8 24 11 10 26 18 31
595 1 12 15 20 23 4 7 30 32 22 2 21 17 19 29 27 5 25 28 6 13 16 3 14 9 8 24 11 10 26 18 31
596 1 12 15 20 23 4 7 30 32 22 2 21 17 19 29 27 5 25 28 6 13 16 3 14 9 8 24 11 10 26 18 31
597 1 12 15 20 23 4 7 30 32 22 2 21 17 19 29 27 5 25 28 6 13 16 3 14 9 8 24 11 10 26 18 31
598 1 12 15 20 23 4 7 30 32 22 2 21 17 19 29 27 5 25 28 6 13 16 3 14 9 8 24 11 10 26 18 31
599 1 12 15 20 23 4 7 30 32 22 2 21 17 19 29 27 5 25 28 6 13 16 3 14 9 8 24 11 10 26 18 31
600 1 12 15 20 23 4 7 30 32 22 2 21 17 19 29 27 5 25 28 6 13 16 3 14 9 8 24 11 10 26 18 31
