           1   -0.001292   -0.001292           0
           2   -0.004484   -0.002888    0.001596
           3   -0.000424 -0.00206667  0.00123437
           4     0.00022   -0.001495  0.00104338
           5    0.002568  -0.0006824  0.00114608
           6    0.017636  0.00237067  0.00319326
           7   -0.008984 0.000748571  0.00314876
           8   -0.014316  -0.0011345  0.00331391
           9   -0.009348 -0.00204711  0.00306176
          10    -0.00052  -0.0018944  0.00274278
          11     0.00638 -0.00114218  0.00259247
          12   -0.010412 -0.00191467  0.00248947
          13    0.010556-0.000955385  0.00248279
          14    -7.6e-05-0.000892571  0.00229947
          15   -0.003204 -0.00104667  0.00214623
          16   -0.000644  -0.0010215  0.00200777
          17   -0.006684 -0.00135459  0.00191516
          18    0.009776-0.000736222  0.00190858
          19   -0.009848 -0.00121579  0.00186795
          20    0.012144  -0.0005478  0.00189381
          21   -0.009576-0.000977714  0.00185196
          22   -0.007004 -0.00125164   0.0017869
          23   -0.001068 -0.00124365  0.00170746
          24    -0.00092 -0.00123017  0.00163482
          25    0.003708 -0.00103264  0.00158046
          26    0.003092   -0.000874  0.00152672
          27     -0.0059 -0.00106015  0.00148083
          28   -0.000124 -0.00102671  0.00142736
          29    0.003556 -0.00086869   0.0013863
          30   -0.004124  -0.0009772  0.00134368
          31    0.010868-0.000595097  0.00135462
          32     0.00132 -0.00053525  0.00131297
          33    0.001704-0.000467394  0.00127437
          34    0.013984-4.23529e-05  0.00130734
          35   -0.020416-0.000624457  0.00139654
          36    0.004524-0.000481444  0.00136471
          37   -0.001048-0.000496757   0.0013274
          38    0.005236-0.000345895  0.00130077
          39   -0.009408-0.000578256  0.00128811
          40     0.01366  -0.0002223  0.00130498
          41   -0.001904-0.000263317  0.00127342
          42    0.004892-0.000140571  0.00124877
          43    -0.00046   -0.000148  0.00121941
          44    0.009708     7.6e-05  0.00121225
          45   -0.005092-3.88444e-05  0.00119055
          46    -0.01158-0.000289739  0.00119111
          47   -0.011148-0.000520766  0.00118817
          48   -0.005324-0.000620833  0.00116745
          49   -0.002144-0.000651918   0.0011438
          50    -0.00728 -0.00078448   0.0011285
          51     0.00554-0.000660471  0.00111308
          52      0.0023-0.000603538  0.00109295
          53    0.003328-0.000529358  0.00107469
          54      0.0104-0.000326963  0.00107385
          55   -0.002672  -0.0003696  0.00105501
          56    -0.00048-0.000371571    0.001036
          57   -0.019224-0.000702316  0.00107006
          58    -0.00098-0.000707103  0.00105146
          59    0.001084-0.000676746  0.00103393
          60    0.007352-0.000542933  0.00102532
          61    0.000188-0.000530951  0.00100844
          62    0.003164-0.000471355 0.000993831
          63     -0.0062-0.000562286 0.000982147
          64   -0.000336 -0.00055875 0.000966686
          65    0.018184  -0.0002704 0.000994422
          66      0.0062-0.000172364 0.000984134
          67    0.003992-0.000110209 0.000971325
          68   -0.013072-0.000300824 0.000975734
          69   -0.002432 -0.00033171 0.000961985
          70    0.004304-0.000265486 0.000950452
          71   -0.003992-0.000317972 0.000938439
          72     -0.0091-0.000439944 0.000933318
          73    0.004504-0.000372219 0.000922932
          74    0.010476-0.000225622 0.000922102
          75   -0.005304-0.000293333 0.000912241
          76    0.005052   -0.000223 0.000902901
          77    0.000148-0.000218182 0.000891111
          78   -0.000452-0.000221179 0.000879618
          79    0.008552-0.000110127 0.000875484
          80   -0.010096 -0.00023495 0.000873436
          81   -0.005816-0.000303852 0.000865333
          82    0.007628-0.000207122 0.000860171
          83   -0.002228 -0.00023147 0.000850094
          84   -0.003868-0.000274762 0.000841027
          85   -0.019704-0.000503341 0.000861935
          86    0.012348-0.000353907 0.000864862
          87      0.0073-0.000265931 0.000859378
          88    0.001896-0.000241364 0.000849911
          89    0.019808-1.60899e-05  0.00086998
          90     0.00608 5.16444e-05 0.000862921
          91    0.005636 0.000113011  0.00085559
          92     0.00756 0.000193957 0.000850101
          93    0.012476 0.000326022 0.000851218
          94    0.012708 0.000457745 0.000852354
          95     0.01056 0.000564084 0.000850012
          96   -0.007124    0.000484 0.000844915
          97    0.005588 0.000536619 0.000837813
          98   -0.008652 0.000442857 0.000834504
          99   -0.014752 0.000289374  0.00084017
         100    0.002992   0.0003164 0.000832164
