70.0 1 25 10 30 8 4 6 27 21 5 28 19 31 17 12 15 23 22 9 7 24 18 2 26 13 32 3 20 16 14 29 11
69.9 1 4 6 32 18 10 31 2 21 26 30 5 28 8 25 24 3 17 27 23 13 7 29 16 12 11 9 19 15 14 20 22
69.8 1 15 9 25 4 32 2 8 18 14 7 23 16 31 24 11 19 10 3 28 12 20 30 5 17 29 27 26 13 21 22 6
69.7 1 28 17 23 14 29 6 26 18 22 25 32 20 2 12 30 21 9 7 10 5 8 15 31 11 19 24 27 13 3 4 16
69.6 1 13 17 27 30 32 3 24 25 8 11 14 20 16 22 29 6 21 23 26 7 18 10 12 5 4 19 31 15 9 28 2
69.5 1 28 30 17 13 29 9 7 16 15 21 8 25 18 27 22 31 12 20 2 11 32 6 23 4 14 26 5 24 3 19 10
69.4 1 28 29 12 15 6 13 32 27 18 7 8 11 4 14 16 2 23 5 10 30 17 22 20 26 19 9 31 21 3 25 24
69.3 1 13 3 20 14 19 18 16 32 10 26 8 4 24 9 31 28 12 29 21 6 11 5 15 2 22 23 17 30 25 7 27
69.2 1 14 20 30 6 27 17 9 10 8 7 19 15 12 24 4 11 21 2 18 13 31 23 32 22 29 25 16 3 26 28 5
69.1 1 2 18 32 28 27 16 23 3 24 30 17 14 6 25 26 8 4 12 20 29 19 31 21 7 15 9 11 5 22 13 10
69.0 1 23 4 3 13 17 31 25 15 5 20 30 18 11 2 29 21 9 19 12 28 22 26 24 8 32 16 14 27 6 7 10
68.9 1 30 25 10 9 21 3 24 32 29 7 19 8 15 12 28 16 6 5 17 13 2 22 27 31 14 20 11 18 4 26 23
68.8 1 14 23 12 11 22 26 24 2 4 19 8 7 9 21 29 18 25 13 16 27 31 20 3 28 17 15 10 5 6 30 32
68.7 1 7 26 13 20 18 15 32 19 21 22 31 6 4 11 23 9 10 27 3 8 5 14 17 29 2 30 24 25 28 16 12
68.6 1 20 14 29 24 3 5 16 13 15 32 28 17 11 9 10 19 21 8 18 27 2 31 12 25 26 4 7 6 23 22 30
68.5 1 7 14 17 12 27 11 5 13 30 4 32 26 18 31 2 24 28 6 16 8 3 20 23 9 15 25 22 19 29 10 21
68.4 1 14 4 19 24 16 21 31 18 13 5 26 23 12 10 7 9 20 25 30 32 2 11 6 17 3 22 8 28 15 29 27
68.3 1 19 25 26 13 2 8 23 30 29 10 9 18 27 5 14 11 28 20 32 24 31 17 16 21 6 22 7 12 3 15 4
68.2 1 5 29 6 10 15 26 7 23 16 2 25 24 8 18 3 30 14 17 12 27 31 4 32 11 9 20 22 28 19 21 13
68.1 1 21 16 6 22 20 29 13 5 9 7 8 24 30 17 12 25 23 31 19 26 2 3 28 4 32 15 11 18 14 10 27
68.0 1 6 3 16 9 10 15 23 31 20 8 24 2 13 29 30 11 18 27 4 19 21 26 17 28 22 5 25 12 32 7 14
67.9 1 26 28 22 13 12 21 18 11 4 15 3 31 27 5 30 24 9 23 20 10 32 16 7 6 14 25 17 8 2 19 29
67.8 1 8 28 21 26 30 10 4 12 7 27 31 20 25 23 22 15 6 24 32 11 29 2 16 9 18 13 17 19 5 14 3
67.7 1 28 30 5 17 31 15 21 4 26 3 29 22 2 8 7 14 10 12 9 13 11 19 16 6 24 32 18 23 25 27 20
67.6 1 21 11 18 25 23 4 16 15 3 27 2 26 30 5 17 29 9 13 24 8 32 6 31 22 19 20 28 7 14 10 12
67.5 1 20 31 8 26 15 5 28 23 9 2 21 3 24 27 16 17 22 12 18 13 4 32 19 25 30 14 11 7 29 10 6
67.4 1 9 8 21 4 11 18 2 26 27 12 15 13 3 22 6 25 5 16 17 10 30 20 24 29 19 28 23 14 31 32 7
67.3 1 30 11 9 25 8 4 32 16 24 7 6 17 22 20 14 31 3 18 10 5 26 27 15 21 19 12 29 13 28 23 2
67.2 1 26 32 16 18 12 7 14 21 8 30 29 6 13 4 27 9 19 5 10 23 28 31 2 11 22 24 3 20 17 15 25
67.1 1 18 10 12 5 26 27 29 22 20 32 17 7 11 31 13 6 24 30 3 14 8 25 23 16 28 15 19 4 2 9 21
67.0 1 23 21 26 31 29 14 15 30 24 22 16 5 9 11 19 28 17 18 6 32 27 4 25 20 13 7 3 8 2 12 10
66.9 1 20 16 21 28 14 7 3 23 31 13 18 9 19 27 32 4 22 5 2 17 29 24 15 12 11 8 10 30 25 26 6
66.8 1 21 23 28 3 10 13 25 12 18 31 2 14 20 4 27 8 16 26 7 30 15 32 17 9 6 19 11 22 29 24 5
66.7 1 17 28 9 11 6 26 24 32 23 15 29 4 16 27 22 3 21 8 25 31 2 30 20 10 13 19 7 14 12 5 18
66.6 1 3 25 29 11 5 14 7 13 27 30 23 20 16 31 10 17 4 21 22 28 8 2 9 15 32 6 26 12 18 19 24
66.5 1 13 20 14 12 26 25 27 7 15 32 19 2 8 31 4 6 16 3 17 5 28 24 23 11 22 30 21 18 10 9 29
66.4 1 9 13 19 22 20 28 3 2 27 15 11 10 8 4 17 31 26 29 24 14 18 5 25 30 23 6 32 16 7 21 12
66.3 1 7 16 12 30 8 20 11 27 26 4 9 29 17 21 2 3 15 31 32 23 5 10 6 25 13 28 24 18 22 14 19
66.2 1 12 32 20 26 7 28 15 2 9 14 18 31 4 24 29 17 19 3 8 22 23 21 30 6 11 13 25 16 5 10 27
66.1 1 9 32 6 11 22 23 15 21 7 14 3 29 8 19 13 24 26 27 16 30 28 20 17 5 18 12 4 10 31 2 25
66.0 1 23 15 5 2 8 19 12 29 16 6 10 31 21 3 32 4 17 18 27 20 30 13 28 25 14 26 22 24 11 7 9
65.9 1 13 9 2 23 14 30 10 6 4 22 7 19 5 25 32 8 29 27 11 28 15 17 12 31 24 26 3 21 16 20 18
65.8 1 11 28 3 15 5 30 17 7 21 22 9 8 31 18 32 29 19 14 2 25 27 23 20 24 6 13 12 26 4 16 10
65.7 1 24 17 8 23 6 28 19 27 16 32 9 7 4 18 25 14 30 2 13 11 29 21 3 10 20 26 15 5 12 22 31
65.6 1 22 32 8 15 29 24 31 9 23 11 3 27 13 6 18 19 10 28 26 4 17 14 20 21 5 25 12 7 30 16 2
65.5 1 24 14 6 31 30 10 27 29 23 5 26 18 22 3 12 19 8 21 20 32 7 11 16 4 17 13 2 28 9 25 15
65.4 1 7 16 23 12 21 32 9 19 5 26 22 17 30 4 14 31 13 20 29 27 15 10 3 18 28 25 2 24 11 8 6
65.3 1 20 10 16 18 30 27 9 17 24 28 23 7 22 32 15 29 21 31 25 6 8 14 4 19 13 26 11 2 5 12 3
65.2 1 29 22 11 9 20 7 23 17 24 12 5 4 10 19 26 3 28 30 14 31 8 6 25 16 27 15 18 32 13 21 2
65.1 1 15 10 12 11 29 20 25 30 24 9 3 6 28 5 14 27 22 13 8 17 7 21 2 16 18 32 23 4 19 26 31
65.0 1 26 28 30 32 3 12 31 2 29 10 23 16 21 5 4 17 8 11 14 15 19 22 24 6 9 7 27 18 25 20 13
64.9 1 3 6 13 31 21 10 16 19 24 20 7 5 22 4 30 18 32 15 29 26 11 12 23 28 2 8 9 17 14 27 25
64.8 1 16 2 18 27 5 14 30 19 17 11 21 7 15 31 4 3 8 26 13 9 20 22 10 28 32 24 29 6 23 12 25
64.7 1 12 29 6 21 14 32 2 11 7 22 19 24 3 23 16 31 5 17 13 9 27 20 28 15 10 26 4 30 18 25 8
64.6 1 21 27 10 7 20 4 16 30 25 6 18 26 3 12 24 11 9 5 31 2 17 22 28 19 15 29 14 13 23 32 8
64.5 1 11 29 4 25 14 9 26 6 30 22 23 28 5 18 32 27 3 8 20 24 17 19 21 12 16 7 13 2 15 10 31
64.4 1 32 7 29 2 28 8 17 20 3 27 26 19 24 9 13 15 5 4 6 11 23 18 22 21 14 10 31 12 30 25 16
64.3 1 24 31 17 30 28 14 21 29 20 18 6 4 32 7 8 22 13 12 11 2 26 16 5 10 3 19 27 15 9 23 25
64.2 1 7 18 25 11 26 12 4 9 10 28 16 29 22 19 31 17 3 13 27 21 6 23 14 20 15 24 5 8 30 32 2
64.1 1 6 2 11 23 19 28 20 3 10 25 30 21 27 29 7 4 16 31 26 24 13 5 18 32 8 14 9 17 12 22 15
64.0 1 4 16 30 25 15 29 14 11 20 21 19 31 3 17 32 12 13 23 27 28 18 22 26 24 5 6 9 10 2 8 7
63.9 1 16 13 5 32 30 24 21 28 26 6 18 4 22 8 14 20 29 15 9 31 27 2 17 7 23 3 10 19 11 25 12
63.8 1 31 2 26 6 21 15 10 25 30 29 28 5 27 7 32 12 9 11 20 4 3 13 19 24 18 22 23 17 14 16 8
63.7 1 5 29 8 7 28 18 25 26 20 14 27 19 17 10 16 9 22 12 11 3 4 32 24 30 6 2 21 23 31 15 13
63.6 1 15 16 23 5 32 3 31 26 10 20 21 14 2 19 8 13 9 6 29 11 7 25 22 27 28 24 12 17 4 18 30
63.5 1 2 18 10 32 6 11 14 9 16 28 27 4 31 29 7 19 12 3 20 24 5 26 15 30 23 22 17 8 25 13 21
63.4 1 21 29 5 6 12 25 16 14 9 20 7 30 2 19 8 26 28 22 11 15 31 32 27 3 18 24 4 17 23 10 13
63.3 1 28 5 23 30 27 17 16 3 4 11 12 8 31 2 6 32 20 25 14 26 13 10 18 7 21 24 29 15 9 19 22
63.2 1 2 32 18 31 9 16 30 5 23 6 25 19 27 26 17 3 4 29 14 20 21 15 24 10 28 13 7 11 12 22 8
63.1 1 14 24 21 26 9 6 31 20 28 27 19 25 5 8 7 13 16 15 29 18 32 2 12 23 3 22 4 11 10 17 30
63.0 1 17 30 25 29 9 11 16 24 21 18 7 5 19 6 10 8 28 23 14 32 31 20 2 13 15 4 3 22 26 27 12
62.9 1 14 20 15 25 5 8 18 16 27 23 11 4 21 9 32 12 28 30 19 26 13 10 6 7 17 2 24 22 3 29 31
62.8 1 13 21 26 32 4 20 23 30 15 27 31 29 7 22 17 9 12 18 28 5 10 8 16 14 6 25 19 24 11 3 2
62.7 1 21 14 23 8 32 5 16 7 6 12 28 25 27 2 22 17 13 15 31 26 19 9 20 24 4 3 10 18 29 11 30
62.6 1 31 14 11 30 29 3 7 5 32 10 28 22 21 9 23 19 24 20 13 26 25 8 17 15 16 27 12 4 18 6 2
62.5 1 6 24 5 3 13 21 14 18 11 12 8 17 30 10 27 9 26 16 28 31 15 2 19 22 29 25 32 20 7 23 4
62.4 1 2 23 12 19 16 18 17 31 9 14 4 28 13 24 25 26 10 22 5 11 21 27 29 6 7 32 20 3 8 30 15
62.3 1 13 21 27 24 28 4 30 3 9 10 2 22 32 8 7 15 20 11 5 31 14 29 16 18 25 23 19 12 26 17 6
62.2 1 9 16 13 3 30 32 5 31 2 17 25 20 6 26 21 27 11 10 29 4 22 23 7 18 28 14 24 19 8 12 15
62.1 1 31 26 30 14 24 16 4 2 23 28 32 29 21 5 3 19 17 18 27 12 22 9 7 8 10 20 6 25 13 11 15
62.0 1 25 18 21 20 16 27 31 6 19 22 32 11 14 26 3 29 2 9 30 28 7 24 10 5 17 15 13 8 23 4 12
61.9 1 31 27 24 23 19 5 26 10 29 6 16 12 25 2 13 21 32 8 14 17 30 28 20 4 11 15 18 9 3 7 22
61.8 1 16 19 23 8 21 4 12 10 2 24 9 18 14 15 3 31 27 26 28 17 32 25 5 30 13 11 7 6 22 20 29
61.7 1 7 10 5 14 21 24 18 31 16 29 17 4 30 20 32 23 13 9 12 28 3 22 19 11 8 6 27 15 25 2 26
61.6 1 7 15 21 27 30 32 16 11 2 22 5 24 25 8 9 19 17 18 29 20 23 3 31 6 14 13 4 12 26 10 28
61.5 1 30 29 26 32 7 14 23 16 19 24 13 27 12 11 10 18 4 9 6 20 8 22 5 31 25 17 28 15 2 21 3
61.4 1 13 15 26 20 23 8 21 14 19 10 29 12 27 5 11 9 7 3 18 24 17 2 16 30 28 22 25 6 31 32 4
61.3 1 3 32 10 30 27 15 23 7 24 16 22 5 11 25 4 19 2 18 31 17 28 14 8 21 12 6 9 26 29 20 13
61.2 1 14 30 25 11 19 23 3 16 17 18 6 31 13 5 20 7 4 10 2 26 9 24 15 29 27 21 8 12 22 28 32
61.1 1 23 26 28 21 8 24 5 9 7 32 14 3 18 6 19 31 10 22 13 20 11 27 17 16 25 15 30 4 12 29 2
61.0 1 4 3 22 32 29 18 28 13 7 16 25 17 31 8 26 30 21 2 10 24 11 20 12 15 23 5 19 27 6 14 9
60.9 1 32 17 8 13 3 28 20 10 16 30 4 9 21 19 15 14 27 31 25 22 12 5 2 6 23 29 24 7 18 11 26
60.8 1 11 24 20 29 13 19 22 25 30 10 16 28 14 21 2 23 6 7 12 31 32 3 4 27 18 26 5 15 9 17 8
60.7 1 5 2 14 25 15 7 27 21 6 3 19 11 4 13 32 23 22 29 31 8 20 24 10 30 26 28 18 17 12 9 16
60.6 1 19 23 18 22 11 9 30 31 26 4 16 25 10 20 7 5 6 28 21 2 24 17 27 32 15 14 12 8 13 29 3
60.5 1 13 6 21 17 32 15 28 14 4 7 25 30 22 29 20 24 12 5 16 3 23 11 10 26 31 19 9 2 8 18 27
60.4 1 29 12 18 31 2 22 4 15 32 10 8 6 24 5 17 28 7 3 27 20 13 16 25 23 14 21 9 19 30 26 11
60.3 1 21 11 24 14 15 8 17 2 19 18 23 28 9 7 26 16 3 22 5 20 27 12 30 29 25 10 4 31 13 6 32
60.2 1 12 31 20 11 9 27 21 10 13 4 16 18 30 2 24 6 15 14 26 17 22 5 8 19 23 28 29 7 25 32 3
60.1 1 11 13 6 21 16 4 28 14 10 29 31 22 12 32 18 7 15 19 5 3 23 26 25 2 9 30 8 24 20 17 27
60.0 1 15 13 25 10 28 16 31 7 27 4 24 21 11 9 19 2 12 29 8 22 30 26 32 3 5 20 14 17 18 6 23
59.9 1 19 32 24 20 14 4 3 31 6 22 10 17 16 12 5 7 9 29 23 30 25 27 8 13 18 2 21 28 11 26 15
59.8 1 30 25 26 27 13 6 15 29 7 3 19 22 9 10 4 20 18 5 8 16 23 2 28 24 14 32 11 31 17 21 12
59.7 1 31 15 19 28 25 17 4 9 3 10 26 27 6 20 14 5 2 24 22 8 11 23 12 7 18 16 29 21 13 30 32
59.6 1 12 27 4 19 13 7 15 8 24 17 2 31 9 14 20 28 18 3 30 21 11 29 6 26 22 32 25 5 10 16 23
59.5 1 17 14 10 22 12 6 13 7 30 9 16 23 11 8 31 20 4 3 26 32 25 28 24 2 15 18 21 5 29 27 19
59.4 1 7 31 11 25 8 13 6 22 10 29 23 12 28 30 20 26 32 14 16 21 24 9 18 4 3 15 17 5 27 19 2
59.3 1 9 24 6 4 32 21 3 17 27 16 11 19 7 14 15 23 8 28 29 25 30 10 31 26 18 20 13 22 2 12 5
59.2 1 8 28 3 22 21 31 13 7 12 23 11 26 5 27 17 20 6 16 14 29 9 4 19 10 25 32 30 18 15 24 2
59.1 1 8 18 19 13 3 28 2 27 14 31 15 11 30 21 12 4 22 25 5 16 24 20 10 23 32 26 6 7 9 17 29
59.0 1 28 15 30 4 10 5 13 23 21 7 29 8 6 24 3 16 17 14 32 27 31 26 9 11 20 18 12 25 22 19 2
58.9 1 27 14 7 11 17 20 19 29 5 23 13 32 3 8 4 2 25 18 9 26 15 22 16 6 24 12 31 28 30 21 10
58.8 1 5 12 22 15 10 17 27 14 8 16 30 9 20 29 19 2 7 18 11 3 21 4 24 25 31 23 6 13 26 32 28
58.7 1 12 32 7 4 3 6 19 23 25 29 22 2 16 10 31 17 8 21 15 28 27 11 13 30 18 26 14 5 24 9 20
58.6 1 24 11 5 7 10 12 22 17 16 15 6 2 18 25 26 31 9 21 28 29 27 30 14 23 3 20 32 13 19 4 8
58.5 1 11 6 9 16 22 18 24 14 30 27 26 4 17 10 5 12 25 7 13 23 32 8 21 19 20 29 28 2 15 3 31
58.4 1 5 10 25 2 22 23 16 8 27 18 17 29 4 7 6 30 3 11 32 28 15 21 24 31 9 13 14 26 20 19 12
58.3 1 9 24 31 16 18 26 5 22 2 12 6 3 11 15 25 28 21 30 8 10 29 7 19 20 13 23 4 17 27 32 14
58.2 1 21 10 26 27 16 3 32 31 17 24 8 5 12 6 14 28 25 7 20 9 15 19 11 2 4 30 23 29 18 22 13
58.1 1 24 6 27 28 16 23 32 25 21 2 14 12 8 26 4 13 11 5 9 7 29 22 30 3 19 10 31 15 18 20 17
58.0 1 21 11 16 2 22 26 8 23 15 28 5 18 17 7 9 29 12 30 31 32 10 19 24 13 6 3 4 27 25 20 14
57.9 1 29 10 7 21 9 17 24 11 8 22 14 18 19 5 20 3 30 13 26 25 6 15 16 28 27 4 2 23 12 31 32
57.8 1 30 4 16 12 5 28 32 20 6 31 18 25 23 27 2 26 8 21 10 15 19 11 3 9 29 24 7 22 17 14 13
57.7 1 2 16 7 22 8 20 11 29 10 28 30 4 32 3 23 26 19 5 6 14 27 12 31 13 18 17 9 25 21 15 24
57.6 1 13 11 28 2 24 22 30 4 18 21 26 3 12 7 6 29 23 15 9 5 20 8 10 32 25 27 14 19 17 16 31
57.5 1 16 25 11 4 17 15 19 22 26 30 31 18 20 21 5 14 24 6 32 10 8 28 9 2 12 13 7 27 23 3 29
57.4 1 3 13 10 30 23 4 29 8 16 32 18 20 11 9 28 5 27 6 26 31 25 12 22 7 2 17 24 14 19 15 21
57.3 1 20 22 14 32 24 15 9 19 2 5 23 29 17 28 30 31 10 18 6 4 25 8 27 7 13 12 3 11 21 16 26
57.2 1 5 30 17 10 12 4 8 32 18 20 22 13 26 27 2 15 24 7 31 19 6 29 9 25 23 16 14 3 21 28 11
57.1 1 10 22 13 24 17 16 12 3 6 19 2 21 18 30 7 4 23 20 26 9 27 5 15 8 25 32 28 14 29 31 11
57.0 1 10 13 26 27 14 5 22 12 3 7 9 28 18 32 6 19 16 25 24 30 2 4 15 8 29 11 31 23 21 17 20
56.9 1 13 2 10 18 23 19 5 8 11 27 26 21 6 3 15 31 30 16 22 28 4 9 24 12 20 32 29 7 25 17 14
56.8 1 27 19 28 9 31 2 8 30 17 12 32 25 3 24 21 15 22 26 6 29 5 4 7 20 10 11 18 13 16 23 14
56.7 1 28 21 11 26 24 8 32 10 25 9 2 19 5 20 23 6 12 3 17 7 29 31 4 16 22 13 27 14 15 18 30
56.6 1 23 30 27 8 13 12 9 14 3 32 26 5 11 31 20 15 19 6 16 7 4 28 21 29 22 24 25 10 18 17 2
56.5 1 20 24 17 15 5 2 19 22 4 18 32 6 9 13 14 3 12 16 29 30 23 26 8 21 31 25 7 10 27 28 11
56.4 1 4 5 25 16 2 11 14 18 26 13 30 6 24 28 3 32 23 12 15 17 19 27 31 10 8 22 7 9 21 20 29
56.3 1 9 3 17 29 19 31 21 27 30 18 6 28 25 14 32 10 5 13 16 24 8 11 15 20 4 12 26 23 2 22 7
56.2 1 15 14 32 8 30 25 17 19 23 7 28 18 4 24 13 16 9 5 26 31 11 29 3 10 12 22 2 27 6 21 20
56.1 1 25 27 11 6 7 31 19 4 5 10 22 12 18 23 21 15 17 20 28 3 14 26 29 32 16 24 30 9 13 2 8
56.0 1 15 24 32 28 14 27 12 7 29 20 2 8 4 23 26 16 30 11 18 3 31 17 19 21 6 9 5 10 13 22 25
55.9 1 2 17 6 10 21 13 30 20 19 4 8 7 26 18 11 23 25 16 3 15 22 5 32 28 12 27 29 24 14 31 9
55.8 1 8 13 26 31 25 15 7 11 32 12 9 30 14 2 19 4 5 22 10 16 18 6 24 20 27 21 17 29 3 23 28
55.7 1 22 18 20 13 32 11 6 28 31 2 10 5 4 29 8 16 26 19 15 9 24 14 12 27 7 23 17 25 30 21 3
55.6 1 2 16 23 24 21 14 30 20 29 6 7 27 3 11 31 25 22 13 18 4 26 32 9 28 19 10 8 12 17 5 15
55.5 1 11 4 30 22 9 12 13 32 24 8 20 29 14 27 6 2 21 26 7 23 28 5 31 19 18 10 3 15 16 25 17
55.4 1 2 7 16 19 30 18 13 6 14 5 9 15 31 3 12 28 4 8 17 25 26 22 29 10 23 32 20 21 27 11 24
55.3 1 31 13 25 23 10 11 4 24 8 9 18 19 14 17 32 20 5 22 30 12 27 6 28 2 21 7 3 16 29 15 26
55.2 1 28 27 21 32 3 11 7 12 8 10 18 30 14 6 20 29 4 13 31 9 25 26 15 22 17 2 24 16 23 5 19
55.1 1 32 28 21 6 9 5 7 3 11 26 16 14 12 2 15 30 20 19 4 27 10 29 25 31 18 8 23 17 13 24 22
55.0 1 21 9 28 17 32 18 20 10 14 24 11 15 26 23 19 27 16 22 30 6 7 4 12 31 2 5 13 25 29 8 3
54.9 1 6 7 29 21 22 32 11 31 5 10 14 18 23 8 9 30 15 25 13 20 28 26 4 16 27 3 24 12 2 17 19
54.8 1 16 14 29 3 21 8 24 5 6 11 19 30 31 12 25 32 22 15 4 13 23 28 20 7 18 26 10 27 17 9 2
54.7 1 2 8 19 25 30 32 21 14 31 12 9 26 3 23 28 15 18 24 10 17 27 22 7 20 16 29 13 4 6 5 11
54.6 1 16 25 2 23 22 9 30 32 3 17 13 5 26 27 7 8 15 12 28 31 11 20 6 18 24 4 19 10 29 21 14
54.5 1 15 4 12 27 6 28 22 21 13 29 9 14 18 17 7 11 8 26 5 24 16 10 20 31 3 19 25 23 32 30 2
54.4 1 9 4 14 28 25 30 6 31 12 17 26 8 20 13 24 27 11 29 15 10 16 23 5 21 2 22 7 3 18 32 19
54.3 1 15 14 22 25 32 26 2 12 8 27 6 19 9 23 21 4 31 11 24 7 18 17 13 10 30 20 29 3 28 5 16
54.2 1 22 27 11 10 16 18 17 12 26 28 2 4 23 6 15 7 25 20 13 30 29 3 31 19 21 32 9 24 5 8 14
54.1 1 12 8 15 24 25 28 14 21 7 31 11 5 16 30 22 13 4 23 29 27 20 3 19 9 2 26 18 6 10 32 17
54.0 1 12 23 31 17 13 18 11 3 16 7 30 9 14 32 19 22 25 21 24 4 26 8 10 5 6 28 15 27 2 29 20
53.9 1 25 7 6 21 9 14 5 30 16 19 10 3 20 32 24 22 13 27 4 8 12 15 23 11 28 18 31 26 17 2 29
53.8 1 4 27 21 14 6 28 23 25 26 24 3 30 5 9 16 19 8 20 18 31 15 10 32 29 2 12 11 13 17 22 7
53.7 1 19 26 23 3 9 29 7 11 22 16 17 24 20 2 32 14 12 8 10 28 15 18 31 6 30 21 27 4 25 5 13
53.6 1 13 25 32 15 26 8 4 14 16 28 12 5 27 24 11 21 22 7 29 2 30 31 3 20 23 6 10 9 17 18 19
53.5 1 29 25 3 31 12 16 21 9 32 8 10 19 17 5 15 28 11 6 4 23 20 27 30 14 24 18 7 13 22 2 26
53.4 1 10 25 8 24 22 11 5 19 15 32 14 18 3 6 26 9 4 12 31 2 17 13 28 7 23 16 30 20 27 21 29
53.3 1 24 4 14 13 20 15 30 10 9 16 29 32 11 25 19 18 5 23 12 8 2 28 7 26 21 31 3 22 17 27 6
53.2 1 11 30 18 15 4 31 23 6 17 22 28 16 26 24 10 8 19 5 14 32 2 21 29 25 27 7 12 20 3 9 13
53.1 1 14 5 20 4 3 24 21 11 29 25 26 17 7 2 15 6 28 22 31 12 32 30 10 16 13 9 8 19 18 27 23
53.0 1 13 20 19 17 26 22 10 5 7 21 16 24 18 8 31 27 14 23 9 4 29 25 28 30 3 6 15 32 12 2 11
52.9 1 17 25 12 23 22 13 14 8 4 27 16 28 10 19 15 3 11 6 5 31 30 2 32 21 29 26 18 7 9 24 20
52.8 1 15 30 2 25 17 29 21 5 16 10 14 9 8 11 3 28 6 27 18 19 20 24 31 32 23 13 22 4 26 12 7
52.7 1 32 6 2 11 22 21 10 15 31 24 28 14 13 12 7 16 4 26 19 27 29 20 5 23 9 17 18 8 3 30 25
52.6 1 3 20 2 27 9 14 4 29 17 12 21 7 32 16 10 24 6 23 11 19 15 18 5 28 30 13 26 22 31 8 25
52.5 1 10 12 16 7 3 17 28 14 2 9 24 19 22 31 23 13 26 20 8 30 6 32 18 5 25 11 4 15 27 29 21
52.4 1 21 23 32 13 26 20 29 2 31 8 14 19 27 3 25 4 15 5 12 11 7 10 9 24 22 16 30 18 28 17 6
52.3 1 10 11 28 31 18 17 15 5 25 16 30 19 2 21 9 24 23 26 6 27 13 4 3 32 7 29 14 20 12 8 22
52.2 1 23 18 20 6 28 21 7 8 19 4 12 25 5 14 26 15 32 10 16 24 2 9 29 22 17 3 11 13 27 30 31
52.1 1 20 27 8 26 19 17 32 18 30 11 2 31 15 29 22 28 12 16 9 21 13 14 7 5 25 3 10 6 23 4 24
52.0 1 7 28 3 29 12 22 25 32 6 15 21 27 18 17 20 4 23 16 26 11 8 14 19 2 9 31 10 24 13 5 30
51.9 1 15 28 8 25 27 7 30 12 11 22 2 23 16 6 24 13 5 18 17 10 3 31 19 4 29 20 21 9 14 26 32
51.8 1 15 4 20 3 6 12 8 27 29 23 31 30 18 19 13 7 10 17 32 24 21 22 14 11 2 28 26 16 9 25 5
51.7 1 29 30 24 12 20 2 9 18 17 32 16 26 21 23 27 8 31 4 14 28 7 6 25 11 3 5 19 13 10 22 15
51.6 1 19 24 29 8 22 7 13 16 31 2 20 4 11 25 14 9 12 18 6 30 17 27 5 21 32 10 3 23 15 26 28
51.5 1 12 28 15 17 3 6 14 16 31 19 24 2 5 4 23 18 10 11 22 30 21 8 9 29 32 13 20 25 27 26 7
51.4 1 10 27 25 22 24 5 12 9 6 13 8 17 28 30 7 15 29 3 18 11 2 20 26 21 23 14 16 19 4 32 31
51.3 1 12 22 21 23 27 20 11 4 28 6 2 31 5 24 16 32 17 30 7 10 14 19 26 9 13 8 29 3 15 18 25
51.2 1 21 31 28 5 2 13 23 15 24 27 14 20 22 12 9 19 4 16 18 3 17 8 30 11 7 6 32 10 26 25 29
51.1 1 27 11 10 29 21 30 12 15 25 16 28 3 5 14 13 8 6 19 24 17 20 9 18 4 2 32 31 22 26 23 7
51.0 1 24 21 29 4 28 13 9 20 18 31 14 16 23 15 3 8 2 10 32 27 30 25 6 11 5 7 19 17 22 26 12
50.9 1 22 15 3 31 29 10 13 27 4 2 6 16 14 5 23 7 19 18 30 28 9 24 17 12 11 25 21 32 26 20 8
50.8 1 15 3 8 23 29 22 24 5 14 19 18 26 25 30 21 4 20 28 2 10 7 16 11 31 27 13 17 6 9 12 32
50.7 1 20 15 17 21 8 16 29 6 11 7 23 14 3 10 12 13 27 18 4 26 5 30 2 19 32 9 28 24 22 25 31
50.6 1 9 28 23 3 11 21 17 2 27 29 31 7 22 24 8 26 10 32 20 15 30 12 16 5 18 19 14 13 25 6 4
50.5 1 15 21 32 19 8 18 31 16 4 13 17 9 27 30 5 22 6 7 11 29 25 3 2 26 23 20 24 28 12 14 10
50.4 1 25 28 13 26 11 10 30 24 22 16 27 7 8 6 5 20 15 3 32 21 4 12 2 18 17 29 14 31 9 23 19
50.3 1 32 7 3 26 20 12 17 28 25 10 2 31 4 19 13 23 22 18 5 8 14 16 24 15 30 11 6 29 21 9 27
50.2 1 22 24 11 21 29 8 3 23 30 12 17 15 14 5 6 19 26 20 13 9 10 31 32 18 7 25 27 28 2 16 4
50.1 1 8 32 5 31 16 29 17 30 19 4 11 10 26 27 2 18 15 24 7 22 23 25 3 20 9 14 28 21 6 13 12
50.0 1 15 16 11 25 26 23 2 10 19 13 32 29 5 17 4 8 18 6 30 7 21 28 3 12 27 24 9 22 31 20 14
49.9 1 22 6 3 23 29 10 30 17 25 5 9 7 28 2 21 31 20 4 11 12 18 24 26 32 19 27 13 14 16 15 8
49.8 1 26 6 31 32 9 8 30 27 15 24 4 25 23 7 20 3 28 10 29 11 19 13 16 5 12 18 17 2 14 22 21
49.7 1 29 30 28 25 18 5 26 15 14 7 8 13 32 6 10 17 12 31 23 20 3 21 16 9 2 11 27 22 24 19 4
49.6 1 2 22 4 19 28 11 14 3 31 24 8 32 23 7 20 17 6 10 21 13 18 15 12 25 26 16 27 30 5 9 29
49.5 1 23 17 25 30 21 20 32 28 26 13 11 19 24 2 31 29 4 18 22 14 16 9 27 12 15 7 5 10 8 6 3
49.4 1 2 5 26 12 24 17 16 23 29 4 15 31 7 14 27 32 3 25 8 11 22 20 9 21 28 6 13 30 19 10 18
49.3 1 26 2 10 14 6 7 29 28 15 22 24 3 21 4 8 18 20 9 12 17 16 13 32 27 23 31 25 11 5 30 19
49.2 1 29 20 4 27 9 24 18 7 16 17 32 13 10 14 28 23 8 19 30 21 3 5 2 22 11 31 15 12 6 26 25
49.1 1 21 30 19 17 2 27 16 4 3 31 26 22 28 24 5 11 7 8 18 23 13 15 10 6 20 29 32 14 9 12 25
49.0 1 22 25 2 13 20 12 18 10 19 3 7 8 27 5 29 23 32 4 17 24 30 21 9 26 14 15 31 6 28 16 11
48.9 1 17 10 25 8 32 4 16 15 13 7 22 18 3 26 23 19 30 29 6 2 24 12 31 27 14 11 5 20 21 9 28
48.8 1 2 29 5 8 22 6 21 4 10 25 13 28 11 19 15 24 14 23 31 26 30 20 27 16 7 32 18 17 12 3 9
48.7 1 4 17 3 8 22 24 27 13 31 30 23 2 14 15 26 28 5 18 9 10 6 16 25 32 19 29 20 11 21 7 12
48.6 1 22 30 23 27 24 14 7 4 29 32 2 8 16 12 3 10 25 28 18 6 5 9 26 31 15 17 11 20 13 21 19
48.5 1 18 15 5 13 31 28 20 14 11 12 10 17 4 9 6 30 3 19 2 29 25 8 24 7 22 32 21 27 23 16 26
48.4 1 16 28 20 15 29 25 22 10 11 21 30 24 2 3 23 6 17 9 5 4 13 14 27 8 31 32 26 12 19 18 7
48.3 1 24 28 15 20 3 2 19 32 6 11 9 12 25 21 14 10 18 13 22 7 17 30 29 5 31 27 26 16 8 4 23
48.2 1 14 7 10 25 28 22 9 24 11 27 23 8 30 12 4 20 29 3 13 32 31 16 6 17 5 15 2 18 19 21 26
48.1 1 26 13 16 23 9 2 21 25 11 14 24 4 17 3 28 5 27 29 20 15 31 30 22 7 6 19 32 12 10 8 18
48.0 1 19 26 27 23 15 17 5 29 6 14 16 10 20 21 2 11 3 25 18 9 4 31 12 7 24 28 22 13 30 8 32
47.9 1 25 28 2 4 14 11 27 17 24 3 20 10 9 12 22 13 29 6 5 26 30 7 8 31 18 23 21 16 32 15 19
47.8 1 15 9 29 22 26 21 32 11 7 20 25 30 23 8 13 27 24 3 31 12 16 17 28 10 18 14 5 6 4 19 2
47.7 1 10 16 14 31 8 9 18 2 24 27 7 11 25 22 21 12 23 28 6 26 20 30 29 13 15 17 32 3 19 4 5
47.6 1 31 5 13 2 20 26 27 19 21 14 3 30 16 22 11 15 4 29 10 28 17 25 9 12 23 32 18 6 8 7 24
47.5 1 17 28 9 3 25 26 6 8 24 10 27 4 21 11 16 29 30 2 13 23 7 20 12 31 22 18 15 14 5 19 32
47.4 1 20 9 32 12 2 25 13 23 22 21 11 7 27 10 30 15 24 4 3 19 14 6 28 29 16 5 8 31 26 18 17
47.3 1 22 21 13 5 30 28 10 23 2 4 8 9 31 20 6 26 19 11 7 3 18 32 15 16 27 17 25 24 12 29 14
47.2 1 22 2 9 32 29 16 18 11 13 27 21 30 31 17 15 6 28 23 7 26 25 12 8 20 19 3 24 10 14 5 4
47.1 1 11 21 31 10 17 25 9 7 19 3 8 29 12 14 13 5 24 26 22 15 4 20 18 30 28 6 23 2 27 16 32
47.0 1 17 14 10 12 18 25 11 19 31 16 32 9 22 23 24 8 4 26 2 29 6 13 27 21 30 20 3 28 7 5 15
46.9 1 27 18 8 30 7 14 10 23 24 16 2 28 19 6 12 26 25 22 15 3 29 17 13 5 21 9 32 31 11 4 20
46.8 1 5 7 2 3 27 30 15 16 8 29 21 13 32 22 26 14 10 24 23 18 20 11 17 6 9 25 4 31 19 28 12
46.7 1 16 3 27 14 26 24 9 23 19 31 25 5 2 20 4 32 28 12 11 6 15 21 13 22 10 8 7 29 17 30 18
46.6 1 10 29 30 11 27 7 19 14 28 12 23 20 2 31 17 22 6 4 5 13 16 26 15 24 9 32 21 3 8 25 18
46.5 1 31 21 12 15 25 17 20 24 18 26 14 13 2 32 4 7 10 11 16 9 27 5 6 30 29 22 8 19 23 3 28
46.4 1 30 27 25 24 10 5 22 11 32 8 6 12 3 7 13 2 19 15 26 21 18 23 16 29 14 17 28 31 20 4 9
46.3 1 32 16 7 11 24 13 30 22 17 27 18 29 2 9 10 14 12 20 3 28 15 25 8 23 31 5 21 4 19 6 26
46.2 1 30 2 31 14 10 24 16 21 4 18 28 5 25 8 26 3 32 27 13 12 15 29 17 7 9 22 19 6 20 11 23
46.1 1 21 22 19 12 30 9 24 15 31 32 2 28 25 29 3 18 4 17 6 7 10 20 5 13 16 23 27 11 14 26 8
46.0 1 5 23 3 12 2 13 7 8 28 26 17 20 24 18 30 32 9 25 14 19 11 15 31 4 27 10 29 21 22 6 16
45.9 1 19 5 12 13 4 14 26 20 9 23 10 8 30 3 16 17 27 29 2 21 18 24 22 31 7 11 6 25 15 32 28
45.8 1 32 19 26 24 9 10 2 31 22 7 29 30 18 27 6 8 23 16 17 5 14 11 3 25 12 20 15 28 13 4 21
45.7 1 27 3 13 30 12 28 25 31 9 10 19 6 23 22 7 11 20 14 15 16 21 4 32 24 2 26 8 17 5 18 29
45.6 1 6 29 9 19 3 24 11 26 18 21 20 16 17 8 27 5 23 12 10 25 13 7 4 28 30 22 2 14 32 31 15
45.5 1 26 20 29 23 28 12 24 10 27 8 16 3 15 11 7 32 18 9 25 6 13 14 19 17 31 30 22 21 4 2 5
45.4 1 25 9 7 16 32 21 30 13 8 28 31 17 15 27 20 3 22 24 18 26 29 23 2 6 11 10 19 12 14 5 4
45.3 1 26 22 8 14 5 30 2 18 28 32 7 27 3 29 17 24 10 6 21 13 20 19 4 16 9 15 25 12 11 31 23
45.2 1 19 15 23 17 24 29 14 2 3 32 21 6 4 9 18 16 30 28 26 11 22 31 5 27 20 25 10 7 12 8 13
45.1 1 13 2 16 11 3 6 22 19 4 17 5 7 10 30 31 14 9 15 25 23 12 24 28 32 29 20 26 8 27 21 18
45.0 1 12 32 19 9 21 6 7 2 23 14 5 20 25 26 30 8 15 11 18 16 29 4 13 28 27 3 17 31 10 24 22
44.9 1 6 17 19 2 21 14 8 3 10 11 32 24 18 27 28 22 30 13 4 25 5 12 16 29 31 26 20 15 7 23 9
44.8 1 14 9 31 27 3 8 16 21 17 6 15 29 28 12 13 19 18 32 2 30 24 11 23 4 22 20 5 25 26 10 7
44.7 1 8 22 21 28 2 25 3 16 30 18 19 31 23 29 24 9 27 5 32 12 6 17 10 26 14 11 15 4 13 7 20
44.6 1 26 9 19 13 2 18 27 7 28 29 5 30 21 4 25 6 24 8 31 17 12 32 23 16 22 10 3 11 14 15 20
44.5 1 29 9 21 22 12 14 20 4 26 27 6 32 7 5 11 13 28 17 18 30 31 3 10 15 8 19 23 24 16 2 25
44.4 1 3 14 11 24 25 27 30 29 9 12 32 23 19 10 17 21 5 2 8 28 15 22 20 18 16 26 4 7 6 31 13
44.3 1 22 10 32 8 16 7 6 19 18 24 29 12 28 11 27 13 17 25 20 30 14 21 23 2 15 9 4 31 3 5 26
44.2 1 26 24 27 30 21 2 23 19 31 4 12 8 25 22 5 7 17 29 6 28 16 3 32 10 11 18 20 15 14 13 9
44.1 1 27 3 25 23 26 11 15 20 21 29 32 7 14 8 10 17 22 4 5 18 19 2 31 24 9 13 28 6 30 12 16
44.0 1 13 2 10 4 26 23 31 32 6 9 17 15 21 8 14 7 16 27 12 19 3 22 11 5 18 28 20 25 30 29 24
43.9 1 27 3 22 17 14 25 32 18 7 31 5 24 2 26 10 28 12 21 19 4 20 8 16 11 23 6 29 15 9 30 13
43.8 1 2 27 6 29 32 15 28 31 12 18 30 8 26 24 21 5 9 7 3 16 19 25 4 13 22 20 11 17 23 10 14
43.7 1 18 32 24 17 7 3 2 14 9 13 28 22 8 16 15 25 19 10 21 12 20 27 6 23 5 4 30 29 26 11 31
43.6 1 3 14 5 21 13 23 15 20 17 24 30 27 4 6 28 25 31 10 32 8 7 12 18 2 29 19 22 9 16 11 26
43.5 1 28 18 9 8 17 27 26 13 30 5 24 16 32 4 21 15 20 12 7 3 19 23 31 2 14 6 10 11 25 29 22
43.4 1 2 5 29 14 16 4 28 6 10 26 15 20 25 8 12 23 24 13 19 32 17 18 30 21 11 31 9 27 22 7 3
43.3 1 14 21 10 3 2 31 18 32 23 12 19 9 30 25 24 26 28 4 15 7 11 17 29 27 22 13 5 8 6 16 20
43.2 1 32 28 23 26 3 18 10 19 22 13 17 24 20 14 29 21 7 2 6 8 16 4 27 31 15 30 25 9 5 12 11
43.1 1 9 24 25 7 6 28 22 21 4 2 29 17 10 19 26 12 32 30 3 27 15 8 18 23 14 31 5 11 16 13 20
43.0 1 11 19 10 18 12 28 6 16 17 30 14 5 8 29 15 31 25 9 2 4 23 13 26 7 32 3 24 22 27 21 20
42.9 1 5 31 25 7 10 11 16 24 19 13 18 32 21 14 23 20 17 6 27 28 12 22 15 4 3 29 2 8 26 9 30
42.8 1 13 19 8 22 26 10 31 3 11 28 32 27 9 14 30 23 4 20 29 5 15 25 7 2 21 12 18 17 24 16 6
42.7 1 30 28 12 11 10 17 22 9 15 31 6 32 27 21 26 2 18 7 24 8 23 19 3 25 29 5 4 14 20 16 13
42.6 1 13 7 28 3 5 24 20 25 8 11 10 23 32 2 9 12 15 16 30 14 26 18 22 21 29 17 27 4 6 19 31
42.5 1 22 16 9 20 26 18 17 32 8 21 10 7 15 30 28 25 2 4 24 19 11 14 29 23 13 6 5 12 31 3 27
42.4 1 28 25 18 26 15 24 27 32 16 8 20 19 4 10 21 2 31 7 11 5 22 9 14 6 17 30 13 29 12 23 3
42.3 1 14 25 12 32 20 5 22 30 24 19 29 13 16 23 8 11 10 15 18 6 17 9 3 2 27 21 31 28 26 4 7
42.2 1 23 9 3 8 18 11 2 28 7 13 26 21 12 30 32 27 6 10 16 17 14 15 29 19 4 31 22 5 24 25 20
42.1 1 2 3 9 21 19 15 17 12 11 23 22 26 14 29 20 13 24 4 18 8 25 16 27 32 31 7 10 28 6 30 5
42.0 1 24 23 15 10 18 17 9 3 14 25 29 32 21 7 2 4 16 31 22 5 13 28 12 30 26 8 19 6 27 20 11
41.9 1 18 6 14 20 26 11 4 15 10 24 30 3 2 27 19 16 7 13 9 21 8 32 22 31 5 29 23 17 12 28 25
41.8 1 15 12 28 7 14 18 8 10 3 31 2 6 19 21 20 16 25 26 13 32 11 27 24 4 30 29 17 22 23 5 9
41.7 1 27 22 13 18 30 32 4 11 2 21 24 8 6 19 7 26 9 25 15 12 31 3 28 20 5 29 16 17 23 14 10
41.6 1 26 19 3 11 18 10 12 21 25 8 17 20 4 6 27 16 9 29 28 14 31 5 23 32 7 13 15 30 2 24 22
41.5 1 30 17 15 14 24 6 11 9 3 20 4 5 18 13 7 32 21 10 27 25 2 12 19 22 23 26 31 29 28 8 16
41.4 1 29 26 24 25 10 16 2 11 27 22 12 28 9 15 30 8 7 21 31 4 13 20 32 14 17 19 6 18 5 23 3
41.3 1 25 16 13 8 21 27 24 10 6 32 28 12 3 31 20 11 17 23 15 26 18 29 9 14 7 4 2 22 30 5 19
41.2 1 27 23 7 28 8 9 30 29 31 4 22 5 18 11 25 14 6 10 17 12 13 3 21 26 19 15 16 24 20 2 32
41.1 1 5 32 21 31 8 28 26 18 13 23 3 22 19 2 25 10 15 6 14 4 24 9 12 11 16 30 17 27 20 7 29
41.0 1 20 11 21 28 22 13 27 17 7 30 24 29 6 3 19 23 9 16 26 31 2 4 18 14 25 32 5 15 10 8 12
40.9 1 25 10 12 24 29 30 7 4 19 11 13 27 21 2 26 8 23 22 18 5 31 14 9 28 6 17 32 16 15 20 3
40.8 1 23 17 10 28 29 6 12 15 14 21 30 9 26 2 27 13 19 22 32 4 16 3 20 18 8 31 24 25 5 11 7
40.7 1 22 9 24 28 20 26 13 23 18 16 19 12 14 8 29 5 27 2 25 32 10 17 3 15 6 31 4 7 11 21 30
40.6 1 28 8 11 24 10 5 14 18 27 9 4 29 19 17 22 21 3 26 13 32 30 25 6 7 23 31 12 15 16 20 2
40.5 1 18 6 26 13 11 14 7 20 10 21 29 22 23 5 16 24 12 25 4 9 28 15 31 32 19 30 17 3 27 8 2
40.4 1 19 20 31 27 29 23 24 26 21 8 7 10 11 4 30 5 6 15 12 17 18 2 28 32 22 16 14 13 9 25 3
40.3 1 32 27 10 7 14 18 23 30 17 5 4 11 21 24 9 26 25 12 28 15 3 6 22 8 29 16 13 31 19 20 2
40.2 1 22 21 10 6 31 30 23 2 32 26 24 13 8 28 15 11 7 5 3 4 14 25 19 17 12 27 29 9 20 16 18
40.1 1 5 27 15 11 24 30 2 8 4 6 21 7 32 10 26 28 9 31 25 16 23 3 17 22 19 14 18 29 13 12 20
40.0 1 4 13 5 27 24 28 3 15 17 20 9 22 11 10 26 8 19 6 31 12 7 30 29 23 14 21 18 32 25 2 16
39.9 1 27 4 24 16 28 10 11 19 17 21 9 12 26 30 2 20 14 3 23 13 29 5 6 31 18 25 22 15 8 32 7
39.8 1 23 18 17 28 8 21 12 29 19 2 15 4 22 13 30 3 6 9 20 25 26 31 10 16 11 32 27 5 14 7 24
39.7 1 5 18 13 16 8 20 29 15 11 22 10 19 12 3 28 6 21 2 24 32 26 9 7 30 27 25 17 31 4 23 14
39.6 1 29 25 11 8 9 13 10 17 5 31 32 12 20 30 7 28 14 23 19 3 4 27 22 26 18 24 2 21 6 15 16
39.5 1 4 23 11 25 28 6 9 18 5 12 19 31 22 27 17 14 32 8 30 13 26 29 16 3 24 21 2 7 10 15 20
39.4 1 19 5 17 16 2 15 28 22 25 18 4 10 29 26 27 14 9 12 20 11 8 23 32 13 24 3 21 30 6 31 7
39.3 1 11 22 2 4 19 18 32 24 6 17 21 26 8 14 15 30 16 23 25 28 29 10 13 31 5 20 27 7 3 12 9
39.2 1 10 31 12 5 7 19 27 28 14 16 13 24 20 22 8 18 29 23 9 11 17 21 15 2 3 4 32 26 6 30 25
39.1 1 14 24 26 22 5 11 18 28 21 8 12 7 15 31 23 3 30 29 27 4 20 19 32 10 13 16 2 17 25 6 9
39.0 1 8 31 25 10 5 18 6 30 4 22 2 32 24 12 19 9 27 17 11 26 13 20 15 21 3 28 7 14 16 29 23
38.9 1 15 19 25 14 13 5 24 27 4 8 29 12 32 10 11 28 6 2 26 7 9 30 18 17 31 23 3 16 21 20 22
38.8 1 5 28 7 19 6 31 27 24 8 29 21 32 12 30 3 15 13 18 17 2 9 20 11 14 10 26 4 23 16 25 22
38.7 1 21 17 15 9 7 5 6 12 32 19 20 2 23 27 31 28 16 24 11 3 14 4 25 29 22 30 10 13 18 8 26
38.6 1 29 13 25 4 28 3 11 21 5 15 32 12 27 31 24 17 8 7 16 6 19 26 22 2 20 14 30 18 23 10 9
38.5 1 3 24 25 29 8 4 12 11 22 23 26 2 19 30 15 7 31 17 21 20 28 10 14 27 13 6 5 18 16 32 9
38.4 1 21 26 23 28 31 12 24 5 9 27 4 19 29 2 10 15 7 17 8 30 14 20 13 25 16 6 11 22 18 32 3
38.3 1 31 19 4 18 30 14 27 24 28 20 11 6 7 3 2 25 21 12 8 32 9 15 13 17 26 5 23 10 29 22 16
38.2 1 4 9 22 2 25 14 28 19 32 12 23 29 20 7 6 24 5 15 27 26 17 31 11 16 21 3 18 30 13 8 10
38.1 1 25 17 7 19 30 15 31 6 20 32 9 12 2 14 26 29 18 24 8 11 10 21 13 23 4 22 3 28 5 27 16
38.0 1 26 7 15 12 19 20 4 31 24 6 13 28 27 2 23 9 18 17 29 8 30 11 5 21 10 14 32 16 25 22 3
37.9 1 5 9 20 32 13 10 18 23 12 28 30 6 7 21 4 15 24 8 16 25 22 29 3 26 19 27 2 31 17 14 11
37.8 1 8 18 25 23 26 11 24 12 20 6 32 9 22 2 13 7 17 21 14 4 19 31 3 15 29 27 10 16 30 5 28
37.7 1 5 2 9 19 26 10 32 31 15 12 22 11 8 20 25 27 3 30 13 23 28 16 29 7 17 18 14 6 24 4 21
37.6 1 16 9 6 4 13 23 3 19 22 20 29 15 8 24 27 28 11 12 31 21 26 10 5 17 7 2 25 32 18 30 14
37.5 1 22 14 18 12 10 2 13 31 28 23 30 24 6 17 25 32 29 27 5 11 16 7 26 4 15 19 8 20 9 21 3
37.4 1 15 16 20 12 32 14 25 11 30 5 13 24 19 22 27 7 26 3 8 2 21 4 28 31 23 9 10 17 29 18 6
37.3 1 8 20 23 13 11 2 21 31 5 28 4 30 19 9 22 17 6 15 14 32 3 24 12 18 26 10 7 27 25 16 29
37.2 1 31 19 15 10 24 22 4 16 32 12 27 14 13 8 18 7 11 28 3 25 23 26 17 20 9 29 30 5 2 21 6
37.1 1 15 11 29 9 3 30 19 8 24 31 2 23 5 32 14 27 4 18 6 21 22 13 7 28 16 26 17 20 25 10 12
37.0 1 2 19 25 23 14 18 32 27 22 24 21 8 6 11 31 26 10 16 20 7 12 3 29 17 9 15 13 28 5 4 30
36.9 1 26 32 14 20 30 23 25 6 18 27 22 31 9 4 19 17 16 2 29 10 13 3 15 21 24 8 7 5 28 11 12
36.8 1 15 6 21 5 20 8 16 10 25 4 23 7 27 13 31 18 9 22 11 14 12 17 19 24 26 29 32 3 2 28 30
36.7 1 14 31 3 16 11 10 17 20 19 2 4 15 24 23 5 30 21 18 8 12 32 29 6 22 26 28 13 25 7 27 9
36.6 1 29 16 25 10 32 21 18 5 12 9 28 11 13 7 30 22 24 14 27 17 23 2 20 6 26 8 4 19 3 15 31
36.5 1 17 13 12 20 31 22 27 11 10 5 30 18 26 23 7 3 4 8 25 19 16 21 6 14 28 32 2 9 24 29 15
36.4 1 24 28 19 15 3 31 12 21 26 9 5 11 16 29 18 22 27 32 30 2 7 10 23 4 20 14 13 17 6 25 8
36.3 1 27 24 14 22 9 15 26 8 13 2 31 12 6 5 18 3 20 28 23 19 30 17 32 10 4 16 7 25 29 21 11
36.2 1 5 12 29 13 6 27 8 28 16 7 2 21 22 23 11 9 17 15 24 10 14 20 26 30 25 32 4 3 31 18 19
36.1 1 28 30 31 22 7 20 12 29 3 17 8 6 16 13 4 5 18 25 27 14 23 24 21 2 9 11 26 15 19 32 10
36.0 1 9 22 8 31 24 17 26 23 6 7 4 10 32 27 15 5 21 20 29 16 3 11 2 28 19 30 12 25 14 13 18
35.9 1 10 3 30 17 27 25 5 18 7 12 2 22 24 20 26 32 13 29 19 21 23 16 9 14 11 8 15 4 28 31 6
35.8 1 7 16 22 12 8 5 4 15 3 24 6 2 31 32 26 11 18 13 30 25 28 17 10 14 19 27 29 20 9 21 23
35.7 1 24 7 15 19 23 26 4 20 32 3 17 27 18 16 8 25 29 10 13 6 14 5 31 11 21 2 12 30 22 28 9
35.6 1 10 15 25 14 5 4 3 19 31 24 23 16 32 21 7 27 9 2 6 22 17 8 13 28 20 18 12 29 11 30 26
35.5 1 15 16 23 22 4 18 2 20 11 10 25 12 8 7 29 3 9 19 17 32 21 13 30 28 14 5 26 31 24 27 6
35.4 1 5 13 20 17 32 27 19 23 11 15 31 4 26 24 12 18 14 3 2 29 22 21 28 8 6 25 9 10 7 30 16
35.3 1 16 25 9 12 7 15 22 26 23 6 19 4 8 31 30 13 10 21 14 17 3 18 20 29 32 5 28 24 2 11 27
35.2 1 27 3 24 28 13 14 18 32 11 25 23 7 10 30 6 4 29 12 19 8 17 15 26 22 9 20 16 5 31 21 2
35.1 1 20 15 21 5 22 9 24 27 3 26 14 13 32 30 19 16 8 29 6 10 11 2 28 31 17 7 4 12 18 23 25
35.0 1 30 29 22 21 2 23 9 14 19 16 5 8 15 7 12 28 31 17 25 6 26 27 3 18 24 20 32 10 4 13 11
34.9 1 24 17 27 18 21 5 23 19 20 32 13 4 22 14 6 3 31 25 26 29 2 7 15 12 30 28 10 8 9 11 16
34.8 1 5 3 9 7 22 15 25 6 17 26 31 28 12 4 11 27 32 10 8 16 2 29 14 19 23 21 30 13 18 24 20
34.7 1 20 19 11 8 7 21 17 22 2 6 29 3 13 5 26 4 23 16 31 24 12 27 14 28 15 30 10 25 32 18 9
34.6 1 14 5 3 29 15 21 8 12 18 11 17 2 24 32 6 7 4 31 10 19 27 20 9 16 28 26 13 23 25 22 30
34.5 1 15 16 14 30 25 3 4 7 11 20 31 5 19 29 27 8 13 22 23 24 18 32 12 21 2 6 28 9 26 17 10
34.4 1 6 26 29 4 13 16 7 10 3 2 25 9 19 17 30 23 18 32 14 22 11 5 28 31 8 24 12 21 27 15 20
34.3 1 5 11 16 21 27 31 20 24 10 30 15 23 25 32 17 22 4 7 19 26 13 8 12 2 14 18 6 3 28 29 9
34.2 1 3 27 19 8 18 22 7 17 31 11 25 32 5 4 2 10 16 29 28 21 13 30 6 20 15 12 26 23 9 24 14
34.1 1 26 17 29 22 14 32 4 6 10 16 25 3 27 18 31 11 8 19 12 28 9 5 23 7 30 24 21 20 2 15 13
34.0 1 14 18 28 30 5 29 7 23 3 17 13 25 16 27 12 10 22 11 2 4 20 31 24 6 21 15 26 32 9 19 8
33.9 1 5 6 23 11 28 3 25 9 10 29 26 30 19 15 2 4 8 13 32 24 27 21 31 7 14 18 12 22 17 16 20
33.8 1 15 13 3 27 25 14 7 32 9 17 23 10 22 5 6 21 30 28 19 12 29 8 20 24 26 31 2 11 4 18 16
33.7 1 26 15 14 24 20 7 17 8 6 22 29 18 2 25 13 16 11 5 21 32 4 12 9 30 23 28 31 27 10 3 19
33.6 1 32 19 6 4 2 21 20 16 12 10 5 7 22 15 24 17 28 30 23 26 29 25 14 18 27 31 8 11 3 9 13
33.5 1 14 11 3 2 17 4 8 15 21 24 19 6 23 12 10 22 28 9 30 25 20 18 29 16 26 27 5 31 7 32 13
33.4 1 13 7 11 21 23 25 16 3 26 14 12 10 19 5 27 17 15 2 18 28 9 6 29 32 4 24 20 22 31 30 8
33.3 1 12 32 5 19 13 24 10 2 29 21 23 4 22 16 18 27 14 8 25 31 6 3 28 7 17 26 9 20 11 15 30
33.2 1 9 10 23 17 7 31 18 2 30 25 14 4 20 24 32 26 27 21 6 16 3 13 28 22 12 29 19 8 11 5 15
33.1 1 12 27 5 29 3 26 9 11 18 2 25 15 10 19 31 17 7 14 16 6 32 30 24 21 13 4 22 8 23 28 20
33.0 1 18 30 2 27 5 6 10 4 9 24 13 32 3 22 14 20 31 15 12 26 16 25 28 17 19 29 7 11 8 21 23
32.9 1 25 11 18 19 29 4 16 14 21 5 32 30 2 26 31 20 7 9 3 22 12 15 28 13 10 27 17 24 23 6 8
32.8 1 19 9 29 20 6 28 22 26 2 4 3 25 14 15 21 13 31 24 5 30 23 17 27 7 12 10 16 32 18 8 11
32.7 1 30 15 16 7 14 2 10 5 4 29 6 20 13 3 12 17 26 19 22 25 31 11 24 9 28 32 23 8 21 18 27
32.6 1 2 25 9 22 14 10 8 26 28 17 21 30 31 5 20 12 23 27 29 4 3 16 13 32 6 24 18 15 19 11 7
32.5 1 25 29 18 28 30 19 10 24 7 21 27 2 23 13 9 31 17 22 20 15 4 6 26 12 16 8 11 32 3 14 5
32.4 1 12 30 24 13 11 32 3 6 23 29 18 25 27 5 16 8 22 26 10 17 21 28 19 14 20 31 4 2 7 9 15
32.3 1 15 10 2 12 18 17 27 29 31 23 19 21 26 13 16 8 30 28 3 5 32 24 11 14 25 4 22 7 9 20 6
32.2 1 6 2 13 17 28 12 15 21 3 14 9 24 31 16 18 29 26 7 4 32 23 30 10 5 27 20 11 19 22 8 25
32.1 1 26 11 21 12 17 18 30 23 6 29 16 27 15 5 7 31 4 8 14 10 32 9 28 13 20 25 24 22 2 3 19
32.0 1 16 10 5 18 9 22 11 12 13 30 15 27 24 28 6 20 8 23 17 4 2 29 25 31 7 26 3 14 19 32 21
31.9 1 7 16 3 23 8 11 22 30 18 24 12 14 21 5 17 26 15 9 2 4 20 28 27 19 13 6 31 29 32 10 25
31.8 1 7 26 29 9 15 21 10 5 25 8 14 28 2 19 12 24 13 17 3 31 23 22 11 30 4 20 6 16 18 27 32
31.7 1 18 23 25 28 14 30 6 31 7 22 27 2 10 15 5 20 17 3 16 29 13 19 4 9 11 26 12 32 8 24 21
31.6 1 21 4 12 9 3 5 17 20 10 14 6 19 2 28 8 25 29 27 22 32 11 18 30 24 23 16 15 13 7 26 31
31.5 1 17 4 20 9 3 18 7 8 23 32 6 26 25 30 5 2 10 27 29 31 13 15 22 16 28 24 14 21 11 12 19
31.4 1 26 3 6 28 18 12 11 7 4 20 9 17 5 22 16 23 31 8 14 25 13 2 32 29 27 19 21 30 24 10 15
31.3 1 7 6 27 12 25 19 10 20 5 4 14 13 17 21 22 16 23 18 26 29 28 32 15 8 24 11 31 9 2 30 3
31.2 1 9 16 13 2 15 30 17 21 4 26 3 25 29 32 7 23 19 8 24 18 12 6 5 11 10 14 27 31 22 28 20
31.1 1 23 19 16 11 18 8 27 26 20 17 3 31 9 7 24 32 6 28 22 21 5 10 14 15 25 12 2 29 30 4 13
31.0 1 15 18 24 31 28 29 20 4 13 23 8 7 14 11 9 16 12 19 21 30 25 3 22 27 17 10 26 6 32 2 5
30.9 1 12 27 4 17 30 19 16 10 25 23 9 3 13 7 28 5 22 15 6 32 2 11 26 24 8 21 20 18 31 29 14
30.8 1 32 30 13 17 2 28 25 31 5 19 20 10 16 29 18 12 26 11 24 23 14 4 27 8 15 3 9 6 7 22 21
30.7 1 7 13 6 29 2 11 23 18 15 12 17 25 5 16 24 27 3 14 8 20 9 31 22 19 28 10 32 26 4 21 30
30.6 1 24 5 19 15 8 25 6 16 32 14 10 20 23 12 18 2 9 17 13 4 7 28 26 29 31 27 30 21 3 22 11
30.5 1 7 25 10 3 21 26 19 16 4 14 20 28 24 9 6 17 22 12 29 8 27 11 5 13 30 32 15 2 23 31 18
30.4 1 18 13 8 14 20 15 11 30 6 17 3 28 29 25 19 27 16 23 21 12 5 24 9 22 10 32 31 7 26 4 2
30.3 1 12 21 23 4 20 2 26 29 8 16 22 24 32 31 11 19 10 17 28 30 25 5 14 13 3 18 6 27 15 7 9
30.2 1 17 11 22 26 16 8 24 25 13 23 12 21 30 2 10 19 14 5 28 31 7 15 3 9 20 18 32 4 6 27 29
30.1 1 14 2 18 29 19 5 28 12 20 9 16 8 32 31 25 15 13 26 30 4 17 3 6 23 22 10 27 7 11 21 24
30.0 1 23 7 16 25 30 32 9 27 28 14 4 20 24 5 8 26 29 13 21 31 10 15 18 11 3 22 19 12 17 6 2
29.9 1 7 27 23 22 10 28 4 17 24 20 14 18 9 29 30 8 11 32 26 19 6 5 31 12 2 3 25 21 16 15 13
29.8 1 5 2 13 16 6 15 10 21 11 9 3 23 32 20 14 25 27 7 30 29 17 22 28 12 8 4 31 19 26 18 24
29.7 1 28 27 3 7 8 31 24 25 2 15 14 20 30 19 32 26 18 4 16 22 23 13 17 11 10 5 12 6 29 21 9
29.6 1 8 14 11 32 15 9 19 2 28 7 20 22 25 3 26 29 13 21 23 30 16 12 18 5 24 6 27 10 4 31 17
29.5 1 17 20 7 5 32 2 21 29 30 31 22 11 23 16 12 13 19 8 26 10 28 25 9 14 24 27 6 3 4 15 18
29.4 1 6 20 32 21 25 26 2 3 19 10 22 16 13 31 30 5 23 9 18 12 24 11 27 17 8 15 14 7 28 29 4
29.3 1 30 32 3 8 9 7 14 16 25 31 26 21 6 11 29 4 17 12 27 2 20 15 10 23 13 22 19 28 18 5 24
29.2 1 19 29 18 4 5 24 6 22 9 21 30 14 3 32 25 10 12 17 15 7 20 27 23 13 8 28 2 31 16 26 11
29.1 1 22 15 29 2 4 25 30 9 27 12 7 31 10 11 21 3 8 13 17 16 20 26 6 32 28 5 23 14 24 19 18
29.0 1 27 18 29 17 7 19 14 12 4 9 11 20 26 3 22 25 5 28 31 24 16 13 21 23 32 10 2 30 15 6 8
28.9 1 22 20 2 18 8 3 25 14 17 5 21 31 12 9 7 24 32 13 28 23 6 30 4 27 15 19 11 29 16 26 10
28.8 1 10 9 17 23 2 5 8 18 30 20 26 14 6 3 19 25 24 13 28 15 32 22 7 12 27 21 29 4 31 16 11
28.7 1 13 6 26 27 19 30 5 23 8 14 11 12 22 7 25 20 10 3 28 21 31 15 4 2 18 16 9 17 29 32 24
28.6 1 25 27 14 10 15 12 5 3 30 18 32 17 22 7 31 26 21 28 16 29 19 13 23 24 6 9 4 2 8 20 11
28.5 1 19 3 12 17 32 26 7 20 5 23 29 11 6 10 24 28 14 22 27 25 9 21 18 2 16 15 4 8 30 13 31
28.4 1 10 17 29 18 8 3 9 22 19 16 27 6 15 2 12 31 14 21 30 5 26 20 4 24 13 25 7 28 11 23 32
28.3 1 5 22 29 9 12 19 26 17 16 32 10 24 20 28 27 3 15 4 13 7 23 18 25 21 11 14 30 2 6 8 31
28.2 1 27 4 22 24 14 5 9 19 31 28 18 11 10 25 26 3 20 13 23 30 21 8 15 12 29 7 2 6 17 16 32
28.1 1 14 2 10 17 5 22 23 12 3 13 24 29 18 8 21 4 25 16 15 11 20 26 28 7 9 6 27 32 19 30 31
28.0 1 9 19 13 11 6 2 27 32 29 14 23 26 4 22 16 7 31 12 20 15 28 21 8 17 5 24 25 3 10 30 18
27.9 1 26 12 2 32 8 18 31 19 24 11 28 21 4 6 25 30 5 22 16 10 9 7 29 23 17 3 14 20 13 15 27
27.8 1 4 30 7 31 20 25 14 5 18 6 3 16 24 17 10 28 22 21 32 29 9 12 27 15 19 8 2 11 23 13 26
27.7 1 19 9 13 2 6 25 22 20 18 14 26 12 28 16 24 29 3 4 30 7 11 10 15 27 21 32 5 8 23 31 17
27.6 1 9 28 21 22 32 2 11 4 3 10 27 24 20 16 14 5 15 25 17 31 7 26 8 13 12 6 18 23 30 19 29
27.5 1 20 5 14 3 23 27 6 16 8 12 32 2 17 15 21 19 30 11 25 4 26 10 13 31 22 7 29 24 28 18 9
27.4 1 11 13 20 5 32 22 10 2 3 18 12 6 15 28 30 17 16 24 8 23 26 29 9 7 31 4 25 21 27 19 14
27.3 1 28 30 31 20 14 6 29 17 27 5 21 18 32 22 15 25 3 26 16 19 11 12 9 2 4 10 23 13 7 8 24
27.2 1 31 3 18 12 23 8 29 16 14 15 17 4 11 10 26 7 30 21 25 27 13 6 28 9 20 5 22 24 32 19 2
27.1 1 14 25 12 24 10 9 11 32 17 7 29 16 4 15 27 18 22 31 3 20 5 13 8 6 30 2 21 28 23 26 19
27.0 1 22 14 28 4 10 29 16 7 32 6 26 24 21 30 11 3 27 17 5 2 8 31 15 23 19 13 9 18 12 25 20
26.9 1 14 22 19 15 10 3 8 11 25 9 7 17 21 31 23 30 29 26 24 4 2 16 5 20 13 18 27 12 32 28 6
26.8 1 2 11 26 10 19 29 8 25 13 5 16 12 6 18 28 17 32 22 27 21 7 20 31 24 30 15 9 14 3 23 4
26.7 1 26 11 8 24 25 16 32 7 20 12 2 6 27 13 5 9 14 23 19 4 21 28 30 22 17 18 31 29 15 3 10
26.6 1 21 26 18 10 31 8 15 9 19 29 13 11 24 5 22 4 23 3 2 25 12 6 27 7 30 17 14 20 32 16 28
26.5 1 21 17 23 11 31 26 25 19 2 14 15 29 9 18 28 24 20 27 8 6 4 12 13 3 5 32 16 30 7 22 10
26.4 1 30 21 31 16 29 27 4 23 15 24 10 3 26 13 5 11 8 25 19 2 18 14 9 7 32 12 6 20 28 22 17
26.3 1 19 3 13 23 15 29 10 31 24 18 17 5 32 22 7 14 30 27 26 2 9 25 21 11 12 16 20 6 4 28 8
26.2 1 30 15 11 8 18 17 32 22 10 20 26 9 31 19 3 14 4 28 5 7 13 21 29 24 6 2 12 23 16 27 25
26.1 1 4 31 21 20 23 22 3 11 28 13 25 16 8 29 17 12 6 32 9 26 30 27 10 5 19 14 18 24 2 15 7
26.0 1 11 15 24 28 12 29 32 30 19 6 4 25 27 21 14 17 23 7 16 18 10 8 2 22 3 26 31 9 20 13 5
25.9 1 8 6 25 31 2 10 26 3 28 24 11 14 20 16 30 12 18 23 22 9 21 19 15 7 29 13 4 17 27 5 32
25.8 1 13 32 19 14 11 4 25 5 31 23 21 2 24 27 30 3 15 17 10 20 9 7 22 29 8 16 18 28 12 6 26
25.7 1 13 22 10 3 17 8 31 4 28 19 30 24 16 14 9 26 25 6 32 11 20 29 27 15 12 2 23 21 7 5 18
25.6 1 25 12 8 4 30 27 21 28 23 31 13 7 26 5 9 29 17 32 11 14 2 16 19 24 3 18 20 10 22 15 6
25.5 1 29 25 21 10 27 16 30 15 26 9 22 14 7 17 11 20 24 18 5 4 13 23 31 28 6 2 12 3 8 32 19
25.4 1 11 21 23 3 29 25 9 17 8 2 6 13 20 15 22 28 30 7 19 18 31 24 10 32 14 5 27 16 12 26 4
25.3 1 18 29 32 9 5 22 2 4 26 30 11 21 10 25 6 23 16 8 13 15 28 3 31 17 7 20 19 27 14 24 12
25.2 1 5 15 9 12 6 32 18 14 29 7 27 24 21 4 3 2 25 19 10 30 28 17 26 11 31 13 23 20 8 16 22
25.1 1 5 24 28 6 10 22 30 19 17 9 31 23 2 27 18 32 29 13 26 7 21 11 15 16 4 20 8 25 3 12 14
25.0 1 19 31 17 16 15 3 12 7 5 6 9 26 20 13 24 18 21 25 2 30 23 29 32 22 28 14 11 27 8 4 10
24.9 1 23 28 21 29 18 5 3 4 24 13 32 30 25 17 8 26 12 11 7 19 10 16 20 14 6 9 27 22 31 15 2
24.8 1 6 9 31 24 7 28 8 16 29 25 10 14 22 23 4 17 26 5 27 15 30 12 19 18 20 32 11 3 2 13 21
24.7 1 30 31 21 8 29 10 7 2 4 23 5 6 14 20 28 22 16 19 11 26 24 3 12 18 9 15 27 32 17 13 25
24.6 1 31 11 10 9 28 5 8 22 14 32 25 7 2 18 4 21 17 29 3 20 27 13 30 26 16 12 23 6 19 15 24
24.5 1 29 18 21 5 22 25 20 14 4 2 32 24 9 28 23 12 26 6 31 10 13 19 30 15 16 17 7 8 3 27 11
24.4 1 24 11 13 3 8 31 7 32 9 5 27 21 22 18 25 20 14 12 19 23 10 28 6 29 26 16 15 17 2 30 4
24.3 1 25 21 31 14 20 16 29 22 13 27 4 10 19 26 12 18 23 24 15 3 32 8 7 11 30 5 6 2 17 9 28
24.2 1 22 19 4 6 17 5 2 13 29 21 26 24 9 27 16 3 28 15 7 30 11 20 8 31 18 12 32 14 25 23 10
24.1 1 32 17 21 31 15 4 5 11 12 13 3 25 7 6 26 9 28 8 18 29 23 19 14 22 30 10 20 2 27 24 16
24.0 1 4 20 3 8 11 18 13 22 31 12 32 17 6 10 9 26 21 14 19 7 29 5 23 25 24 27 28 30 15 2 16
23.9 1 6 16 29 8 9 32 7 18 12 23 17 21 2 27 20 5 3 4 25 10 11 28 14 30 13 24 15 31 22 19 26
23.8 1 7 12 24 29 23 10 3 2 8 25 19 21 15 18 14 16 13 11 30 9 6 27 28 22 32 17 20 26 4 5 31
23.7 1 26 9 25 6 16 18 24 19 14 8 29 5 12 27 22 20 21 17 7 2 10 15 13 28 23 30 3 31 11 32 4
23.6 1 19 8 29 9 32 5 17 23 16 31 7 25 13 20 18 14 26 21 12 28 11 10 6 22 30 3 15 4 27 24 2
23.5 1 31 5 11 25 16 14 8 24 9 10 17 13 15 29 21 28 18 22 6 12 4 30 27 2 7 20 26 3 23 32 19
23.4 1 6 12 2 11 16 30 7 27 23 15 31 14 13 25 32 28 4 26 9 18 19 8 29 21 22 3 5 24 20 17 10
23.3 1 21 26 18 31 15 16 30 8 20 32 29 22 17 19 14 4 27 7 24 3 6 12 11 23 28 13 5 25 9 2 10
23.2 1 30 27 9 25 29 17 3 13 31 22 12 16 14 11 23 32 19 8 6 5 4 7 20 24 2 26 21 18 10 28 15
23.1 1 7 10 29 14 20 27 32 13 9 26 24 3 21 31 2 19 6 15 23 22 25 28 8 30 5 4 12 18 17 11 16
23.0 1 27 5 6 30 32 15 28 13 2 26 20 31 14 11 29 22 9 4 19 25 12 21 3 16 18 7 23 8 10 24 17
22.9 1 27 5 8 32 2 28 20 23 19 18 25 22 4 16 29 30 31 21 7 12 13 26 3 14 10 9 11 24 17 6 15
22.8 1 25 9 10 20 17 27 18 16 6 30 2 8 28 19 31 4 3 7 5 22 13 11 24 23 12 32 14 15 21 26 29
22.7 1 29 9 4 30 14 6 20 13 23 25 11 24 22 28 12 5 8 16 27 18 2 3 17 19 15 21 31 26 32 10 7
22.6 1 11 13 26 24 17 25 19 27 23 22 4 28 12 6 9 8 5 20 3 31 16 7 18 21 32 30 14 10 2 29 15
22.5 1 17 6 14 30 19 28 27 31 7 11 10 25 2 4 3 5 24 16 22 13 32 21 26 29 18 12 9 8 20 15 23
22.4 1 31 23 20 17 29 14 19 13 7 25 18 5 16 3 27 21 12 10 4 15 32 22 8 30 2 11 26 6 24 28 9
22.3 1 12 5 32 24 20 18 25 13 15 22 2 29 23 21 10 8 31 9 26 17 3 14 28 27 16 4 19 30 7 6 11
22.2 1 4 11 18 31 5 17 15 21 6 7 9 29 27 14 30 10 12 16 13 26 23 2 28 24 3 32 25 20 22 8 19
22.1 1 26 14 13 6 5 15 4 8 22 17 19 29 18 2 7 25 24 12 32 31 20 21 3 11 23 10 27 16 28 30 9
22.0 1 24 6 26 3 2 8 17 5 25 23 16 9 21 15 28 4 18 22 13 27 10 31 20 11 14 32 29 7 19 30 12
21.9 1 17 32 2 11 8 27 29 13 4 10 3 15 21 31 24 20 6 28 26 5 25 16 7 9 30 18 14 19 22 12 23
21.8 1 6 5 4 26 21 14 20 13 12 27 9 28 29 32 10 7 3 23 8 25 19 16 18 31 24 2 15 17 22 11 30
21.7 1 21 22 32 5 11 6 24 28 31 12 10 15 26 7 20 9 13 14 17 30 4 16 19 3 23 8 25 18 27 29 2
21.6 1 23 17 20 12 14 18 11 21 10 30 29 22 7 13 24 6 27 3 16 4 19 32 8 2 15 26 5 9 25 31 28
21.5 1 10 32 3 7 27 20 14 6 13 15 30 24 16 18 28 19 8 12 17 9 21 25 2 31 5 26 29 23 22 11 4
21.4 1 8 31 6 9 5 22 7 18 13 19 25 32 24 28 30 27 15 20 16 21 14 4 2 12 26 11 23 17 3 29 10
21.3 1 20 15 16 21 3 19 17 31 8 5 4 13 30 24 10 7 26 12 14 27 23 32 2 9 25 11 29 6 18 22 28
21.2 1 10 23 18 30 8 4 29 3 25 14 5 17 19 26 27 7 22 16 12 2 9 20 31 24 15 13 6 32 11 21 28
21.1 1 2 6 28 8 9 11 15 3 27 22 31 12 7 32 20 24 23 25 4 29 16 17 10 21 14 18 19 26 13 5 30
21.0 1 9 18 31 20 4 29 24 21 3 12 17 13 32 19 16 14 25 30 15 11 10 8 22 26 23 2 28 27 6 5 7
20.9 1 30 10 11 3 18 32 19 24 13 14 6 20 21 8 15 26 22 25 7 2 31 17 4 23 12 5 9 16 28 29 27
20.8 1 8 17 26 14 11 23 6 2 7 4 16 13 25 24 31 28 29 10 12 18 19 5 30 32 9 3 27 15 21 22 20
20.7 1 28 30 17 8 32 10 20 6 4 31 22 23 14 27 18 16 29 24 11 7 12 26 13 3 2 15 25 21 9 19 5
20.6 1 31 26 23 12 15 4 8 6 20 25 22 2 10 24 16 3 14 5 21 30 29 19 17 18 11 13 32 9 27 7 28
20.5 1 19 20 10 22 5 8 2 7 21 3 9 15 26 16 23 13 4 11 24 31 28 29 30 27 12 17 6 32 14 25 18
20.4 1 10 7 28 29 31 3 16 11 12 9 13 23 15 17 20 24 25 19 5 21 6 32 2 30 4 8 22 27 18 14 26
20.3 1 32 20 7 9 6 19 17 23 14 31 27 16 4 3 13 11 26 2 12 10 8 21 15 5 28 25 30 29 22 24 18
20.2 1 21 6 8 17 7 24 22 20 9 16 28 12 25 18 3 13 14 10 2 32 26 5 27 11 4 30 23 29 19 31 15
20.1 1 15 22 6 24 2 31 18 28 3 17 19 25 8 30 4 14 26 23 20 13 32 7 12 16 9 11 5 29 21 27 10
20.0 1 18 5 14 12 25 16 15 10 7 20 26 32 3 22 23 31 27 2 11 4 29 28 8 17 30 13 21 19 9 24 6
19.9 1 27 9 31 20 17 23 4 25 22 18 8 12 10 7 29 32 24 11 15 21 14 5 30 6 16 13 26 3 28 2 19
19.8 1 13 8 22 32 7 16 24 11 14 2 15 9 10 19 20 23 27 17 5 18 28 26 25 31 6 30 4 29 12 21 3
19.7 1 9 20 28 4 6 30 11 15 26 7 25 31 14 8 27 12 17 16 5 24 19 21 3 18 10 13 32 2 23 22 29
19.6 1 20 32 28 27 24 5 18 23 4 14 15 29 26 10 22 7 30 13 19 9 2 8 11 16 12 6 3 25 17 21 31
19.5 1 25 2 18 29 23 26 15 21 20 30 22 32 11 10 5 28 24 19 8 4 31 17 16 9 3 6 27 14 12 7 13
19.4 1 17 30 14 4 21 27 9 23 12 2 7 6 11 18 31 22 25 28 20 3 13 29 19 10 24 16 15 26 32 8 5
19.3 1 13 6 18 3 20 19 29 16 7 24 9 4 32 23 14 27 17 2 26 10 30 28 15 21 12 11 25 31 22 8 5
19.2 1 2 29 10 26 15 9 5 11 6 30 7 32 21 12 24 20 22 18 31 14 16 17 27 8 19 25 23 28 4 3 13
19.1 1 6 25 29 32 19 12 7 13 14 20 15 21 28 9 5 4 22 30 8 2 11 24 18 10 31 23 27 26 3 16 17
19.0 1 15 13 18 7 2 24 32 21 17 6 20 23 8 30 16 3 5 14 22 28 29 27 31 12 11 9 25 26 10 19 4
18.9 1 11 18 8 15 16 7 29 19 6 4 22 21 30 23 27 10 5 9 3 28 20 17 14 26 13 25 32 12 31 2 24
18.8 1 23 20 29 21 7 25 11 4 13 31 15 22 6 8 18 26 10 3 14 27 19 24 9 2 32 17 16 5 30 28 12
18.7 1 14 32 25 6 15 9 20 31 4 17 18 24 19 11 21 16 26 7 30 23 27 10 29 3 13 8 22 12 5 28 2
18.6 1 5 24 14 10 12 7 29 17 23 18 28 31 19 15 32 30 21 22 9 20 2 11 16 4 3 25 27 26 8 13 6
18.5 1 3 4 14 18 13 5 17 7 15 11 9 31 8 2 20 12 32 26 22 19 25 21 30 27 10 28 29 16 24 6 23
18.4 1 4 17 9 7 21 15 22 6 12 26 11 29 20 13 25 31 16 28 5 27 18 2 14 8 30 3 23 24 10 32 19
18.3 1 24 5 22 27 16 17 28 9 19 2 8 21 30 26 31 4 14 10 29 12 13 3 11 32 18 25 15 23 20 6 7
18.2 1 25 16 24 26 30 10 29 6 13 21 27 22 3 11 20 17 15 2 12 14 8 5 31 32 19 4 23 28 9 18 7
18.1 1 5 31 22 21 26 14 8 19 2 6 7 23 30 18 28 24 10 3 16 17 15 20 29 32 9 4 27 25 13 11 12
18.0 1 13 18 26 28 17 2 32 21 19 20 23 30 4 8 25 5 9 22 12 11 24 14 31 27 3 29 7 10 16 15 6
17.9 1 6 13 16 26 31 22 21 14 27 7 28 8 19 18 30 11 9 10 23 20 32 2 25 4 24 29 15 12 3 17 5
17.8 1 14 13 24 10 28 29 21 19 25 32 5 27 20 31 30 4 2 3 16 17 11 8 22 18 15 26 12 7 23 9 6
17.7 1 7 20 19 28 31 22 24 21 12 23 26 30 25 10 5 11 8 9 13 3 18 6 27 32 4 2 17 16 29 14 15
17.6 1 4 27 13 19 23 30 32 2 14 12 18 28 3 7 26 15 9 8 11 21 17 24 22 29 5 20 6 10 25 31 16
17.5 1 9 7 4 29 32 22 25 17 18 12 19 6 13 10 26 5 20 3 27 24 30 8 28 15 23 31 2 14 16 11 21
17.4 1 5 4 11 30 12 6 8 20 18 7 29 25 10 28 24 31 16 32 21 3 14 17 15 27 2 13 9 23 19 22 26
17.3 1 21 31 2 29 18 13 5 4 10 7 3 9 19 28 15 23 24 22 8 17 12 20 14 11 32 26 25 16 6 30 27
17.2 1 11 25 6 28 7 14 30 17 10 21 4 20 12 22 29 5 9 31 27 18 3 23 16 8 2 26 13 24 15 19 32
17.1 1 4 25 24 11 18 15 26 16 5 9 29 7 13 19 30 12 20 28 32 2 22 3 21 14 31 8 17 10 27 23 6
17.0 1 17 21 15 18 11 23 10 32 2 4 25 12 27 22 14 9 6 29 26 28 31 30 19 7 20 3 24 16 5 8 13
16.9 1 22 5 14 31 12 29 25 4 28 19 17 20 23 11 10 13 6 9 15 3 2 24 18 7 30 32 8 26 27 21 16
16.8 1 7 29 18 20 16 28 11 6 8 24 32 9 4 15 26 3 22 30 19 5 14 17 27 2 10 25 13 12 31 21 23
16.7 1 3 8 26 4 24 31 25 18 5 29 6 12 28 21 23 11 19 10 13 2 22 30 20 15 14 32 27 17 7 9 16
16.6 1 32 21 10 14 19 13 25 22 30 27 17 6 23 15 7 16 26 3 31 12 11 2 5 24 9 8 18 28 20 29 4
16.5 1 17 24 11 5 9 3 30 25 26 4 28 2 10 19 23 22 7 32 15 21 20 29 14 12 16 31 13 18 27 6 8
16.4 1 9 32 29 5 6 15 28 25 4 2 10 26 27 16 31 13 7 3 20 14 24 23 11 18 22 30 12 21 19 8 17
16.3 1 5 16 14 29 11 20 13 7 28 18 9 22 25 17 27 12 6 31 23 19 24 26 10 15 8 3 32 30 4 21 2
16.2 1 14 12 20 4 9 30 25 2 3 11 31 26 18 27 5 19 28 10 8 17 29 6 23 7 32 15 24 21 22 13 16
16.1 1 23 26 21 7 3 8 27 5 20 22 4 14 12 11 9 32 2 6 18 28 25 10 15 30 16 29 19 24 13 31 17
16.0 1 30 10 27 12 17 4 23 32 16 6 19 3 31 13 21 22 9 8 20 18 29 15 28 24 2 11 26 25 7 5 14
15.9 1 27 29 8 26 10 6 4 19 21 28 13 9 5 22 2 16 20 14 17 23 7 18 32 31 12 11 3 25 30 24 15
15.8 1 2 16 28 22 15 24 23 30 7 11 5 19 4 25 3 14 27 31 18 12 9 8 26 17 20 13 10 21 6 29 32
15.7 1 23 11 19 8 20 6 2 9 12 27 14 10 5 4 30 26 21 32 28 25 29 3 16 31 13 17 7 18 22 15 24
15.6 1 30 2 12 5 3 7 9 21 25 29 4 16 11 6 32 31 28 20 15 14 27 23 10 18 24 13 8 26 22 19 17
15.5 1 24 28 22 30 8 17 23 9 32 26 7 13 6 21 25 16 14 29 18 2 27 5 3 11 10 20 31 4 12 19 15
15.4 1 15 4 20 28 8 7 30 11 27 10 24 6 9 5 19 18 3 22 12 23 21 2 14 32 31 25 17 13 16 29 26
15.3 1 17 6 14 4 15 9 19 16 32 25 5 3 31 24 8 13 7 27 21 26 20 11 12 10 23 29 22 28 18 30 2
15.2 1 9 11 30 19 24 10 25 29 17 3 18 2 6 12 5 14 32 21 7 28 8 15 26 22 31 13 20 27 16 23 4
15.1 1 25 17 9 18 2 11 3 13 24 15 26 31 27 20 10 23 14 16 6 21 7 12 28 22 29 19 30 8 4 32 5
15.0 1 20 22 24 3 12 27 21 15 10 9 7 28 17 2 32 6 14 26 4 18 23 29 31 11 16 30 25 5 8 13 19
14.9 1 12 24 22 15 2 10 6 26 28 29 13 11 23 20 8 3 7 9 32 31 21 25 17 30 18 16 5 14 27 19 4
14.8 1 20 26 16 23 13 12 4 24 32 25 10 3 15 11 2 19 6 21 5 9 27 31 14 28 17 22 8 30 18 7 29
14.7 1 2 12 9 23 3 8 16 19 20 7 18 6 30 25 21 17 32 26 11 28 5 15 24 31 27 4 14 13 10 29 22
14.6 1 15 9 27 7 31 32 14 30 13 8 26 25 2 22 10 3 4 18 16 23 17 5 19 11 24 6 21 29 28 12 20
14.5 1 25 12 3 8 24 32 4 10 29 19 26 30 14 13 22 7 16 27 2 23 28 18 31 21 17 9 6 11 15 20 5
14.4 1 14 5 17 15 11 22 6 21 25 10 9 24 32 8 31 19 27 29 12 26 4 7 23 28 16 2 18 20 13 3 30
14.3 1 10 11 8 17 3 20 4 14 21 32 23 27 24 2 15 30 16 29 13 28 22 7 19 26 5 18 9 6 12 25 31
14.2 1 16 25 18 19 28 7 21 6 22 29 10 24 2 31 8 5 4 13 26 20 32 14 11 27 12 3 17 30 23 15 9
14.1 1 32 16 24 18 26 31 6 25 12 27 9 21 17 19 3 13 10 2 15 7 23 20 8 11 5 30 14 22 4 29 28
14.0 1 26 23 11 17 25 32 13 15 21 2 20 27 19 12 3 9 7 31 6 29 28 5 18 10 14 8 16 22 30 24 4
13.9 1 15 11 23 17 12 31 25 13 14 18 5 6 30 9 8 2 4 16 19 32 29 26 28 10 24 22 21 3 20 7 27
13.8 1 28 32 21 13 9 7 24 11 25 2 3 16 14 6 31 10 23 15 5 30 29 8 20 27 17 18 22 26 19 4 12
13.7 1 14 6 10 11 22 2 4 25 3 30 18 9 5 16 13 7 31 17 19 12 15 29 20 8 21 23 27 24 26 32 28
13.6 1 21 2 13 31 30 27 29 20 15 8 22 11 6 18 10 23 7 14 3 12 17 25 5 4 9 28 32 26 19 24 16
13.5 1 20 2 28 22 14 24 6 5 31 23 7 32 27 18 30 10 9 3 4 29 19 25 21 8 26 16 12 13 11 17 15
13.4 1 31 2 14 20 11 23 8 24 27 5 19 7 15 9 25 4 3 16 6 21 22 30 32 17 28 10 29 12 13 26 18
13.3 1 5 28 13 11 32 2 18 31 4 7 8 24 6 17 26 14 23 20 10 9 16 12 29 21 22 15 3 19 30 25 27
13.2 1 29 2 12 10 19 27 23 22 15 30 18 4 26 31 13 16 28 20 5 3 14 11 24 7 21 17 9 32 25 6 8
13.1 1 18 19 13 16 2 27 22 5 24 29 4 9 25 15 8 11 30 10 20 23 6 12 32 17 28 7 3 26 14 21 31
13.0 1 28 7 30 32 2 3 27 21 20 16 12 22 15 9 26 11 23 10 25 17 5 4 14 24 6 31 8 18 29 19 13
12.9 1 8 20 32 3 6 4 25 10 22 27 16 19 17 23 14 26 21 9 5 2 18 11 24 29 15 30 13 28 31 7 12
12.8 1 12 2 15 25 22 18 19 26 13 28 27 23 10 32 20 14 7 9 3 17 31 30 16 5 8 6 4 11 24 21 29
12.7 1 4 26 13 32 16 23 27 25 18 10 20 24 12 17 21 29 30 9 22 14 28 8 7 31 3 2 5 19 15 6 11
12.6 1 28 24 11 16 21 27 12 8 6 5 15 23 10 14 3 20 18 32 25 30 26 9 4 19 22 2 31 7 13 17 29
12.5 1 18 10 3 4 11 2 20 7 13 9 26 29 23 14 32 21 5 31 6 27 30 15 12 8 25 16 22 24 28 17 19
12.4 1 25 11 24 7 20 9 27 18 3 23 30 2 22 19 28 15 26 5 17 4 31 21 8 14 29 32 13 12 10 16 6
12.3 1 15 28 8 2 13 32 19 4 17 5 23 25 16 10 20 29 18 21 7 30 3 24 27 31 26 14 11 12 22 9 6
12.2 1 3 7 10 17 31 6 15 20 12 11 4 25 24 2 9 19 13 14 21 29 22 23 26 32 30 8 27 18 5 16 28
12.1 1 31 17 4 5 15 12 30 25 8 6 10 13 11 7 26 29 23 28 14 2 16 19 18 21 32 9 3 27 20 24 22
12.0 1 20 7 3 13 22 25 17 24 4 8 12 23 11 2 15 5 30 21 31 28 14 29 27 19 10 16 32 26 6 9 18
11.9 1 17 13 9 22 11 8 23 4 21 3 10 15 6 31 26 25 7 32 20 27 29 30 24 19 16 5 14 28 2 12 18
11.8 1 4 17 22 24 15 23 16 8 12 13 9 25 11 26 32 31 10 2 21 7 18 6 14 27 28 20 5 3 19 29 30
11.7 1 21 29 3 16 10 25 15 32 30 7 20 18 22 14 2 24 17 4 11 31 9 27 12 13 26 28 19 6 5 8 23
11.6 1 7 16 30 21 31 5 27 22 11 2 26 20 19 15 9 6 14 18 24 13 17 25 32 12 3 4 29 23 8 28 10
11.5 1 15 29 10 21 2 18 23 8 25 9 28 31 19 6 24 13 11 5 4 20 16 7 12 22 26 32 14 30 3 27 17
11.4 1 10 24 26 2 25 20 15 3 29 8 22 28 7 4 30 9 27 13 32 6 16 11 14 19 5 23 31 21 12 17 18
11.3 1 24 13 14 8 5 17 32 23 30 20 12 25 26 19 31 11 6 21 28 9 4 7 2 10 29 3 16 15 18 22 27
11.2 1 12 22 17 5 27 4 19 7 13 32 30 25 9 16 26 18 24 6 28 20 23 14 15 21 11 3 29 31 2 10 8
11.1 1 14 20 15 30 21 19 31 29 24 11 18 8 9 28 2 12 13 32 25 27 10 5 26 22 16 7 23 4 3 6 17
11.0 1 24 13 8 27 5 29 19 30 7 4 12 9 22 14 17 3 25 26 21 11 15 23 16 31 20 2 10 18 28 6 32
10.9 1 16 24 7 23 15 29 9 26 19 22 30 5 3 28 8 11 13 20 14 17 10 32 31 25 18 12 6 4 2 27 21
10.8 1 14 15 2 21 3 20 18 6 16 23 27 9 17 7 28 8 4 29 11 25 13 24 19 12 31 10 32 26 22 5 30
10.7 1 31 22 15 20 6 24 18 8 12 3 19 28 10 11 13 23 26 9 32 14 25 17 21 7 27 16 4 5 2 29 30
10.6 1 19 6 16 8 18 4 29 28 9 30 21 22 7 17 32 15 11 23 26 20 31 13 10 5 3 25 24 2 14 27 12
10.5 1 32 10 2 13 25 30 7 6 24 18 21 4 15 17 26 29 8 20 19 9 16 14 28 12 27 11 23 22 5 31 3
10.4 1 30 28 21 11 5 14 29 26 3 7 23 22 9 4 27 20 12 24 31 15 25 6 18 13 32 19 16 10 8 17 2
10.3 1 16 10 7 26 9 5 25 29 4 20 14 8 24 18 13 17 21 27 3 19 28 6 32 2 11 15 23 30 22 12 31
10.2 1 2 9 17 26 21 29 19 20 7 25 13 12 16 24 3 6 27 15 14 18 23 11 22 30 10 5 8 28 4 31 32
10.1 1 31 24 32 23 27 9 15 7 2 30 22 19 5 25 10 4 14 8 29 3 11 18 12 26 16 13 17 6 28 21 20
10.0 1 16 10 17 12 27 5 9 21 3 31 6 30 29 8 22 11 32 23 25 4 20 28 13 19 15 24 7 2 26 18 14
9.90 1 32 24 19 11 10 12 15 30 17 5 8 28 26 20 4 27 23 21 14 3 25 31 7 22 29 18 13 9 16 2 6
9.80 1 32 18 3 5 7 25 21 23 19 4 14 22 6 31 27 11 8 2 29 15 9 10 24 26 16 17 13 12 30 20 28
9.70 1 12 8 13 32 20 17 18 28 21 9 31 23 30 22 19 27 7 14 11 26 24 10 29 5 15 25 16 4 2 6 3
9.60 1 11 17 28 26 20 30 5 19 21 8 12 24 25 16 3 18 13 29 32 4 2 27 10 31 15 23 14 7 22 9 6
9.50 1 14 2 12 16 32 21 26 8 30 7 31 6 15 24 23 20 22 9 18 4 5 10 17 29 19 27 13 25 11 28 3
9.40 1 14 5 29 10 32 9 12 25 27 3 24 15 16 23 2 18 28 6 30 20 8 19 17 31 21 7 4 13 11 26 22
9.30 1 21 17 2 16 5 31 20 3 25 19 30 15 7 32 9 28 26 12 11 8 23 29 24 18 4 10 27 14 6 13 22
9.20 1 13 16 26 31 27 5 14 19 6 17 24 18 11 9 29 22 30 12 15 21 25 10 20 7 2 4 8 32 3 23 28
9.10 1 25 18 22 20 9 17 27 24 28 21 26 13 32 19 31 16 11 30 8 14 12 7 2 29 10 4 3 5 6 15 23
9.00 1 32 10 17 22 27 19 12 3 8 26 29 31 24 16 14 20 23 18 2 21 7 11 9 25 15 13 5 28 30 4 6
8.90 1 24 9 30 23 28 20 27 16 15 4 26 32 3 18 12 10 13 11 21 2 6 5 25 14 22 17 8 29 7 31 19
8.80 1 22 26 29 31 30 24 25 10 6 28 16 3 2 4 14 9 32 17 18 7 15 11 20 13 23 12 21 5 27 8 19
8.70 1 29 8 16 23 7 19 13 31 4 5 12 24 9 21 10 20 3 26 6 18 2 28 22 17 11 15 32 27 14 25 30
8.60 1 14 11 25 20 2 8 7 12 15 21 5 30 19 10 17 9 24 28 18 3 31 22 32 29 23 16 6 26 13 4 27
8.50 1 7 8 13 24 6 21 18 19 15 10 14 4 25 27 5 22 12 16 32 20 30 17 3 29 23 26 31 2 28 9 11
8.40 1 28 14 6 5 4 22 32 27 25 2 13 17 20 8 19 29 21 12 18 31 10 3 30 16 15 7 26 24 11 23 9
8.30 1 10 16 8 12 3 20 24 27 28 21 6 14 23 29 32 22 11 30 2 7 13 4 19 31 26 18 25 5 15 9 17
8.20 1 28 7 14 3 32 19 31 25 6 4 12 26 27 11 15 13 17 16 24 22 21 2 30 9 20 8 10 29 5 18 23
8.10 1 5 28 11 30 12 13 25 17 16 9 32 14 20 2 24 19 21 10 4 7 6 29 8 22 27 15 31 23 26 18 3
8.00 1 15 26 18 27 22 13 12 20 23 11 7 21 29 28 9 30 17 5 3 2 8 16 4 31 6 14 25 19 10 32 24
7.90 1 2 25 15 30 11 7 29 9 32 26 31 8 12 10 16 6 18 13 28 21 20 19 24 17 23 5 4 22 3 14 27
7.80 1 20 24 5 21 12 8 3 27 29 25 19 22 18 14 13 31 4 6 7 11 30 9 23 28 32 10 26 15 2 17 16
7.70 1 32 6 29 12 14 19 20 8 3 26 23 10 16 21 2 9 31 11 27 30 15 25 18 17 13 24 5 4 28 7 22
7.60 1 19 10 8 12 2 7 6 20 30 17 29 27 23 22 32 28 9 5 4 21 26 3 31 11 18 25 16 15 13 24 14
7.50 1 13 19 20 16 26 15 21 22 12 31 27 5 2 18 7 25 23 8 30 24 11 32 29 10 9 4 17 6 28 3 14
7.40 1 7 31 30 17 19 4 23 12 15 8 20 11 24 29 28 5 14 21 2 27 3 25 18 16 22 6 10 26 9 32 13
7.30 1 20 12 16 13 18 6 22 5 11 9 26 17 27 8 30 23 28 25 15 10 2 7 4 29 21 14 19 3 31 32 24
7.20 1 8 5 13 19 30 2 11 10 31 28 21 18 22 12 14 26 3 9 27 4 17 29 16 6 25 32 23 15 24 7 20
7.10 1 26 19 27 7 15 14 17 24 10 13 6 31 23 28 5 25 11 32 29 18 21 3 22 4 16 9 8 12 2 30 20
7.00 1 20 21 16 19 25 24 32 2 29 11 18 26 12 17 15 31 3 23 8 5 28 10 22 14 4 6 13 27 30 7 9
6.90 1 17 12 19 8 16 15 32 4 29 30 14 20 13 7 23 18 11 25 6 27 26 10 2 9 24 3 5 28 31 22 21
6.80 1 21 28 10 18 20 14 30 19 15 7 26 27 31 6 25 24 11 13 5 8 9 2 32 17 23 22 16 3 4 29 12
6.70 1 32 17 6 26 18 11 8 15 24 29 28 7 3 21 25 2 27 31 5 4 16 9 12 19 13 22 14 23 10 20 30
6.60 1 7 30 32 4 19 23 5 16 25 22 24 13 12 26 11 21 3 31 15 10 8 2 18 20 9 28 29 6 14 17 27
6.50 1 25 5 16 29 4 17 14 18 6 15 32 30 11 12 28 24 20 26 9 23 2 21 31 10 7 3 19 22 27 8 13
6.40 1 28 25 9 16 21 12 15 32 18 4 6 23 13 8 30 24 2 20 22 26 7 29 31 17 27 10 19 3 5 14 11
6.30 1 21 4 14 2 29 32 16 25 22 7 9 17 23 6 5 30 13 27 18 12 31 28 11 8 3 15 10 26 20 19 24
6.20 1 15 14 31 27 29 5 24 19 11 21 30 22 25 32 13 2 7 16 4 10 9 3 18 6 17 23 12 28 8 26 20
6.10 1 18 6 29 16 21 26 8 2 27 7 3 22 30 17 31 13 9 28 25 11 4 32 23 24 12 14 15 5 10 20 19
6.00 1 21 11 5 18 32 9 12 31 20 13 30 17 15 29 24 14 16 19 23 3 2 28 22 27 4 25 7 8 26 6 10
5.90 1 3 4 11 19 13 32 5 24 8 28 18 31 30 16 6 23 17 9 27 26 25 14 10 22 20 12 7 15 29 2 21
5.80 1 31 9 11 15 4 22 14 24 30 29 7 10 20 8 26 16 2 21 13 23 3 32 5 17 18 6 28 12 27 25 19
5.70 1 26 16 17 8 13 10 12 11 9 19 32 23 20 25 31 14 29 24 7 21 30 18 4 2 22 3 6 27 28 5 15
5.60 1 21 11 3 28 30 32 15 5 23 17 16 29 8 27 10 31 24 2 14 18 22 7 25 4 19 9 6 26 12 20 13
5.50 1 20 16 13 25 29 31 26 17 9 10 6 15 4 11 30 8 19 3 18 24 5 2 7 22 28 27 32 23 14 12 21
5.40 1 19 12 20 26 17 32 16 6 4 5 15 14 29 7 8 3 22 13 10 21 31 23 2 25 24 11 28 30 18 27 9
5.30 1 7 31 19 8 25 4 22 27 6 23 26 15 5 30 21 20 16 32 28 10 29 3 17 12 14 18 24 2 11 13 9
5.20 1 29 24 25 19 11 23 30 6 12 15 21 9 17 14 26 16 10 31 27 18 20 8 5 28 3 32 7 4 22 13 2
5.10 1 18 13 4 5 10 16 32 12 14 8 2 23 21 19 3 25 15 28 9 31 11 22 17 24 26 29 20 27 7 6 30
5.00 1 8 13 5 24 32 30 9 6 7 16 28 18 10 19 15 26 12 3 29 2 31 20 11 27 23 4 17 22 14 21 25
4.90 1 4 15 3 19 7 22 20 14 11 30 16 18 6 10 24 12 8 32 5 17 26 31 28 25 13 21 2 23 9 27 29
4.80 1 26 11 13 23 28 14 5 22 21 31 8 16 7 2 27 12 10 4 29 32 17 19 15 18 20 9 25 24 6 30 3
4.70 1 11 27 21 22 26 30 28 3 12 15 5 20 8 23 9 18 29 25 31 24 2 10 17 19 6 16 4 13 7 32 14
4.60 1 2 12 19 13 24 14 22 4 7 21 17 28 5 18 31 20 26 3 15 16 23 29 8 9 27 10 11 30 32 25 6
4.50 1 21 17 19 12 15 25 8 7 13 6 29 30 3 32 9 16 23 26 18 22 31 10 14 24 27 5 20 2 4 28 11
4.40 1 8 14 24 3 31 6 5 12 23 32 2 17 16 11 21 28 27 29 22 19 4 20 18 13 7 25 26 10 30 9 15
4.30 1 6 9 28 11 8 25 18 4 7 30 13 31 2 14 19 3 15 12 5 16 10 21 23 29 17 22 26 20 24 27 32
4.20 1 17 11 31 6 29 26 7 21 10 22 5 27 9 2 32 19 16 8 25 14 23 12 3 30 4 18 28 13 15 20 24
4.10 1 18 4 26 30 29 23 3 10 32 13 11 20 7 22 8 12 25 16 14 27 2 24 15 5 19 31 17 6 9 28 21
4.00 1 31 2 3 23 19 29 22 7 14 12 20 24 26 8 28 6 16 10 27 17 25 30 21 18 5 4 15 32 11 9 13
3.90 1 32 30 18 26 16 6 28 23 7 25 4 17 22 8 21 5 14 15 29 12 11 19 20 3 31 9 27 10 13 2 24
3.80 1 8 6 24 28 16 31 17 27 11 26 18 4 7 20 25 22 23 29 2 10 14 32 12 30 13 15 9 21 3 19 5
3.70 1 7 27 28 15 11 29 17 30 24 26 23 10 9 21 25 22 2 32 19 14 6 8 5 4 31 20 3 13 16 18 12
3.60 1 27 11 8 31 23 32 13 30 29 28 17 16 25 2 24 18 3 10 7 9 6 15 26 21 19 12 22 5 20 4 14
3.50 1 26 16 3 21 30 11 25 31 32 14 8 27 15 13 5 4 24 12 28 22 6 18 19 9 7 23 20 29 17 10 2
3.40 1 9 11 29 8 6 7 26 24 17 31 23 20 4 12 21 5 28 14 10 25 16 22 18 15 2 3 27 19 32 13 30
3.30 1 3 27 30 31 6 9 21 13 14 15 7 25 19 8 20 32 24 10 11 16 17 4 28 29 26 5 18 2 23 22 12
3.20 1 6 31 16 9 27 15 30 23 29 14 3 26 28 10 25 11 12 2 7 32 17 19 21 13 18 8 4 24 5 22 20
3.10 1 32 12 18 6 29 5 8 10 15 4 7 26 19 22 13 17 21 31 25 11 14 16 23 24 3 28 27 9 20 30 2
3.00 1 7 14 32 16 31 15 11 24 13 5 12 9 22 27 19 28 21 2 23 29 6 18 3 26 8 20 25 30 10 17 4
2.90 1 5 31 3 4 15 20 13 22 9 11 18 26 29 32 2 27 30 12 19 6 8 25 7 10 16 23 28 24 14 17 21
2.80 1 24 23 4 29 7 20 16 12 8 17 31 18 11 21 13 27 25 30 15 14 9 10 6 19 22 32 5 26 28 3 2
2.70 1 22 31 14 26 27 9 19 15 25 5 30 28 6 10 29 18 7 13 11 4 32 24 23 21 20 17 2 12 8 16 3
2.60 1 20 3 7 16 2 23 19 5 11 12 6 26 30 25 22 24 9 15 18 14 13 32 10 28 21 17 27 29 31 8 4
2.50 1 18 4 2 23 9 3 14 29 28 12 25 6 26 22 32 7 10 8 27 21 17 30 15 5 16 24 11 20 31 19 13
2.40 1 20 28 2 12 32 13 27 26 3 30 9 5 4 24 23 25 29 7 18 8 14 22 17 6 16 10 11 19 21 15 31
2.30 1 2 32 29 7 22 18 11 31 16 14 30 20 12 5 25 15 8 10 6 26 13 3 19 9 23 4 21 27 28 24 17
2.20 1 24 14 17 2 23 32 4 25 30 22 12 3 15 20 10 21 19 11 28 29 31 26 13 16 6 18 27 5 9 8 7
2.10 1 7 28 16 26 6 8 27 14 17 12 2 10 18 25 23 30 20 32 21 15 22 31 19 4 9 29 5 24 3 11 13
2.00 1 11 20 7 18 19 5 31 8 22 14 32 12 29 27 17 9 24 21 23 15 4 3 6 25 30 16 28 26 10 13 2
1.90 1 9 30 27 20 7 15 11 17 26 18 10 32 28 23 14 4 13 22 2 29 6 16 24 25 12 31 5 19 8 21 3
1.80 1 31 14 18 30 12 13 11 4 6 5 10 32 15 19 3 16 26 25 7 28 2 8 27 21 23 17 29 9 22 20 24
1.70 1 26 18 2 17 3 22 32 8 25 28 6 12 16 10 27 20 21 11 29 19 13 14 5 4 23 31 30 15 24 9 7
1.60 1 15 30 3 5 21 19 11 26 28 7 8 20 4 32 27 22 17 2 31 9 13 23 12 14 10 29 24 6 18 25 16
1.50 1 17 6 15 32 5 7 8 2 3 13 29 21 24 18 16 12 9 4 25 22 23 30 20 28 11 27 19 10 14 26 31
1.40 1 14 11 30 12 18 16 3 21 27 2 17 32 22 26 28 5 10 25 23 19 24 31 20 7 6 29 15 13 9 8 4
1.30 1 8 14 18 24 11 9 23 2 15 31 19 22 20 30 3 17 12 10 25 29 13 27 5 4 26 32 16 6 7 21 28
1.20 1 23 17 3 26 29 9 8 14 27 28 11 6 19 18 16 31 20 21 24 32 2 4 5 25 30 13 15 22 12 7 10
1.10 1 12 19 15 28 27 6 22 21 9 11 14 3 5 8 24 26 7 18 23 31 2 30 4 20 16 29 17 10 13 32 25
1.00 1 17 9 13 27 15 26 12 5 19 30 23 4 16 28 24 8 11 29 22 31 6 21 3 2 10 20 7 14 25 32 18
0.900 1 12 22 10 24 5 2 17 15 7 27 8 3 23 32 6 31 14 20 18 4 26 11 19 28 16 21 30 25 29 9 13
0.800 1 32 17 8 13 29 3 20 2 28 25 19 5 6 21 14 9 7 16 22 12 31 23 27 26 11 4 15 18 24 30 10
0.700 1 15 14 13 25 27 29 32 30 4 12 23 9 26 8 7 16 6 21 22 20 18 3 31 24 28 19 5 11 2 10 17
0.600 1 16 2 6 5 15 11 10 18 26 3 21 4 31 23 20 12 7 22 32 30 19 27 25 8 28 17 9 29 13 24 14
0.500 1 20 7 14 15 8 3 26 23 29 17 28 16 13 27 2 22 32 12 9 31 18 5 24 6 21 4 30 10 11 25 19
0.400 1 15 10 16 30 23 25 26 28 24 32 7 31 21 12 27 17 13 6 8 18 22 19 3 20 14 9 2 4 29 5 11
0.300 1 14 24 6 28 27 29 13 12 18 19 4 7 30 32 3 23 9 31 26 15 8 20 22 16 2 21 5 25 17 11 10
0.200 1 17 25 27 29 6 11 26 10 15 9 3 8 2 22 19 5 24 13 28 14 18 31 12 23 4 30 7 21 32 20 16
0.0100 1 18 31 12 20 15 26 10 8 24 11 28 6 25 13 5 27 29 19 17 21 22 4 23 7 30 32 2 14 16 3 9
0.00100 1 18 31 12 20 23 4 7 30 32 22 2 21 17 19 29 27 5 25 13 6 28 11 24 10 26 8 9 16 3 14 15
