-0.0128657   0.151586   0.153861   -0.0129013   0.151552   0.153809
-0.334157   0.0577055   0.0588927   -0.334063   0.0576333   0.0588354
-0.117544   -0.394437   -0.0891579   -0.117546   -0.394502   -0.0892097
-0.0246568   -0.00240979   -0.448537   -0.0246313   -0.00239483   -0.448385
-0.465608   0.0513609   0.254575   -0.465761   0.0514233   0.254639
-0.368637   -0.410607   0.380633   -0.368718   -0.410698   0.380572
0.377738   -0.128586   -0.126403   0.377651   -0.128463   -0.126446
-0.0324239   0.217187   -0.419823   -0.0325052   0.217262   -0.419826
-0.198995   0.103982   -0.483216   -0.198905   0.103938   -0.483166
-0.379919   -0.224956   -0.214754   -0.38   -0.225085   -0.214645
0.0387105   -0.0273078   -0.252203   0.0388083   -0.0274563   -0.252238
-0.434584   -0.357666   -0.400394   -0.434583   -0.35772   -0.400323
-0.0887624   0.327624   0.27703   -0.0888154   0.327767   0.277176
-0.208152   0.240878   0.139075   -0.208081   0.24102   0.139079
-0.0677322   0.334465   0.0389199   -0.0677336   0.334385   0.038741
0.345586   -0.318499   -0.452664   0.345457   -0.318409   -0.452562
0.351925   -0.19983   0.0691432   0.351846   -0.199672   0.0688897
-0.141361   -0.477863   0.228484   -0.141264   -0.477966   0.228446
0.361787   -0.499682   -0.388747   0.36152   -0.499767   -0.388716
0.143532   0.311227   -0.426849   0.143417   0.311194   -0.426672
0.228345   0.0448308   -0.187929   0.228337   0.0448401   -0.187947
0.462858   0.0318587   -0.293583   0.462974   0.0318704   -0.293582
0.0996411   -0.0629588   0.322613   0.0998921   -0.0629287   0.322578
0.308679   0.397624   0.347101   0.308723   0.397783   0.347083
0.0749976   0.200559   -0.245883   0.074986   0.200604   -0.246087
0.468772   0.106646   0.0157482   0.468788   0.106623   0.0156895
0.376538   -0.112202   -0.461239   0.376487   -0.112148   -0.461284
-0.43463   -0.0358177   -0.129097   -0.434742   -0.0358295   -0.129109
0.12627   -0.361089   -0.415569   0.126296   -0.36111   -0.415495
-0.456347   -0.297175   -0.00626998   -0.456384   -0.297032   -0.00612778
-0.136725   0.151854   -0.0479787   -0.136757   0.151841   -0.0479264
-0.362366   -0.00841612   0.484339   -0.3624   -0.0085179   0.484447
-0.180227   -0.454664   0.422761   -0.180185   -0.45472   0.422948
-0.0463933   -0.0366886   0.13103   -0.0462958   -0.0366528   0.131083
-0.0327447   -0.226168   -0.0218854   -0.0327809   -0.226368   -0.0218254
-0.0366582   -0.421951   -0.261363   -0.0366897   -0.422037   -0.26151
0.368782   -0.0288189   0.182396   0.3687   -0.0289468   0.182311
0.142411   0.480723   -0.302228   0.142603   0.480604   -0.302238
-0.172241   -0.223336   -0.213855   -0.172252   -0.223308   -0.213943
-0.0141061   0.356384   -0.156768   -0.0141023   0.35637   -0.156804
-0.480101   0.220713   -0.316178   -0.479999   0.220635   -0.316219
-0.483979   0.253031   0.161968   -0.484173   0.253092   0.161877
0.448961   -0.348745   -0.233398   0.448923   -0.348715   -0.233265
0.474252   -0.164783   0.348217   0.474217   -0.164614   0.348143
0.159136   0.292359   0.18635   0.159292   0.292522   0.186206
-0.233298   0.332832   -0.395011   -0.233212   0.332663   -0.395058
-0.398109   0.199528   -0.49813   -0.39809   0.199242   -0.498221
-0.301848   -0.180895   -0.0452388   -0.301998   -0.181094   -0.0453695
-0.241987   -0.0683032   -0.338574   -0.242028   -0.0682662   -0.338456
0.259475   0.278552   -0.198218   0.25948   0.278603   -0.198262
-0.264128   -0.267964   0.28139   -0.263999   -0.267973   0.281399
-0.0117519   0.133572   0.382455   -0.0119182   0.133659   0.382515
-0.314435   -0.487014   -0.0999656   -0.314411   -0.486823   -0.0998539
0.216219   0.477057   0.0453963   0.216426   0.477085   0.0454948
-0.117789   -0.041047   -0.104379   -0.117599   -0.0410869   -0.104262
0.488337   -0.323333   0.215903   0.488289   -0.323453   0.215946
0.180625   -0.0880992   0.12237   0.180554   -0.088145   0.12228
-0.493696   0.488199   -0.0215565   -0.493607   0.488297   -0.0216899
0.379615   0.32012   -0.482797   0.379632   0.320007   -0.482777
-0.281094   -0.338952   0.100944   -0.28101   -0.338963   0.100892
0.307098   0.484439   -0.184752   0.307151   0.48422   -0.184753
0.0498005   -0.437574   0.321234   0.0497914   -0.437385   0.321374
-0.44933   0.444018   -0.465354   -0.449318   0.444081   -0.465281
-0.350753   0.482848   0.193035   -0.350829   0.482983   0.193036
0.444504   0.0897598   -0.47772   0.44447   0.089629   -0.477757
-0.145752   0.141296   -0.247162   -0.14592   0.141495   -0.246955
0.259698   0.0823183   0.0179174   0.259632   0.0822706   0.0179594
0.361002   0.215149   0.304439   0.361042   0.215203   0.304577
-0.264103   0.191126   0.323459   -0.264356   0.19118   0.323564
-0.28169   -0.43396   -0.313585   -0.281682   -0.433842   -0.313663
0.0486337   0.0778329   -0.0589594   0.0485734   0.0779559   -0.0591715
0.488578   0.455282   -0.246492   0.488562   0.455504   -0.246534
0.135376   -0.284161   -0.219599   0.135372   -0.284002   -0.219677
0.12643   0.299917   -0.0139874   0.126459   0.299949   -0.0137777
0.21938   0.089323   0.219588   0.21946   0.0892838   0.219608
-0.205423   0.469165   0.0530324   -0.205468   0.469242   0.0529974
0.226561   -0.101898   -0.33811   0.2264   -0.101867   -0.338106
0.0351748   -0.265918   0.183538   0.0353412   -0.266089   0.183395
-0.315823   0.114865   -0.314126   -0.315852   0.114856   -0.314287
0.0812828   0.356879   0.374314   0.0812331   0.356731   0.374251
0.338045   0.0054651   0.385025   0.338217   0.00558922   0.38509
0.351987   -0.34811   -0.076787   0.351848   -0.348098   -0.0767878
0.446237   0.485517   0.174364   0.446206   0.485543   0.174425
0.138202   -0.120556   -0.091228   0.138374   -0.120627   -0.0910033
0.250384   -0.445002   0.207438   0.250228   -0.444998   0.207462
0.188869   -0.287688   0.0164457   0.188831   -0.287667   0.0164836
0.204075   0.159939   0.417547   0.204067   0.160003   0.417552
-0.0170042   -0.190005   -0.374061   -0.0168574   -0.190137   -0.374102
-0.307795   -0.214213   -0.491088   -0.30797   -0.214216   -0.491096
-0.15616   -0.328432   -0.415761   -0.156241   -0.32846   -0.415787
0.254052   -0.248127   0.3022   0.254124   -0.248252   0.302066
0.429927   0.308564   -0.0875706   0.429946   0.30856   -0.0876053
-0.482924   0.369368   0.32391   -0.482788   0.369262   0.323934
0.0988775   -0.495805   -0.102505   0.0988356   -0.495803   -0.102454
-0.207183   0.329636   -0.163277   -0.207213   0.329746   -0.163198
-0.0276628   0.456062   -0.45344   -0.0276148   0.456086   -0.453471
0.00533298   -0.445026   0.0875884   0.005369   -0.445062   0.0877455
-0.33526   0.328026   0.0244833   -0.335244   0.327957   0.0245071
0.164176   -0.163093   0.472389   0.164208   -0.163218   0.472288
-0.445544   -0.13078   -0.372969   -0.445517   -0.130709   -0.372965
-0.158473   0.0167805   0.312027   -0.158427   0.0166619   0.312181
-0.273595   0.381924   0.381259   -0.273558   0.381994   0.381214
0.201632   0.485698   0.480899   0.201646   0.485738   0.480728
-0.380583   -0.146261   0.180097   -0.380638   -0.146124   0.180107
-0.413887   0.161732   -0.128517   -0.413663   0.161451   -0.128627
0.430599   -0.45286   0.393275   0.430635   -0.452557   0.393237
-0.031526   -0.261952   0.404109   -0.0313272   -0.261893   0.404096
0.168271   0.0931647   -0.371453   0.168166   0.0930596   -0.371529
