103.969
103.563
101.302
99.8248
99.7081
102.333
103.959
100.431
98.7886
96.2194
95.8358
94.2712
91.3463
89.2518
92.0706
91.7281
93.3333
95.5984
94.7831
95.948
93.3314
93.067
94.1486
96.9264
98.377
97.3316
98.1019
97.306
98.9205
99.3317
99.2811
103.837
105.203
109.665
108.78
109.388
109.745
107.2
104.879
106.043
102.008
100.212
100.913
101.568
101.839
103.239
107.019
107.255
107.338
110.931
109.258
108.33
108.443
109.452
110.524
108.544
105.135
105.542
103.442
100.517
97.6248
97.0173
100.774
100.791
100.202
97.2843
90.9291
90.5649
90.462
88.5546
89.7151
92.9869
95.073
96.2332
96.4608
96.1662
99.1103
98.1348
100.374
98.4525
102.391
101.758
102.969
98.1467
98.7673
95.8583
96.126
99.9358
104.333
105.725
104.007
102.659
104.706
99.2093
103.019
99.9613
100.542
98.2141
97.2049
101.457
98.9104
100.452
102.168
108.781
110.845
113.826
115.817
114.306
116.408
121.078
120.876
118.889
119.232
118.737
119.405
120.734
122.343
119.35
121.216
116.193
113.248
115.389
114.682
112.774
112.218
109.964
112.274
114.183
117.824
117.914
119.447
120.459
125.724
129.723
132.545
133.725
131.967
130.257
129.101
130.003
133.779
136.66
130.165
132.926
127.551
131.409
130.726
127.549
126.708
122.783
126.197
126.301
126.032
128.175
127.085
127.745
128.117
127.003
126.636
121.351
122.805
124.757
125.887
126.647
126.883
126.453
128.627
126.769
132.103
136.625
133.094
132.221
133.655
136.808
138.396
139.947
143.851
140.789
140.093
146.496
144.426
140.314
139.931
137.377
139.144
142.132
143.955
147.151
152.013
150.205
157.947
155.581
160.042
169.15
168.556
172.52
173.131
183.541
188.058
184.609
99.1799
97.6833
94.8203
93.8956
93.3683
90.0026
90.1114
93.7266
89.4312
88.1286
85.1179
84.3897
83.7283
83.8335
84.1991
84.8137
83.4152
85.529
86.9072
89.2357
91.9707
89.5765
89.3726
87.9816
86.674
85.1854
87.1504
87.984
84.8504
82.3051
79.91
80.2219
79.3751
79.8718
83.9349
82.34
80.7276
83.4331
84.8936
84.1716
83.079
80.9036
79.1336
78.286
80.6851
77.03
74.0329
78.6619
77.5326
75.9999
73.9643
74.8026
73.3492
72.9358
72.9807
70.4892
69.8402
70.391
69.4049
71.505
71.7794
74.2699
70.903
70.4621
70.2345
69.8963
70.8362
72.9602
73.686
75.7651
79.2328
77.6826
77.5679
78.4417
81.8043
81.0134
78.792
81.2732
83.1561
83.1237
81.8132
82.5808
81.8147
80.8527
82.4229
78.8439
77.0968
77.6881
74.0901
75.9277
75.1102
77.739
76.0128
72.2738
71.6147
71.8395
71.1239
71.3917
72.6795
76.7986
98.8756
99.3699
98.3206
94.2284
96.6471
91.4059
91.6767
91.767
91.521
91.0472
91.8409
89.1814
90.2316
87.8632
90.5754
87.3504
90.4254
84.6406
82.9744
86.0101
88.4846
87.3813
86.1771
84.9571
87.465
88.347
85.6177
85.3088
82.5776
81.2836
80.5525
80.0181
75.7069
75.1764
75.8876
75.8406
75.243
72.9082
73.4398
75.0037
73.6955
70.2698
69.5291
71.1926
70.8577
70.5563
69.7541
69.4616
70.6318
71.739
74.1655
72.096
74.9308
76.7722
77.3334
76.4145
74.2875
74.975
77.1677
76.3358
79.0654
80.5219
83.3808
81.5969
80.433
80.0905
77.94
76.4662
76.3275
75.1409
78.0651
75.0257
72.329
76.7035
76.67
81.7259
83.3811
84.9042
83.7422
85.5114
84.1897
83.089
82.6994
81.8204
80.0664
79.7256
78.7157
79.6867
76.9583
76.116
75.2076
78.4616
80.6678
76.2124
79.11
79.5919
77.0683
79.4841
79.1302
78.212
96.1372
97.9082
94.5231
96.6616
96.803
96.9528
98.0861
97.2358
97.052
97.144
99.1784
100.901
102.698
104.542
106.054
108.305
106.769
104.634
103.852
103.54
105.043
106.35
108.985
113.926
113.383
114.93
109.914
109.657
110.09
111.531
114.469
117.425
114.085
114.741
115.857
116.142
111.033
111.733
112.902
109.999
112.427
110.968
117.692
116.089
115.422
115.204
113.991
110.833
110.523
113.477
117.023
117.192
113.898
111.367
106.759
103.097
100.191
99.0812
99.6528
102.03
102.685
102.867
102.598
98.7795
103.063
102.881
105.234
103.438
100.008
99.0831
97.0129
93.5188
91.5623
91.0814
91.8036
94.7727
97.2137
93.6983
92.1861
89.0394
91.5919
91.588
90.221
89.9401
87.2489
89.2816
85.8974
89.3356
90.8356
87.0598
87.9947
85.4555
88.4129
85.5049
85.0231
87.9494
87.5264
86.3043
89.4571
84.8626
98.2151
98.172
100.458
100.922
100.09
99.7585
97.1239
102.518
101.258
95.4254
93.2946
93.4615
92.7723
93.8467
94.065
97.0742
95.6804
97.595
93.5869
94.9272
91.4385
93.2537
97.3569
98.5026
100.762
102.396
100.696
100.743
101.49
104.106
102.377
100.746
100.998
95.1301
95.8377
97.6787
96.017
94.6821
97.5049
96.9756
95.3359
95.1321
98.7097
94.6775
92.0626
92.1304
88.9415
88.382
86.782
84.8249
86.2298
84.6704
82.8777
84.3614
83.4107
84.8483
88.2357
89.9838
91.817
88.5865
94.3756
91.7644
91.5065
93.6831
97.684
101.079
98.7635
97.0333
100.164
104.041
102.883
99.9212
97.7942
102.685
98.9279
97.0567
94.4886
95.7719
93.9787
92.3001
95.2582
95.8599
94.2002
92.9848
89.7782
88.902
93.643
92.009
91.2816
93.8597
97.0083
95.3791
96.9646
96.013
102.211
102.294
102.547
102.527
104.515
100.978
99.0496
93.8952
89.2632
91.3572
95.8677
95.6566
92.226
92.9359
95.646
99.6914
97.6507
97.4255
95.9571
93.1152
92.2106
96.0876
94.4337
96.1291
97.711
95.0417
91.0039
91.113
93.2617
91.7893
88.177
88.842
82.8365
78.8971
78.793
79.533
79.367
83.7604
81.5031
80.5521
80.5445
79.8087
80.2589
77.3785
78.5033
76.3352
76.4799
80.2398
79.4334
78.5908
74.3449
74.4952
73.2237
71.3824
71.0828
72.1274
72.6694
71.4163
74.4324
74.9324
74.1246
73.387
74.389
73.8006
74.2877
73.2436
73.0364
73.7457
75.6175
74.3897
76.2233
77.925
81.3161
83.6473
82.5543
77.2235
75.8847
76.3273
79.5869
80.3366
80.8295
78.4083
79.9563
78.0203
80.3862
80.5736
81.3476
83.2254
83.0245
83.3558
85.3381
88.7242
88.9311
87.0468
87.1295
88.5282
87.4387
84.4681
83.4647
89.801
90.61
94.6509
93.2912
95.1444
95.1292
95.3752
98.5918
96.4424
92.9826
95.6272
94.0431
94.4055
97.2752
99.3623
100.981
99.9797
99.7451
103.523
108.023
107.956
106.162
102.006
100.396
100.396
104.089
103.498
101.985
100.811
97.0665
98.0119
96.2587
96.6347
95.8041
95.7708
101.409
100.434
100.406
97.9771
95.5936
93.9378
92.2884
94.9883
95.4642
92.9193
93.3084
91.7577
91.4018
91.3521
95.3429
98.3444
98.587
97.4936
101.874
102.972
100.082
98.0752
96.7432
96.7859
101.517
100.879
99.3647
100.602
101.418
105.113
103.499
99.7655
99.485
104.08
104.381
103.971
103.816
106.528
107.921
112.572
110.451
108.351
108.348
104.743
103.685
98.3773
101.914
100.55
103.084
100.635
99.8074
97.008
99.5276
101.819
104.067
105.646
105.511
102.467
105.078
105.837
99.6547
102.634
103.316
103.106
104.217
104.745
104.47
108.234
106.149
100.322
99.3542
98.9145
98.2697
100.573
101.052
103.22
101.337
104.884
104.067
104.783
107.579
110.538
109.442
108.609
108.517
104.604
106.208
105.731
104.048
102.824
104.556
102.298
99.09
99.7412
102.474
104.341
100.678
101.137
100.145
97.0189
96.9947
100.203
96.54
96.6185
96.5361
96.3394
97.9355
98.9107
100.001
98.9997
99.1028
97.0818
98.665
101.142
98.9876
100.779
103.745
102.128
98.3078
93.9183
91.4971
90.9489
91.7922
91.6703
92.416
91.6158
96.0025
95.101
95.5108
98.2738
98.6701
96.6553
97.3492
100.421
98.5589
95.9373
93.5805
93.3056
92.8805
92.8696
92.7418
91.4316
88.6644
90.2667
91.0609
88.9936
86.5141
84.0788
82.4999
85.3373
83.925
84.1894
84.7398
86.1999
84.3802
84.0308
82.9168
81.1757
86.1602
85.4087
85.4445
86.082
85.9843
87.4104
87.6325
88.1622
89.3743
93.5561
93.3426
91.6093
92.9297
95.7232
100.031
104.211
103.651
106.207
108.158
111.307
111.22
110.503
106.181
103.867
104.419
103.304
111.492
117.475
118.004
118.96
122.307
123.373
121.043
111.599
106.371
106.256
104.582
99.7058
95.806
92.7316
95.9218
92.9377
92.8933
92.5673
91.6251
90.9824
86.3836
87.2623
81.9185
82.9102
85.8823
86.1473
86.6998
87.9044
87.3996
85.8249
87.1741
89.0244
88.7964
88.7229
87.5217
84.5526
86.9114
87.5027
88.9145
88.1454
85.1379
87.1676
84.8094
82.7447
82.7693
85.3045
84.629
86.779
88.2089
87.4715
87.2149
88.4451
92.3994
93.3185
93.2983
97.9881
95.8757
97.8417
97.5636
97.0126
95.83
93.6657
90.7522
91.3533
91.7436
89.5167
91.9209
91.6808
90.4264
87.0943
85.6704
87.0917
88.0304
85.899
83.591
84.7483
82.6263
80.9154
82.8023
81.5546
82.4725
82.8295
85.7419
89.8658
88.1322
89.3619
89.9191
88.7609
104.308
105.364
104.498
103.967
104.319
105.833
105.918
109.132
110.639
108.958
108.111
106.426
106.035
105.671
107.112
103.928
107.01
105.483
103.666
104.211
107.448
111.24
112.866
112.418
114.719
117.888
117.463
116.379
119.678
120.128
121.902
122.268
127.424
129.542
131.723
132.731
128.223
127.088
128.111
132.661
129.274
134.484
129.852
132.436
133.6
133.501
132.074
132.862
130.301
134.56
135.808
138.555
137.071
135.314
137.638
143.8
140.996
146.589
150.148
151.605
153.404
152.968
149.929
154.437
157.991
156.017
166.746
169.4
166.259
173.316
174.31
169.316
174.418
180.51
178.243
172.873
175.555
180.66
185.095
190.379
194.027
194.449
194.754
187.803
190.598
191.024
190.154
192.158
192.328
196.683
195.472
194.351
186.162
184.255
176.185
175.875
167.535
170.227
174.233
179.381
100.804
100.243
101.082
101.268
103.356
101.628
101.088
100.731
101.134
102.095
103.685
102.284
104.064
101.37
102.576
104.383
103.772
105.675
103.8
102.052
99.617
99.1755
94.8216
94.2922
89.3642
90.0204
91.023
93.8071
92.3706
90.8985
88.3767
87.8094
86.7267
86.0022
86.2068
84.0432
85.5155
85.9189
85.8259
84.9112
89.0486
88.3635
88.059
84.247
85.9789
86.0129
84.7388
85.7734
87.1049
87.4246
87.0801
87.97
91.3232
90.8146
92.6058
90.9121
91.9709
90.8705
92.3958
95.8168
94.89
96.2417
97.5286
99.1555
98.3257
96.0597
91.1579
85.6993
88.3733
88.4603
91.7563
86.9016
86.4555
89.4249
91.0361
87.8882
91.9902
92.278
94.4359
89.1095
94.4579
93.397
94.8569
94.2967
92.5475
97.6457
94.6771
92.8647
92.3253
90.7454
91.6551
90.2424
90.6915
90.1791
92.3607
89.1609
88.44
88.9716
89.3568
89.4868
96.8838
98.2936
95.6861
96.1608
98.7941
101.294
96.7364
95.1629
95.8839
93.6814
94.6469
96.6142
95.874
92.5954
93.7551
91.2007
89.0167
85.1217
86.0819
82.3042
83.2932
83.9807
81.7345
79.1161
77.3116
79.3597
79.0751
80.857
80.7427
83.708
86.8018
85.5845
81.0973
79.9952
77.3702
78.6853
78.0851
77.346
79.2699
81.97
81.8493
82.832
83.5032
87.1044
88.7748
92.6893
93.7938
94.8957
95.2868
97.2671
97.7015
97.6776
94.885
99.4578
99.5336
98.4763
100.592
101.074
106.594
109.333
112.012
116.331
113.06
112.19
110.022
108.583
107.944
110.548
109.227
111.359
109.261
112.314
106.479
107.794
114.336
111.259
115.989
116.501
116.54
112.262
111.701
111.716
113.487
110.701
112.313
114.834
117.389
115.95
114.257
114.45
116.663
111.937
114.236
111.695
110.785
110.459
111.762
108.971
108.549
109.651
101.696
101.628
103.403
105.236
111.033
109.974
115.08
120.453
126.58
127.324
126.3
130.932
128.139
127.869
125.015
122.239
121.361
121.454
120.977
116.957
117.486
111.545
110.013
111.465
114.049
112.594
110.76
113.375
113.584
120.069
121.279
124.702
118.297
118.335
118.491
117.775
113.005
112.155
116.209
115.09
115.598
116.792
111.666
110.587
111.375
112.404
114.278
115.706
116.325
115.535
119.731
116.692
116.619
113.576
113.011
116.667
116.627
117.359
115.018
112.559
116.075
117.551
116.345
116.604
115.662
120.828
122.379
124.808
122.776
125.099
125.806
119.729
122.39
124.572
121.608
125.158
124.852
130.602
133.947
134.179
133.914
136.21
136.975
136.71
143.443
142.276
143.745
148.994
142.945
142.954
145.3
141.93
140.962
134.867
136.169
130.004
130.152
124.626
126.878
121.956
98.3789
93.7283
97.3627
96.4472
92.9347
93.5601
91.072
91.0307
92.2271
95.7763
95.7321
98.6658
96.0085
94.2532
93.7639
92.8535
93.9751
92.9392
96.5571
93.1716
98.2625
101.704
99.2287
98.3402
95.0782
96.7178
97.2233
96.9788
98.8018
100.256
100.123
98.7714
100.606
102.317
104.113
99.0687
98.9175
96.2329
98.3021
97.2025
101.202
100.951
100.935
101.057
97.3955
93.2886
94.9487
93.4781
91.5165
91.131
89.7163
89.8419
89.1622
86.6145
83.4767
82.2438
82.2781
83.9618
89.472
92.4516
100.661
97.3384
94.0592
90.8313
92.2125
91.7078
87.8601
86.0212
86.858
82.8781
81.7488
80.2479
78.6565
76.8409
75.2003
74.0915
76.0419
78.9307
76.1113
75.5643
77.3749
77.4569
78.235
78.3847
77.5328
73.9782
74.7434
72.5158
73.5121
72.4465
75.8009
79.2451
78.085
72.7811
72.3218
71.8074
74.5785
74.7813
72.056
73.0311
100.256
102.498
103.104
102.581
102.496
105.417
105.257
106.506
109.071
108.093
113.188
113.551
109.506
112.305
110.188
108.242
108.038
114.91
114.012
112.986
108.566
114.563
112.51
116.383
117.62
118.212
118.086
121.884
126.75
123
123.474
124.775
128.89
127.863
128.772
132.898
128.17
128.524
130.574
132.957
132.888
128.814
124.123
119.128
116.354
119.669
115.296
114.288
112.088
109.255
109.786
109.411
111.861
111.045
109.42
111.547
110.561
112.033
112.728
115.737
113.59
115.36
112.861
114.081
116.029
116.491
116.393
115.647
113.591
109.399
107.8
112.728
118.839
115.35
114.526
116.737
115.548
113.572
117.204
120.039
120.634
118.401
113.633
119.974
119.184
122.178
124.11
126.879
129.819
123.256
123.84
121.817
124.75
120.015
119.795
116.633
117.301
120.236
122.262
127.829
105.08
107.132
103.933
98.5461
97.1908
98.0497
94.6391
95.5608
97.0681
97.0495
98.3659
99.7272
96.289
98.4464
97.085
95.4659
93.7092
92.772
95.0775
91.9906
88.6967
89.3295
90.1333
93.7061
100.011
103.011
104.664
108.547
106.803
105.008
105.954
113.642
115.084
114.601
112.135
108.82
108.883
105.45
102.233
104.351
107.473
107.279
109.673
110.874
113.651
112.298
115.615
118.359
122.073
119.326
117.675
119.309
122.508
125.024
124.381
127.405
126.697
124.566
119.045
118.743
118.999
113.946
115.549
118.829
121.003
115.916
115.295
116.94
117.752
115.937
114.685
110.315
111.446
113.251
115.346
115.123
114.48
114.891
116.857
112.537
115.304
115.352
111.615
110.397
112.943
111.944
114.363
118.944
117.257
115.436
112.634
117.66
116.861
119.041
119.992
119.815
125.028
126.431
119.071
118.116
101.177
108.1
110.616
110.238
108.645
113.52
110.137
113.835
111.725
119.107
117.028
115.677
116.556
118.999
121.204
128.545
131.603
133.377
134.203
131.644
130.074
137.583
138.331
140.426
147.565
148.893
149.914
148.791
151.92
155.788
158.463
158.747
160.992
160.538
161.365
157.237
158.096
163.249
157.198
153.013
153.578
155.115
159.984
163.68
159.439
155.437
155.187
158.393
162.601
168.755
161.618
168.022
160.591
160.21
160.104
160.022
162.138
166.137
166.303
175.931
180.099
182.597
188.085
184.536
193.91
187.856
191.707
196.797
197.75
193.931
188.914
187.946
182.309
186.045
186.833
197.941
194.959
193.534
202.998
201.488
208.037
211.164
208.946
213.843
219.293
225.235
223.602
221.486
219.04
218.653
217.775
217.338
221.187
227.111
223.269
220.317
218.727
213.752
209.674
208.082
101.682
102.031
105.506
105.734
109.009
111.946
106.639
102.603
103.775
109.752
110.628
110.527
107.598
108.738
109.144
107.437
105.707
111.062
109.559
111.803
116.207
118.646
119.522
120.281
120.517
125.65
134.545
132.472
128.792
127.51
128.963
135.542
143.05
141.832
139.068
137.826
144.314
145.961
153.993
148.69
150.144
147.094
145.407
147.858
143.609
140.636
144.411
142.77
143.1
145.297
145.568
145.471
140.703
138.95
140.035
144.072
144.416
147.105
142.895
144.604
140.623
141.742
143.531
137.341
138.526
140.536
148.931
141.04
144.07
142.659
138.218
137.97
131.35
129.965
128.327
125.061
127.036
129.949
121.39
118.353
122.359
116.973
119.805
123.17
123.304
122.012
119.397
119.642
121.146
121.517
126.045
126.543
126.255
123.311
119.017
120.689
120.358
120.351
116.974
119.197
101.685
101.949
108.887
107.58
105.127
103.705
106.327
106.799
105.934
108.352
111.282
114.03
117.606
115.988
118.521
115.607
114.749
118.554
122.064
127.723
123.337
125.673
126.76
127.878
123.68
121.458
116.044
106.865
104.835
102.001
99.1445
98.2066
99.2989
102.567
104.045
107.181
107.42
109.951
109.48
111.835
109.985
107.263
105.998
103.46
99.3627
98.7035
97.2401
98.2432
94.6175
95.1899
99.8638
102.456
98.7184
99.9688
103.355
104.199
108.509
110.103
108.062
108.285
107.471
108.787
101.651
99.6645
102.221
100.903
98.8127
99.1328
105.027
105.251
106.422
99.8433
99.7766
98.0468
98.4328
98.7964
102.638
101.632
99.3163
100.808
98.1736
100.905
106.884
110.716
110.382
108.392
111.592
113.752
113.527
111.419
113.03
113.813
108.956
109.679
110.948
112.52
112.748
112.22
114.817
117.39
102.092
102.417
104.388
103.083
105.223
113.167
114.014
116.47
114.847
108.619
108.409
103.82
108.297
108.276
108.003
104.368
105.287
103.255
102.16
104.925
103.806
103.777
102.868
100.876
100.102
99.5975
95.5295
93.9829
95.9212
99.2292
102.344
108.05
107.262
103.118
99.2935
100.708
101.813
102.376
95.047
97.2422
96.4556
94.0615
98.7711
100.105
99.4667
98.3715
95.5267
94.189
91.927
95.9739
92.6498
92.9802
89.3175
86.8722
91.3259
93.0982
94.5125
92.6814
93.3823
89.9006
85.7324
85.8658
86.3193
88.6443
88.6018
85.3822
87.4259
89.915
94.9196
96.7574
94.9568
95.8122
94.6968
93.715
90.9537
91.5325
90.2165
92.7056
88.2281
84.294
82.2342
82.2836
77.249
80.0833
83.4176
82.127
85.8786
85.2913
86.713
88.8621
87.6414
91.3574
87.1458
87.4943
86.529
86.7581
88.1947
86.6277
87.7275
88.4561
96.8047
93.9843
96.2588
95.0588
95.7267
96.4324
96.7158
97.9931
96.2006
95.6618
103.175
102.282
98.43
98.8509
98.0487
99.5983
100.144
98.7888
98.8662
97.8534
99.0251
98.4023
100.764
101.179
99.864
99.7721
98.229
98.9918
99.6555
98.1812
99.0001
103.194
104.669
105.998
104.58
103.333
100.787
101.101
97.1614
97.0442
99.0611
98.1114
97.1118
95.1156
93.8136
95.3423
92.8695
87.117
82.4988
83.9365
85.7814
82.5202
80.5805
79.4835
78.031
76.7949
78.1863
78.8352
81.3565
82.1573
80.7501
79.6124
77.9022
77.3387
77.0101
76.7459
77.9822
75.9465
76.9383
78.051
76.7818
78.7112
78.8116
76.6777
75.1375
76.4631
79.2575
77.1105
79.2457
77.1168
79.5408
80.2283
80.6183
79.268
79.6563
81.6864
86.0023
86.2033
85.5127
84.7644
87.3146
86.2453
90.1789
91.2932
92.1028
90.2507
88.8821
88.9636
90.9099
92.9286
101.08
103.607
101.635
103.52
100.925
99.3035
98.6319
96.667
97.598
94.526
92.9813
89.9228
89.2968
93.0662
92.9183
97.6438
98.7752
96.2017
97.2579
100.588
101.482
103.755
102.78
108.099
110.428
109.195
107.692
105.566
106.327
109.098
104.87
107.185
101.135
98.1733
96.4543
98.8855
95.666
95.4731
92.6873
96.101
96.9528
93.0193
92.648
94.4917
94.9747
95.9051
94.4582
95.6092
94.1707
90.7275
91.3831
89.55
91.2086
91.8308
91.2108
94.8332
94.5572
95.1837
95.4208
96.1177
95.5943
92.1419
93.0774
94.5198
91.3504
94.0271
94.4622
97.9407
99.8691
100.44
105.24
108.623
108.209
109.333
112.669
116.968
119.691
121.509
120.875
118.05
121.341
120.525
124.644
125.813
125.075
127.525
121.113
118.84
126.922
128.138
130.538
129.632
130.501
129.487
132.737
132.561
134.131
133.114
134.223
139.393
103.188
104.608
104.744
104.513
105.894
101.312
101.191
101.648
104.908
105.444
104.354
104.736
106.894
110.497
110.47
109.791
110.711
112.345
113.561
111.327
119.523
113.336
113.81
114.319
113.072
112.831
116.268
115.37
112.515
115.514
114.416
120.042
123.532
126.137
133.339
131.941
140.219
142.817
142.215
146.508
142.598
145.013
146.514
144.461
144.083
141.68
142.739
142.469
142.199
145.541
147.46
148.718
149.638
151.988
156.263
153.531
155.862
154.925
160.489
167.317
167.761
166.26
170.769
174.232
179.861
176.399
181.799
177.353
164.057
159.908
163.617
164.248
165.115
163.558
169.451
161.497
162.461
164.303
156.813
152.012
151.753
149.239
149.508
143.359
137.283
136.554
140.69
137.023
139.129
139.159
147.495
152.127
149.813
150.119
149.755
140.925
138.162
141.315
142.54
143.296
97.8586
103.074
105.223
104.953
108.101
104.035
108.141
110.283
107.167
107.517
102.608
102.282
106.369
113.215
114.381
116.114
117.767
116.819
121.241
125.05
122.862
121.363
118.808
119.069
119.355
124.646
129.48
128.347
125.106
124.055
129.093
129.183
128.285
133.569
141.048
143.497
144.54
143.116
145.414
149.464
142.318
141.899
140.064
137.223
138.562
144.363
140.528
145.26
142.867
144.241
141.526
138.226
135.05
134.191
134.737
139.822
135.938
136.934
136.711
132.596
131.375
130.517
131.245
127.912
125.45
128.176
130.15
134.41
136.331
137.217
138.595
147.009
142.593
143.04
146.065
143.513
144.081
138.239
136.927
137.265
139.613
142.888
143.681
140.464
139.671
134.946
136.58
138.477
138.064
132.244
127.209
126.492
121.67
125.896
125.073
130.904
133.521
131.409
136.488
144.561
104.485
106.004
109.027
109.589
110.413
112.907
120.515
117.029
114.542
115.882
114.021
113.828
114.618
111.001
107.952
103.851
100.221
101.321
99.6595
101.421
99.4848
103.215
102.07
103.675
102.299
104.668
101.492
98.5609
94.9231
95.948
98.0831
99.5612
96.0428
95.9203
97.623
96.3183
95.7421
95.7906
92.2973
91.7757
89.6039
87.0768
87.5052
88.985
84.7297
86.7106
86.5481
87.0731
87.8265
88.2779
91.4835
87.5704
87.836
88.7738
86.5321
82.5372
80.3196
78.679
78.7612
78.3725
79.1415
78.8007
80.731
86.3663
83.0564
82.8871
86.8849
82.6332
85.1297
87.8703
89.8841
87.2862
83.915
83.2157
81.6901
84.318
81.2237
82.4042
81.0724
81.0641
77.7035
78.6678
81.2562
83.5292
79.7587
78.196
77.6398
74.9503
71.7351
71.0901
73.6117
73.796
74.7432
75.172
76.2224
75.8936
74.6052
74.0718
76.5456
78.0588
97.2146
94.4135
92.9157
91.8558
96.1517
97.1746
98.7474
97.256
98.2658
95.5839
93.7482
98.25
91.4433
90.7396
92.6858
95.8833
96.0152
93.2209
91.0657
90.3267
89.564
88.8605
87.4801
88.0406
87.6002
85.9128
85.5025
84.015
82.1493
80.0374
80.0617
83.083
79.0769
78.4399
80.9027
82.2417
81.0606
80.2124
78.5573
77.616
79.5572
79.997
81.3543
80.422
78.7949
82.4604
82.1543
82.5751
83.7528
81.9729
80.3857
80.9582
84.7734
87.5947
90.2735
94.9698
93.9654
94.6781
92.9285
88.5163
87.0647
86.2296
84.5034
81.6524
83.1635
83.5176
84.3914
87.7005
88.3175
83.0436
83.0454
84.2249
89.281
88.7316
90.195
89.2475
85.1417
84.1383
83.7835
83.0927
81.298
82.6485
83.0733
80.9646
78.882
83.8574
86.7306
88.9895
86.7427
91.0954
90.0467
90.4483
86.792
90.9233
89.7812
94.6686
98.6439
98.946
102.817
109.659
98.7483
99.0901
99.0357
101.985
106.745
110.002
109.345
111.374
111.568
107.905
109.119
111.735
109.54
112.13
112.519
109.135
111.569
112.521
115.711
118.341
121.247
119.346
120.964
124.401
128.613
129.267
126.131
134.721
132.665
130.249
132.181
135.328
130.966
133.154
137.549
133.737
136.076
136.83
137.139
135.607
137.419
140.692
141.411
141.324
139.216
135.046
140.672
136.806
137.345
135.571
131.391
133.1
131.119
126.923
125.041
124.246
125.777
131.243
131.853
131.706
129.755
130.688
127.969
129.399
131.08
130.508
129.849
130.806
130.819
133.742
132.391
136.421
139.084
144.277
147.904
147.948
147.968
152.146
149.454
151.835
148.49
148.694
139.952
133.746
134.297
131.792
135.571
134.389
133.176
129.232
129.382
119.623
119.746
121.963
124.299
123.832
121.719
122.87
122.872
121.123
99.2924
100.921
101.016
101.374
96.1329
96.9525
100.921
101.235
104.712
104.42
104.67
105.018
105.656
104.875
105.666
108.869
109.566
111.452
110.389
110.828
110.892
110.195
109.244
106.931
105.698
104.853
111.248
109.355
109.217
110.802
111.388
111.651
112.66
116.194
113.701
113.81
116.883
123.613
130.925
128.627
130.227
132.539
135.866
131.229
132.365
132.491
129.589
123.485
123.116
129.709
125.069
128.244
129.629
127.054
126.519
129.965
128.06
126.677
122.136
115.984
116.628
115.139
115.11
114.979
113.321
112.822
109.206
112.323
110.914
112.16
113.693
114.806
115.074
113.61
116.625
114.227
114.68
111.36
113.154
111.124
112.658
122.019
118.556
121.164
119.163
119.64
121.732
119.008
114.098
120.268
120.903
125.07
121.432
116.993
119.113
117.85
117.883
111.578
110.175
109.953
97.3484
97.0657
99.367
97.3191
98.0353
98.3042
97.5964
101.462
104.659
106.014
99.3076
98.8772
103.15
101.813
99.7898
94.857
97.9756
96.8381
100.824
102.12
101.512
100.202
98.6732
101.175
100.985
97.9553
95.8949
92.6605
90.4831
92.1818
98.3859
98.0784
100.649
107.33
108.667
107.851
112.495
110.129
113.508
108.596
108.228
108.839
108.509
102.771
101.729
99.3279
102.699
104.903
99.9673
99.754
103.693
107.354
109.153
112.997
112.14
114.781
115.237
116.148
116.637
115.276
113.958
114.61
118.214
115.055
111.02
109.082
107.234
105.21
103.579
101.439
101.306
100.247
95.4503
100.437
104.022
100.089
99.3735
105.195
105.416
109.97
108.731
110.355
112.078
111.624
111.946
111.091
109.922
106.383
109.594
107.773
107.705
108.182
107.654
111.546
116.304
120.791
122.452
121.913
119.195
117.06
101.314
95.9392
95.1634
96.1833
97.682
94.9536
95.996
97.3032
97.9613
104.825
104.058
105.027
105.787
107.018
105.746
104.631
105.985
105.718
107.426
106.53
108.614
112.741
118.933
121.264
122.709
121.273
128.15
125.7
125.488
123.836
125.148
124.512
123.936
126.695
128.321
132.862
132.198
136.907
144.273
145.885
149.972
155.192
152.043
153.277
150.77
148.128
145.082
140.04
139.827
141.14
138.56
131.031
131.97
131.267
130.425
133.401
128.349
125.628
127.23
124.743
124.398
121.531
119.628
116.363
120.708
118.445
115.657
112.952
110.9
109.402
108.294
104.318
107.149
109.612
109.742
111.332
115.434
116.447
110.38
110.343
109.494
105.424
102.261
101.706
104.9
101.223
102.042
102.288
104.101
105.867
105.259
105.091
102.556
103.033
101.794
101.051
101.639
99.246
96.9522
96.5862
103.044
101.771
103.821
104.289
102.882
101.131
100.966
102.561
102.711
104.293
106.213
107.594
106.682
110.708
108.9
102.277
99.6365
96.1068
97.4858
100.658
98.5412
94.7098
97.8814
101.153
99.1287
97.4176
99.2542
96.33
99.2539
99.8286
99.0831
97.5536
99.0428
97.2046
96.078
100.268
97.5342
95.3203
96.4289
96.6214
97.6523
90.5011
91.4265
88.6872
86.4698
87.4202
88.8574
88.8395
90.6325
91.787
91.9885
89.1082
90.9142
91.0696
87.9807
88.3407
85.2791
85.9392
87.3417
88.0385
89.6919
84.859
86.5295
86.7607
86.1275
87.3432
87.4065
83.0716
82.6038
82.3076
86.972
90.1354
91.0213
89.6006
89.6742
89.9044
91.1473
89.2615
87.9893
86.1931
88.3478
86.717
88.9817
90.2352
88.85
90.9496
91.2021
86.1641
89.0222
91.1335
92.9427
97.5001
93.6796
96.0307
96.1268
93.4116
92.7727
91.0654
91.2711
92.6829
101.211
102.463
102.527
102.198
105.796
106.522
103.876
107.113
106.26
107.101
108.061
110.977
112.971
116.104
115.142
110.946
107.05
109.189
109.619
105.961
103.703
100.518
101.109
104.081
100.199
102.162
104.305
106.866
102.26
104.883
100.812
101.081
103.458
99.3918
100.563
101.351
102.296
103.244
106.831
106.963
107.166
106.69
110.693
107.161
107.498
110.328
108.048
110.358
110.414
110.005
109.673
107.371
111.512
113.75
117.94
117.843
117.902
113.346
113.324
116.428
112.167
108.041
107.963
110.398
109.745
108.153
108.272
109.589
106.769
109.053
110.072
110.113
112.315
117.797
119.393
117.781
116.617
121.446
116.127
117.065
118.261
110.205
110.711
117.681
119.705
118.572
122.221
127.076
123.934
123.219
118.743
116.607
116.146
115.19
115.324
121.832
122.047
123.482
123.469
121.492
100.556
101.801
101.431
96.2386
99.3152
99.016
96.1125
94.2059
97.003
94.9674
94.2322
95.1827
96.761
97.4864
97.2753
96.4371
93.0102
95.8822
95.9907
92.2963
95.3732
96.8624
95.585
96.9259
98.6177
95.3898
96.4905
95.5579
94.1852
93.8822
93.7222
91.4394
92.6109
92.856
91.5475
93.5514
94.3563
94.7343
96.1064
100.329
99.185
102.237
106.454
106.501
106.5
109.033
108.467
108.018
109.018
110.739
107.447
111.677
114.348
120.411
119.252
119.671
120.352
118.954
121.089
118.878
117.851
118.846
118.916
119.269
118.875
121.087
121.283
121.97
121.423
123.94
119.708
116.713
114.754
117.995
113.677
112.237
115.585
115.311
115.304
111.832
115.872
115.602
112.496
112.548
115.377
115.146
113.811
113.956
117.516
119.989
122.103
123.573
121.443
120.602
122.495
120.252
118.847
119.325
116.831
117.566
99.2892
95.8989
94.2494
96.6442
100.944
99.9254
99.7847
100.099
97.7617
97.1469
97.2374
99.7236
98.5065
101.851
103.26
102.446
105.13
108.039
110.7
110.748
114.359
113.303
113.555
110.966
115.969
115.842
114.774
116.876
121
121.308
122.524
120.451
121.754
124.17
126.041
127.861
121.289
123.385
124.972
119.678
123.592
121.576
122.694
124.981
126.673
126.243
127.387
127.237
126.381
126.425
126.91
133.344
132.594
134.135
132.653
129.252
123.969
122.599
122.609
124.797
119.247
117.747
122.829
117.192
119.335
122.556
118.198
112.655
110.977
113.602
109.968
110.392
111.651
109.879
110.452
106.458
103.691
102.292
99.4051
99.872
101.599
105.183
107.739
106.89
107.521
107.992
109.144
107.989
111.228
108.93
109.762
105.91
105.462
107.772
108.337
108.49
105.85
104.186
104.581
102.813
102.929
105.169
105.74
103.181
100.088
99.4259
100.101
101.187
97.8848
97.7971
98.5664
97.8359
97.0625
93.7963
92.9922
90.6288
87.8732
91.2589
89.4749
87.5192
87.901
87.6983
91.0334
90.7824
89.1088
93.4767
94.5055
90.1377
89.1809
87.8999
84.0843
82.7349
80.6691
81.9906
80.7294
81.3279
78.2245
80.0768
80.7737
80.8384
84.2754
86.0307
87.5857
86.6273
84.661
85.5926
88.0025
88.4497
89.5101
88.915
89.0811
85.9022
87.802
89.0449
90.6838
88.6292
90.7855
87.9764
86.1456
87.0443
89.2668
94.688
93.2435
91.1858
89.5756
88.4462
86.5379
85.3529
86.3928
86.073
84.6812
84.9744
87.2812
88.12
85.783
87.6676
88.137
87.5122
89.7171
91.9834
91.91
92.6209
93.4758
94.848
90.0375
89.1117
85.8482
82.3946
82.0812
81.3706
81.8682
83.816
84.0467
85.6693
83.3994
84.4101
84.8892
82.3385
83.6212
83.1099
102.091
101.178
101.918
100.672
99.1959
93.3504
89.9871
90.4184
92.6539
93.4552
93.1054
96.1153
98.6017
99.0233
101.341
101.815
102.786
107.503
104.446
106.212
113.314
114.179
115.33
117.123
119.229
126.492
128.81
128.344
127.025
125.895
126.509
124.963
127.071
125.356
122.322
123.5
122.809
118.442
121.833
129.077
127.08
127.358
123.382
128.227
131.264
134.615
134.575
138.539
137.541
137.761
135.77
135.057
138.697
138.921
133.63
134.072
137.529
137.235
137.022
137.14
136.37
140.449
146.885
142.348
139.409
137.834
139.06
139.823
141.239
140.828
140.582
139.515
136.694
138.317
133.4
129.526
126.657
124.507
130.369
123.142
124.029
124.292
125.231
131.956
129.213
133.542
136.226
135.168
132.966
136.658
139.541
140.939
135.853
130.569
129.119
129.159
130.955
124.661
133.127
132.082
104.448
106.945
109.434
114.454
118.744
118.139
114.063
110.913
111.886
107.888
111.294
113.63
110.311
107.239
109.825
111.684
117.302
115.951
114.617
116.662
117.466
118.706
117.983
119.516
115.286
122.38
119.698
112.789
110.738
116.036
119.87
121.511
123.557
124.781
125.359
127.868
127.096
124.954
119.499
116.864
115.032
116.619
115.72
117.536
116.693
118.538
121.711
123.423
129.458
126.389
124.269
124.486
130.278
125.684
126.01
127.728
135.028
130.533
133.802
138.063
139.822
139.689
142.458
143.452
146.115
148.302
147.49
146.528
144.31
144.434
138.128
135.847
130.711
135.172
131.04
131.154
136.225
137.69
138.262
144.627
143.945
147.221
144.98
139.724
136.944
134.879
133.27
134.268
141.202
147.155
146
146.677
149.35
151.896
151.478
149.374
148.828
149.451
146.927
144.375
101.801
102.036
102.97
103.135
99.0218
99.298
94.4571
98.753
97.9391
94.689
93.0563
90.3212
89.0699
89.6089
91.2953
89.4013
86.0505
86.2744
84.8439
87.0219
87.7735
86.7074
88.787
93.1199
92.6881
92.1259
90.9661
93.9151
94.6214
95.9707
95.3559
93.346
93.4148
97.4588
99.5292
98.6077
96.9526
96.9495
93.8107
94.1829
90.5148
87.9263
86.8599
86.4716
82.9948
89.6256
89.1349
92.5979
91.0214
91.9644
94.266
93.91
93.1395
92.7834
95.7618
100.795
98.9147
97.9029
96.8809
97.5308
97.227
101.46
99.4523
101.09
101.884
102.707
102.224
106.673
106.604
105.39
112.465
108.152
107.34
104.907
108.32
110.059
109.518
111.725
110.556
113.505
113.711
110.199
112.642
119.078
119.78
117.207
116.046
111.168
106.932
107.588
107.559
108.91
114.579
107.931
106.255
105.853
110.385
114.091
116.754
118.426
96.9457
100.745
99.3627
96.1411
95.6571
95.9342
98.8046
98.6706
101.077
100.291
99.2099
95.721
94.0691
93.9735
95.6301
95.1117
95.1325
97.6971
97.039
95.4026
92.0717
90.9336
87.778
85.8049
84.0956
84.3824
83.7623
83.4946
85.8029
85.4591
87.8411
90.9518
88.7605
89.4517
88.8378
84.3119
82.6777
81.2481
84.2607
84.1404
85.9691
85.2978
85.3516
85.6063
86.1128
87.3898
88.3381
91.881
89.4102
88.7241
89.2621
87.3477
84.5543
84.0873
83.2429
84.2233
81.1433
78.3083
72.2013
69.0085
70.9963
74.6474
76.7733
76.0839
74.3868
77.0691
76.369
75.7306
76.8776
77.9728
75.7278
73.9486
71.531
72.6588
71.4472
71.768
73.0428
67.2292
67.5619
64.6297
63.2788
63.5319
61.4872
62.9214
62.4914
63.0385
64.1716
67.2327
70.0202
68.4977
68.9131
68.6884
68.8128
68.4917
69.2151
70.1756
72.1674
73.661
74.2983
70.5692
96.5534
98.3227
95.9934
96.3244
95.5255
91.809
91.7556
93.3434
91.2532
90.4119
86.3242
84.1474
82.5845
83.5206
83.1985
83.6241
83.5002
83.9837
80.8698
79.0433
79.4386
78.5025
78.4443
77.6847
79.0666
80.1716
78.9268
78.8753
80.0267
83.8081
83.1252
83.4891
87.3082
87.9345
89.0487
87.7894
87.9128
93.4868
93.7912
93.5524
91.0488
88.1323
88.9538
91.5653
91.7397
95.3682
98.3452
104.041
101.148
99.6585
93.9661
93.573
92.5461
94.5331
89.2599
86.077
85.8937
81.9052
83.8503
84.8737
83.9588
83.277
81.5025
83.7038
84.247
84.7107
85.387
84.2411
83.6475
85.2023
85.6099
86.5031
86.2075
85.8812
84.1745
85.0697
83.5981
84.7155
84.4872
82.4521
86.0982
86.7466
86.744
83.5515
83.8402
85.5525
86.2546
84.9595
82.8277
81.7442
81.4213
84.4594
82.349
82.0216
84.7985
84.7219
86.4881
82.2206
82.0591
80.2627
98.4387
96.7945
96.8759
93.8483
94.0031
91.7146
92.5828
91.8923
88.1912
87.0421
85.884
86.3424
84.8143
83.3217
84.6475
86.9914
88.1092
89.4636
90.3776
92.0341
92.5954
94.8609
93.2406
90.0601
90.0991
88.7835
88.6884
91.1054
87.8766
85.8875
83.9646
87.5003
83.7885
84.5072
85.9994
86.3567
86.76
88.5215
87.759
84.8933
86.1603
89.1409
90.0295
91.9529
88.5031
88.6911
92.0227
95.3534
95.6862
98.8745
95.1386
100.754
97.8003
99.4935
102.378
100.409
104.509
105.987
104.113
106.109
104.178
103.462
103.08
104.876
103.442
105.087
111.538
113.962
120.179
122.051
120.766
115.201
111.772
109.011
111.952
110.786
105.645
103.433
108.194
108.38
113.329
116.915
118.754
119.773
120.11
117.391
117.717
115.905
115.567
112.469
111.298
117.557
117.766
119.49
120.029
119.599
119.887
122.575
123.486
126.48
98.3336
92.399
94.9625
90.6711
92.9541
88.2218
84.3432
83.2289
83.5015
84.1316
84.4796
82.7878
83.7408
89.0886
91.4456
93.1619
91.2446
89.8207
89.3923
86.5509
86.5661
87.7305
89.8412
87.3885
85.0712
86.9899
88.5243
89.3399
93.1075
96.9735
101.719
105.739
107.637
106.666
104.634
105.268
109.615
111.708
115.118
112.928
115.222
118.682
120.007
122.468
123.307
125.743
121.639
119.064
117.479
124.286
130.577
136.117
134.907
140.976
143.21
138.246
137.833
136.951
140.389
136.079
140.488
140.551
142.893
136.439
134.449
132.238
128.289
127.114
130.325
128.092
127.631
126.314
121.944
121.338
122.906
125.299
124.5
125.323
132.227
133.909
134.268
137.083
133.086
127.131
126.608
119.635
114.949
118.419
112.65
111.45
106.618
100.931
98.203
95.0171
96.8855
97.1403
104.192
101.479
101.549
103.238
101.919
99.4936
98.9082
99.6288
102.058
100.198
100.115
102.632
107.909
111.431
108.997
107.393
104.516
102.532
103.03
101.316
102.644
106.412
107.321
109.37
105.974
106.129
103.853
104.909
104.827
102.451
100.734
100.363
97.2081
94.1575
97.5592
98.5935
97.8533
94.539
94.1444
94.7072
96.4018
95.5946
93.1319
91.2182
90.3722
91.0947
90.063
89.4774
90.656
88.4343
86.1312
89.2225
90.0652
89.3329
92.5252
93.8487
94.1658
94.0237
92.366
94.7434
97.3774
94.9173
98.6731
99.3707
98.7865
98.7067
99.1655
93.514
95.556
95.8496
97.457
95.0613
95.2396
95.7507
94.9556
96.7402
97.4907
101.207
104.301
103.381
105.502
101.214
101.941
102.703
101.415
100.067
99.9915
98.1548
100.111
102.086
102.481
100.022
100.877
105.304
107.406
111.382
112.772
114.705
111.903
117.018
117.261
118.947
122.328
126.002
105.991
101.496
101.187
101.949
99.7899
98.0367
90.791
88.5893
93.2027
89.0494
88.4782
83.8851
87.3725
87.0025
90.3326
89.2766
87.2398
88.9259
85.4956
80.2525
81.9346
80.6224
81.28
80.4785
80.2303
81.7814
81.1262
81.1449
82.5611
80.8956
81.2648
78.7024
75.4746
76.9202
74.6378
76.39
75.8311
77.4713
76.354
75.3005
79.1543
78.1348
76.5761
79.2752
81.0969
78.8287
79.8453
80.498
82.0096
80.2768
78.5303
81.8817
81.8359
83.7057
82.6252
83.1306
83.0144
85.0671
85.077
84.8776
82.6867
80.5979
80.543
77.9308
75.7027
76.8486
77.0847
74.7275
74.7956
72.184
71.1473
71.5846
74.8902
74.2816
72.1843
74.9923
77.8321
77.5178
79.1144
80.3625
79.1574
79.6508
80.7373
81.7457
77.7599
80.1509
79.3723
80.3829
79.2226
81.1262
79.7213
78.2148
76.5689
78.7095
79.1865
81.3832
80.3385
77.4754
76.3959
77.4106
99.08
97.8115
92.8449
92.5786
89.5822
89.4866
86.9924
86.9963
87.2782
86.9092
87.6167
89.1661
90.3716
90.3605
87.9511
87.9057
91.4347
90.767
91.6548
91.3159
91.5361
90.3
89.0104
88.7388
86.8791
83.3588
83.976
83.6895
85.524
84.3345
83.9349
88.8096
92.7216
91.9772
91.8598
89.1348
88.2688
86.4547
90.9775
90.7856
90.4758
87.4286
84.6497
81.4959
84.1956
87.8906
84.6689
86.273
84.7834
84.187
86.567
89.6604
88.6146
86.4816
87.0421
86.6146
84.4459
79.838
75.9248
74.0798
73.5296
71.2231
72.7588
72.4022
73.469
70.8863
74.9755
73.6731
72.0926
68.501
68.0191
71.2727
73.8631
75.0279
71.4463
72.5177
73.8835
73.1945
72.4734
71.7027
72.522
72.7634
74.6286
75.0814
77.7662
77.6394
79.0528
77.917
77.8196
76.8905
76.3473
74.4902
75.149
73.6171
73.566
75.5629
79.5986
81.6724
84.6235
84.9153
105.821
106.687
106.791
103.029
99.3632
98.1871
97.3113
99.1223
100.873
101.266
104.272
102.363
106.602
106.377
106.667
106.11
103.676
103.186
105.617
105.387
102.198
102.399
101.696
99.4129
96.0437
99.1657
97.5745
98.8324
99.3515
100.085
101.055
100.266
95.7329
100.745
102.667
101.906
105.945
105.91
106.702
103.587
104.715
101.806
102.065
101.434
97.6868
97.2022
100.54
99.579
107.317
105.552
106.365
101.977
103.609
102.924
104.469
104.24
106.115
106.976
111.696
114.038
114.858
116.723
115.276
117.838
118.864
121.179
125.514
118.73
119.112
115.891
119.768
122.159
117.519
118.561
123.702
124.056
128.504
128.743
128.876
124.181
122.821
124.556
127.414
129.292
131.612
138.531
142.28
141.957
140.892
140.582
142.287
147.276
154.786
153.088
147.446
143.395
145.744
148.091
148.37
152.878
103.068
103.893
102.315
99.6966
102.073
102.196
102.386
101.404
101.823
100.113
101.233
102.639
100.938
105.774
104.055
106.569
107.015
105.106
104.843
107.312
111.52
106.94
101.996
104.766
107.012
108.649
110.764
112.059
113.435
109.563
107.964
111.121
108.956
113.123
115.47
110.691
109.108
112.612
111.347
108.826
109.914
114.914
117.077
120.537
123.126
119.348
117.124
117.551
119.462
114.909
117.031
118.617
119.502
120.896
118.136
120.871
114.494
114.37
111.063
114.383
113.483
114.677
117.297
121.396
124.923
126.125
129.576
128.873
125.536
124.722
122.393
123.924
124.671
126.74
122.97
124.089
125.37
122.712
119.676
118.292
122.171
120.537
115.837
114.532
110.856
111.412
115.171
116.428
114.19
116.264
115.761
113.756
113.787
113.914
110.68
108.926
110.646
112.412
110.809
109.457
102.051
106.231
108.11
107.363
107.59
105.609
105.507
103.336
100.586
103.429
104.723
105.191
107.885
107.103
104.039
105.932
109.404
103.027
109.336
111.512
112.12
111.271
113.181
112.378
113.385
112.691
118.444
117.556
119.154
121.809
121.127
120.893
118.029
118.38
119.071
122.988
119.64
122.759
123.444
121.324
121.26
122.234
116.553
115.465
112.594
112.273
107.452
107.443
107.76
107.077
109.62
107.113
111.573
109.598
108.127
108.654
107.66
112.63
115.509
119.495
121.495
123.143
125.026
130.449
136.091
139.162
143.653
141.502
142.222
148.156
150.465
148.81
157.471
155.029
159.639
154.934
161.646
159.69
154.535
148.482
146.086
143.363
147.103
142.713
140.74
136.5
136.925
135.83
135.539
132.352
127.196
131.632
132.939
132.219
124.569
124.858
126.747
129.578
126.473
126.998
98.1686
94.3428
97.0005
100.105
105.152
107.091
109.34
107.87
109.874
104.834
95.5053
93.7542
94.7235
99.8729
96.4216
98.3587
98.33
97.8875
96.4139
91.1781
92.4787
90.7163
88.8578
90.8366
90.1252
89.0216
90.7037
94.1556
95.9422
92.5073
92.5765
93.3446
94.3117
93.6098
95.5792
95.0915
94.4131
93.9799
94.602
97.5839
99.5004
98.7403
100.783
99.2003
98.1875
98.7881
101.8
107.894
104.215
103.44
103.193
108.258
105.235
101.399
103.314
100.756
99.7187
103.348
99.6029
100.216
99.4687
97.6641
100.547
96.2972
101.066
105.143
102.737
107.304
104.891
105.342
107.952
108.126
105.462
111.047
114.521
116.15
111.327
113.447
110.054
112.685
116.437
120.301
118.645
120.287
120.534
118.429
122.883
127.769
124.796
120.116
125.69
133.024
129.737
127.781
121.526
120.486
119.622
120.953
120.476
121.093
100.482
96.4362
95.6974
96.3472
94.9678
95.1411
94.42
92.3524
88.7006
88.156
89.5175
92.4766
92.9962
92.4827
92.5336
92.7501
90.2142
91.1394
89.477
90.3178
89.4433
89.4822
91.9724
89.1936
88.6497
92.9166
90.6466
90.1065
87.829
87.7503
90.5436
89.6914
91.7379
94.6347
99.1781
99.5442
98.4691
97.9744
97.6076
100.855
101.487
101.108
103.323
101.826
101.255
100.219
104.362
101.939
102.411
101.989
102.481
102.262
105.406
106.271
104.292
106.355
111.278
112.04
110.891
111.775
110.868
114.338
123.61
121.316
119.492
121.622
125.952
125.958
128.641
129.091
127.489
129.899
122.335
120.911
122.712
124.474
124.889
120.868
117.163
117.37
117.084
114.617
116.539
114.701
110.956
114.99
110.823
111.353
110.524
110.096
111.571
113.246
110.281
108.954
109.673
109.231
108.725
111.039
110.541
114.544
97.2093
96.5642
96.3795
95.9606
100.778
104.095
101.95
99.8558
100.653
101.909
102.299
103.443
101.241
103.901
100.289
100.629
99.6641
101.219
100.736
99.9932
105.265
104.845
109.763
106.539
105.622
109.364
107.612
104.313
105.094
105.953
104.895
106.407
109.349
111.179
115.761
115.7
115.272
117.577
119.806
119.809
115.943
113.824
113.894
117.887
121.954
130.035
129.599
129.342
129.593
132.572
128.563
129.7
131.643
131.016
129.771
132.347
127.655
128.296
131.889
133.611
135.271
134.1
137.402
137.882
139.232
139.462
146.297
144.163
143.288
141.39
140.126
136.574
138.908
136.169
142.479
149.253
151.732
150.544
151.689
147.517
145.645
144.846
147.705
150.519
147.932
147.937
152.615
154.61
153.801
149.138
151.605
148.187
149.073
154.287
157.272
156.793
161.584
160.494
164.307
166.093
99.2592
93.5178
92.8274
96.4509
97.2578
98.3329
101.913
101.492
98.5068
98.7632
103.194
105.676
107.488
106.072
106.195
106.187
109.431
115.519
112.789
112.426
108.947
113.123
114.811
108.739
105.503
104.438
100.902
99.1777
102.843
101.831
99.6269
100.721
99.8057
101.549
104.48
106.397
109.258
107.677
107.26
110.648
106.229
103.464
100.623
102.217
99.2464
99.3985
98.6712
98.0798
93.522
94.497
96.3092
95.8338
95.6901
94.0042
93.1823
91.3904
90.696
91.1307
93.0035
95.8178
95.3116
95.7382
95.9197
91.2091
91.2535
94.0393
97.1341
95.2579
97.0957
98.1236
97.667
96.6009
99.4389
101.613
102.556
99.0146
98.3706
98.9016
98.7516
105.57
107.7
105.284
108.754
109.183
103.713
103.663
106.239
105.051
107.832
108.959
112.23
113.074
114.893
116.868
114.453
115.047
115.137
120.767
118.868
118.536
101.356
102.026
102.179
105.736
106.188
108.087
108.848
111.586
112.371
111.578
109.974
107.673
115.552
119.039
116.428
117.671
115.57
116.88
114.672
114.636
115.174
115.409
113.975
111.077
114.317
116.431
117.585
119.449
120.669
118.163
118.829
121.801
125.133
128.621
128.702
122.462
117.65
117.836
116.615
116.436
114.038
116.019
114.935
111.668
108.423
110.556
111.572
110.258
108.01
104.692
103.266
107.701
103.745
102.821
107.629
108.961
111.91
113.611
113.895
105.714
108.163
107.706
104.581
99.4175
101.261
103.014
110.276
105.881
106.762
105.998
104.885
107.801
107.036
108.57
108.482
105.79
105.805
106.18
102.147
101.674
102.704
103.914
107.091
106.898
105.339
102.537
107.983
107.042
103.255
102.208
102.198
101.189
101.683
99.9988
98.9952
97.8641
96.0205
94.7179
94.8622
93.9357
97.6198
99.8049
98.1492
97.2128
96.9785
91.0739
90.6994
91.4428
90.1781
87.7935
92.4421
95.9442
95.7645
95.6809
94.4622
96.2412
95.4809
95.6412
92.4697
86.0801
83.8613
82.1925
81.6318
81.9206
84.6664
84.3187
86.6422
86.9577
87.2431
89.3334
88.9495
91.1851
94.1176
93.5392
92.7708
91.2485
92.5519
94.2323
96.5943
95.5704
98.1683
97.4219
95.4013
91.7927
91.7658
90.2936
86.5071
88.2745
91.9506
92.7753
93.5408
94.479
96.9003
98.8912
102.544
103.212
101.036
99.6491
100.014
101.953
101.139
99.2983
99.5518
94.5373
94.245
91.595
95.6297
96.9237
100.541
100.839
102.078
102.324
101.687
102.77
98.7826
95.2926
97.4216
95.6121
98.815
98.6323
95.5326
94.6807
97.814
101.327
98.7423
100.328
100.59
99.0771
97.2793
98.4709
97.0725
100.563
98.3264
99.8615
99.7269
102.77
101.724
101.367
104.32
103.051
96.857
93.6658
93.0602
94.1298
92.5049
91.4826
91.7148
93.0904
87.0026
87.3308
89.8328
88.5925
89.2113
90.1944
88.7303
87.4679
88.4767
89.1342
94.5899
93.2464
92.1023
97.0776
98.7567
95.0404
97.3301
97.9473
98.7115
101.351
105.313
106.986
106.167
105.232
105.307
102.431
103.72
102.827
108.151
109.505
108.912
107.11
108.967
112.049
112.741
114.807
117.34
113.616
117.074
122.027
120.833
119.892
115.183
110.07
111.312
107.316
103.96
105.498
107.078
106.001
106.158
106.228
106.474
109.329
110.619
109.306
110.196
109.54
109.017
109.698
111.178
113.732
112.727
115.162
112.215
111.349
113.171
113.815
118.786
115.99
114.515
115.844
117.369
116.336
113.105
108.417
110.253
113.569
113.388
110.391
107.593
105.768
107.082
106.306
105.598
104.639
102.09
101.708
106.165
102.191
103.513
105.514
99.1927
97.6579
99.0039
96.7662
94.5806
93.905
101.065
101.472
104.41
106.321
112.047
112.161
108.349
112.489
111.63
111.744
110.22
112.263
109.757
107.11
108.189
106.534
105.148
103.144
106.965
108.7
108.948
106.752
106.524
99.8161
98.4229
97.582
94.9507
90.736
90.8555
93.7907
92.1182
91.3265
95.1602
98.4355
100.901
105.143
104.993
101.549
102.98
102.734
101.233
96.3759
92.7341
91.8395
93.1537
91.4969
87.5336
85.9164
86.7298
83.6613
82.9853
82.2895
78.3949
78.0486
80.2126
76.7066
76.1087
71.9479
71.3841
70.6017
74.6288
77.6141
76.9582
77.2656
80.0142
76.9914
76.6309
76.4826
76.031
75.1978
77.9578
76.6358
77.027
77.5011
76.029
75.4243
75.7315
75.0191
71.1603
73.6099
73.9246
76.9105
74.1017
73.5835
75.3236
76.4701
76.0969
76.3404
76.1177
76.7051
76.1345
78.4136
75.9276
79.1555
100.991
100.216
101.735
102.533
100.512
101.629
100.384
103.364
103.432
105.239
103.241
106.542
102.718
100.61
98.5992
100.132
96.0472
95.3843
97.2051
98.9326
100.166
98.9759
96.0607
101.308
99.2276
102.279
104.118
108.43
109.958
106.917
107.775
110.03
109.542
108.457
112.37
118.779
117.531
119.969
121.146
117.186
123.22
124.275
124.397
122.258
124.273
126.417
127.89
125.503
124.074
125.092
122.423
120.382
119.156
114.309
117.361
124.835
126.625
127.685
124.418
126.652
128.98
122.776
122.123
127.48
127.344
124.4
128.399
129.555
133.037
131.955
133.109
135.934
136.55
127.348
134.938
140.068
138.101
136.957
139.546
138.068
136.187
135.995
134.026
140.156
146.292
145.028
139.722
142.17
141.177
135.461
132.341
135.919
135.536
135.103
132.643
136.141
135.749
136.957
133.103
132.776
97.6168
101.113
103.056
102.842
102.375
101.477
104.809
103.739
101.581
104.825
107.4
108.919
112.122
108.523
108.395
105.982
103.854
103.237
101.543
104.3
108.469
109.638
110.498
113.451
113.594
113.754
117.127
117.546
117.041
126.019
124.889
127.992
125.998
127.208
122.908
122.346
119.644
120.545
125.484
127.647
122.81
122.124
125.054
129.527
124.862
126.581
125.943
123.79
123.346
124.478
128.05
128.568
131.038
126.114
121.417
128.167
129.88
122.551
123.764
117.827
112.937
111.382
106.631
105.705
105.526
107.063
107.686
107.861
109.351
112.632
111.536
116.338
115.089
115.313
113.057
111.279
110.651
111.563
118.501
117.042
121.088
118.103
111.58
113.917
110.018
108.24
109.474
111.407
109.564
110.536
112.002
106.628
104.935
107.912
106.956
110.68
113.614
106.73
105.963
107.085
97.4889
101.831
101.969
102.628
101.306
105.296
100.508
98.6647
96.9166
96.9893
96.7346
100.713
95.3844
95.6927
95.7584
96.1722
96.4934
97.6837
102.746
103.933
97.6672
96.9547
98.1614
94.1412
93.1814
93.623
94.4259
96.6336
100.067
98.0809
97.9511
100.649
99.6541
100.925
98.7929
99.8501
97.9229
95.4174
94.6061
95.4627
93.6026
89.6736
87.7339
87.8158
84.5802
83.7082
84.0027
81.0587
82.8356
80.9904
80.6474
80.0612
80.4537
80.9149
85.1035
85.0488
82.2629
81.5484
79.5098
81.69
80.7989
80.6584
80.9549
80.6974
80.3639
79.3397
80.4506
83.3854
80.6301
80.2722
84.2483
83.5757
86.6001
87.5513
90.992
89.3964
90.6747
91.4791
90.796
91.3268
93.289
94.5471
91.7854
90.0929
93.8382
97.844
103.618
103.939
104.776
105.448
106.85
107.968
110.266
111.293
114.193
115.989
114.258
117.358
119.02
125.866
101.891
102.176
104.036
97.3487
98.6171
99.4656
99.6803
95.1475
94.4225
93.4378
89.6805
90.7379
95.6285
91.6493
89.1809
88.059
89.6409
87.6353
86.55
83.4768
82.5609
84.4024
83.7529
82.5761
82.0089
83.342
82.2744
83.9028
86.8507
85.5211
88.0552
86.9508
83.7546
84.6717
88.3448
86.2882
87.0634
86.3863
84.2316
85.8651
89.156
88.8097
88.4873
84.2414
82.5104
85.6164
84.9888
87.4993
84.3109
84.7607
82.0291
85.0604
83.5419
84.1299
82.6928
82.4906
84.8617
82.6714
80.6795
78.9675
75.7191
75.4822
74.7282
76.1324
77.1774
80.4895
81.8564
83.972
82.5367
82.1434
79.4672
77.696
78.0406
77.9304
76.4683
76.5252
73.8169
72.637
71.3924
71.3101
72.1516
69.5903
70.3324
73.4574
75.7561
75.8115
77.1883
79.1106
78.8097
77.3863
76.2352
75.3292
78.1603
74.7648
71.7003
73.0617
69.9576
67.3079
67.0161
67.1218
104.792
104.612
101.514
100.281
100.758
100.572
104.254
98.9628
100.626
102.225
104.499
102.327
102.4
107.637
110.333
112.469
110.27
111.542
108.885
105.005
102.759
99.8118
104.404
105.689
105.188
103.975
105.586
112.648
116.25
117.105
120.751
120.39
114.078
114.194
113.755
115.322
113.992
113.106
111.944
112.518
108.808
103.473
106.842
108.719
111.081
113.921
116.718
113.153
111.295
108.814
110.343
109.243
107.141
99.3613
97.0076
98.2266
101.465
100.785
99.967
101.389
101.858
101.323
97.1185
96.4923
96.0514
98.3383
94.107
91.1998
90.1992
88.0348
88.2828
89.21
88.3433
91.4973
86.9055
87.2409
90.7188
95.8306
97.2059
98.1367
93.1517
94.0473
95.7956
96.4
93.9255
95.4089
95.6303
92.5627
88.0561
85.5393
86.9789
88.3565
90.8094
90.6912
90.4401
91.1215
92.6239
93.0831
96.1185
95.1603
97.8852
95.9523
96.3536
92.0302
91.8982
90.9082
89.0411
86.6578
88.9705
89.1594
88.6257
90.7266
83.9325
80.1539
76.8641
74.1756
73.6711
73.0679
75.4908
77.8736
78.5937
80.5011
80.3427
79.1882
81.2899
80.1624
79.4492
78.4492
77.6093
78.3808
79.0215
79.2546
81.5801
79.5888
78.5675
78.5382
77.9971
78.0845
80.844
82.8898
80.0682
84.571
83.6612
81.7913
81.2187
81.5277
84.3868
85.3671
89.7345
91.937
92.2967
90.8871
90.8754
92.4001
92.6293
94.9968
92.2986
92.5912
96.0084
92.2522
91.7532
87.505
88.0231
92.363
86.6065
85.3749
82.8069
84.135
87.4734
87.0515
85.7437
85.2824
86.2036
86.3386
86.2403
85.4882
82.6858
83.5306
83.5306
81.0947
82.2839
81.7347
81.9708
82.5867
81.0612
76.2849
74.7693
75.5163
75.8282
74.7162
77.3909
77.4095
75.6333
76.7571
75.7073
76.1278
73.7486
72.7064
73.8342
73.4604
101.095
98.8769
100.922
111.428
110.639
112.618
113.608
113.337
109.205
110.706
107.833
105.985
100.991
103.036
104.467
107.585
106.601
106.546
112.242
111.478
115.17
116.656
114.572
121.342
115.386
107.922
105.953
107.939
102.964
104.304
106.22
106.238
106.252
109.489
109.262
106.612
108.613
105.642
102.806
107.508
105.251
104.914
105.723
102.597
100.747
102.109
103.698
101.021
100.431
103.156
103.216
100.608
100.206
101.231
100.595
104.049
101.256
100.275
101.755
102.498
101.399
108.68
111.279
111.042
114.478
112.353
113.593
118.873
115.876
116.675
119.204
116.943
110.734
111.774
109.502
112.549
112.713
115.357
112.885
115.079
116.56
120.726
121.324
120.785
125.475
130.273
128.698
124.272
120.667
128.242
127.873
125.171
120.767
119.408
122.502
128.19
128.375
129.806
130.373
130.539
100.105
97.4503
102.744
110.937
108.504
106.874
105.475
104.925
107.591
108.812
110.201
114.095
114.934
112.264
117.11
122.041
121.429
120.717
119.275
119.943
117.07
116.938
121.066
121.442
119.193
123.547
122.014
123.424
119.142
126.523
128.643
127.742
126.852
124.145
120.266
116.035
115.901
113.848
112.769
112.76
112.607
111.235
111.092
117.229
120.761
119.77
119.955
124.603
122.871
130.85
129.725
133.17
132.269
140.373
146.764
151.626
158.55
156.058
159.449
159.545
156.274
155.373
153.807
158.842
158.997
163.3
156.979
156.934
163.21
157.356
151.5
155.099
154.08
156.663
155.083
150.431
153.998
157.278
157.682
158.736
160.425
165.485
157.187
159.638
160.318
159.596
150.558
152.752
154.033
151.504
150.434
150.616
151.536
149.325
148.581
143.732
144.356
145.069
141.064
137.246
97.5953
97.8359
95.0931
94.6832
96.9253
96.9645
96.1869
96.1271
100.15
97.1873
96.5933
97.4376
101.181
102.98
99.6981
102.838
103.307
106.165
107.505
106.819
109.528
112.852
112.97
107.202
107.748
103.201
104.252
100.978
103.194
98.499
95.988
97.7883
94.7179
94.7844
98.1816
95.1671
95.1669
92.3716
93.5028
91.6351
90.1716
88.6221
87.8801
89.8658
94.3101
92.2664
93.5843
94.668
93.0307
91.0119
90.8431
86.9498
87.4612
86.5369
84.1776
83.5661
84.8704
87.2415
87.5037
92.9022
96.1093
94.695
97.1812
95.4114
95.4355
98.7447
97.7895
96.0019
96.9304
96.8543
99.2409
98.9008
98.6907
98.5034
98.7326
95.2158
92.9069
92.8246
90.6536
93.6096
93.1178
95.1692
98.1707
97.5461
97.5688
97.5012
101.254
104.31
102.371
101.577
102.439
105.201
107.078
110.112
105.764
102.741
108.733
113.205
115.643
116.283
99.316
96.3746
96.6406
97.6338
93.4366
94.9894
94.2635
93.4531
99.1228
98.2456
96.93
93.4929
92.5914
93.666
92.6071
90.0784
90.8151
89.0119
84.2672
85.2572
84.3883
81.8628
78.5364
79.994
78.6758
81.3337
77.6351
77.4419
78.8339
80.717
78.5156
78.321
80.5893
77.4929
79.4288
76.8676
75.2265
74.8562
73.3595
77.1846
78.8323
77.0533
75.7847
74.6078
74.9481
76.4285
75.9939
75.4743
75.9052
77.7985
76.8797
75.7792
76.3484
75.9829
74.0613
73.6665
69.4604
73.3362
75.1396
74.8596
71.301
73.6622
74.578
73.0922
73.9832
73.4507
71.6509
70.9905
71.2101
71.1435
69.5374
71.6907
72.9147
73.18
73.788
73.5685
70.1556
69.1702
69.2924
67.1393
64.7912
64.5147
65.2727
65.7174
67.7314
66.4006
68.602
69.8096
66.2303
69.2175
70.2399
69.9194
69.59
71.4412
73.1409
74.792
75.9851
75.9841
75.437
76.913
102.917
104.331
103.296
103.78
107.675
108.609
103.716
100.72
102.432
100.692
100.637
101.925
104.62
102.158
101.227
101.759
98.43
97.6564
99.4131
101.429
101.871
99.898
99.755
99.079
98.6752
99.6778
104.448
106.922
108.378
107.791
106.953
108.034
103.298
103.363
101.354
102.511
102.051
100.776
101.676
102.374
106.902
105.715
104.989
106.848
101.581
101.602
102.005
99.4778
98.1189
95.0251
93.3614
90.8592
94.3354
93.5664
91.0235
92.7528
90.5732
88.7958
93.4945
95.0908
95.6473
98.0434
97.8422
94.1264
94.1116
92.7807
91.6492
94.6127
98.2007
99.3024
104.157
105.176
107.157
106.496
110.412
109.79
112.676
114.275
116.979
116.642
112.357
111.001
106.179
102.21
99.5466
102.325
99.9266
98.7792
99.9373
99.9475
97.0959
95.262
97.7241
97.5327
96.001
92.6377
90.7853
93.7598
92.5995
95.1728
98.5146
96.1333
90.9054
90.6411
90.0437
89.8234
88.442
84.9475
84.4292
83.5032
85.5595
87.2842
87.1795
90.4089
91.3325
89.8588
87.5374
90.3678
89.0522
92.928
96.9526
98.4449
98.4757
97.3564
98.103
97.9523
98.4871
101.061
96.3992
93.7019
93.9667
94.5516
97.4487
93.8842
95.8051
97.334
98.7379
98.1086
100.898
99.6585
102.145
110.688
109.917
107.09
110.878
109.379
106.537
110.404
115.196
110.943
111.849
114.582
119.029
122.951
121.485
122.549
122.229
124.106
125.755
126.747
129.112
127.658
125.667
119.932
114.392
113.279
110.937
114.95
113.481
115.206
114.916
112.978
109.242
105.212
102.457
104.014
104.006
104.221
102.797
100.203
100.993
100.97
102.037
105.003
107.92
108.331
109.65
113.978
113.937
109.587
108.276
108.321
103.244
105.653
105.32
106.899
105.37
107.383
107.497
110.47
98.5454
96.0534
96.3418
93.4724
93.7983
94.5925
94.4879
95.5704
97.8471
93.5959
96.7912
96.7826
97.6726
97.9369
96.0952
92.5425
92.0413
91.1403
93.1378
91.8207
92.7451
95.4881
93.6021
91.0292
88.3278
91.5452
93.0943
89.3841
86.7508
84.7355
84.2867
81.9357
79.9991
80.856
78.4782
76.2015
75.9691
79.106
81.5286
81.7441
80.7788
79.5038
79.0266
79.2517
79.2543
78.3664
78.1584
79.9893
84.026
80.7353
80.3916
82.2894
84.2729
84.3022
84.2812
84.4498
84.373
81.8973
79.6459
83.075
85.6471
82.6062
80.7325
79.9656
81.9416
80.7436
77.7624
75.678
77.5736
77.4138
75.5714
75.4253
78.5673
77.9102
76.6441
77.3628
78.6955
76.5887
77.4941
80.8586
77.4245
76.3264
75.1307
72.4321
74.2095
74.3407
73.0953
71.7722
70.2253
68.9939
71.3241
69.2111
69.5717
69.0246
68.322
68.6869
72.9362
69.4896
69.4958
67.0569
95.8157
96.4894
96.5741
97.0389
100.594
103.448
97.9335
95.3815
93.7805
92.628
90.5907
88.365
84.4454
84.2857
86.2978
85.1054
81.9182
87.7186
85.2998
83.2382
81.6876
85.0656
89.5779
88.3042
90.4273
90.6484
92.1954
91.5066
93.2009
91.5437
89.0061
87.8417
84.3194
87.9508
87.627
87.1606
93.6936
96.3773
102.586
103.865
97.8558
96.2035
100.292
98.2924
94.0319
93.2622
94.162
94.3861
90.624
86.1618
84.9475
85.9538
87.8233
85.8951
89.8402
93.7447
92.4372
93.1442
93.5091
93.2173
91.7564
88.5921
86.7145
87.9425
88.3534
84.5446
86.3816
88.5266
84.3805
84.8737
85.5982
87.1469
86.3036
82.9378
82.2207
81.6809
81.8218
83.1021
82.3947
84.9389
86.0852
87.3359
90.8612
90.4816
89.4551
88.2306
88.7418
86.9252
86.5372
88.9265
88.4704
87.2571
89.6059
91.9708
93.3879
92.6095
94.1571
95.2679
93.2541
94.8462
100.427
101.445
99.829
95.5078
94.2517
91.5698
94.2272
94.0853
95.8733
94.3326
96.0136
98.0752
96.7731
98.0191
97.1012
98.4904
98.8817
99.6365
97.129
97.5359
95.5256
94.1873
91.8409
91.4633
94.7968
92.0786
87.9925
86.9024
88.315
90.6144
88.3741
86.6714
86.6734
87.8774
85.8978
87.4407
88.7764
88.4429
86.7479
88.4362
87.6865
86.1957
86.1947
89.5985
93.5828
91.9867
86.5237
86.7278
88.0121
90.2666
88.8531
88.1564
87.9723
86.3649
87.8393
85.8374
82.9894
80.7408
76.3754
74.5566
77.9828
76.1068
78.2189
77.7008
81.0551
80.6694
84.8777
85.4749
85.5257
84.0459
82.5226
83.0092
83.5472
84.0001
83.7817
81.4104
84.4901
83.319
85.2137
84.3256
85.9938
84.7937
84.9622
85.0757
84.476
84.2209
82.8112
78.7203
80.3741
82.5501
80.3234
78.9355
78.2205
79.2285
80.1437
79.5259
78.7806
80.1906
77.5166
77.3546
100.559
99.2841
99.5209
101.331
99.0129
100.793
103.366
104.94
103.52
104.591
103.525
103.707
105.123
102.552
103.205
110.324
107.338
109.319
109.066
106.92
106.067
100.593
99.2917
97.7746
104.174
109.614
112.658
111.65
111.446
107.942
109.781
111.035
109.668
113.143
113.9
114.376
114.916
121.666
125.437
123.189
123.149
127.469
129.342
134.97
134.552
139.908
145.013
147.793
149.238
155.548
152.307
146.754
151.399
159.05
156.738
156.054
161.839
164.141
162.016
163.925
172.163
173.419
171.075
166.871
164.885
159.829
160.414
161.755
169.7
166.524
172.071
168.691
167.095
173.86
182.971
179.063
177.794
175.447
179.137
174.743
172.641
179.194
175.446
178.078
174.942
178.591
180.579
191.467
189.901
186.49
184.368
185.603
181.81
183.529
182.346
181.27
177.82
176.832
180.185
177.006
100.614
98.561
97.1189
95.2127
99.1233
100.348
105.413
102.991
103.878
104.823
104.161
105.201
110.461
107.34
104.66
101.504
100.275
95.4289
98.7853
98.3505
96.0061
96.3117
94.0689
91.7106
93.0452
97.5755
100.305
102.718
102.599
105.825
104.831
105.501
106.298
103.078
104.255
108.158
107.348
108.499
106.462
105.926
107.783
105.439
106.948
106.902
106.626
109.739
107.541
108.96
110.353
113.985
117.367
115.831
113.739
112.962
118.828
118.531
116.445
107.465
107.668
108.358
110.435
104.038
107.218
110.89
113.603
108.535
106.793
111.775
114.518
116.989
118.256
118.223
115.546
114.597
116.794
117.762
117.092
121.102
116.782
122.623
122.519
124.916
127.938
128.972
126.744
121.241
121.29
124.101
127.787
132.022
130.872
128.53
128.147
124.647
133.976
135.336
140.899
146.444
153.451
152.397
99.0259
99.0426
100.481
96.8324
98.0005
103.232
103.938
102.859
110.534
106.516
105.461
107.813
111.214
112.805
108.854
106.778
107.677
105.199
109.399
107.983
109.493
109.145
111.164
113.942
114.449
110.6
109.269
106.61
107.835
107.078
105.523
108.04
106.762
107.969
108.807
118.951
121.679
119.012
125.843
131.813
129.422
128.968
128.904
129.649
130.646
133.042
135.769
137.191
137.854
137.937
135.956
139.513
138.643
141.849
142.507
143.159
140.001
142.66
137.936
133.962
133.158
138.013
142.524
138.718
138.92
141.144
144.899
150.091
153.461
159.071
160.246
163.672
158.429
162.786
170.064
179.854
181.737
180.812
188.386
186.673
187.394
185.418
178.398
177.742
172.19
170.382
165.216
159.746
157.378
155.545
151.584
154.754
158.549
151.748
150.176
150.832
156.791
159.557
157.362
159.809
101.879
99.9307
98.2867
99.316
101.079
102.515
103.48
103.568
105.054
100.393
102.957
101.988
103.645
105.603
105.451
110.004
113.794
109.499
112.341
109.661
106.533
108.092
113.047
116.9
113.485
112.051
109.891
103.118
105.637
107.075
109.44
105.951
110.924
110.612
104.9
106.041
109.845
108.273
107.892
105.337
106.044
104.075
103.717
102.015
101.71
98.5487
102.606
104.558
103.324
101.924
100.495
99.5169
102.73
102.131
104.702
103.617
106.134
109.749
108.013
110.133
114.598
112.785
113.03
112.273
118.089
117.526
112.966
111.189
114.892
111.97
112.825
114.375
112.945
111.257
111.681
117.118
113.215
114.378
115.256
115.502
116.708
120.659
122.539
123.835
119.288
117.922
115.111
118.301
122.849
124.292
120.457
122.879
123.219
129.663
135.047
133.347
129.761
127.927
126.144
123.827
96.7872
100.211
103.927
106.168
97.533
99.3773
104.127
103.465
101.484
104.976
105.887
105.476
108.222
105.984
111.974
111.974
116.054
112.366
114.268
116.346
117.327
119.113
117.845
120.006
123.651
128.505
132.582
131.837
136.123
136.007
132.526
131.453
129.289
132.649
128.881
127.513
129.657
122.919
124.547
122.767
117.466
115.26
113.109
110.788
110.575
111.721
111.079
116.196
113.839
118.098
115.384
114.929
110.591
113.17
114.597
113.703
110.39
116.341
115.345
116.272
114.701
113.591
116.281
117.578
118.42
116.859
117.216
117.541
117.151
118.194
117.762
122.115
121.128
117.394
118.908
115.969
115.367
117.322
117.625
115.816
114.016
111.764
106.808
105.172
97.7343
102.765
100.081
100.313
101.344
102.998
100.821
105.008
106.123
107.922
109.141
110.939
107.793
111.248
115.703
116.571
102.379
103.264
101.797
99.0649
100.203
98.9482
99.5306
98.8519
104.157
103.764
104.087
104.377
102.422
99.8335
102.398
97.6961
98.1954
98.9365
96.427
93.6384
92.3594
93.6871
90.7377
92.3868
90.044
90.3325
87.126
85.2626
83.1622
82.7653
81.8937
84.2917
80.2115
77.7512
80.2135
80.0041
78.4374
76.9711
77.4952
75.1354
72.5779
73.9025
77.0719
76.2578
74.7632
73.3406
71.8935
73.7787
74.1037
76.6434
74.4366
75.4577
76.4115
79.3118
78.5983
77.6905
75.8796
76.7545
76.5096
74.7925
74.5623
72.5095
73.7217
70.1968
70.5832
69.3661
71.0729
71.1632
72.0213
71.8262
71.1341
72.1515
77.595
77.0328
76.5209
75.5547
74.7341
75.7491
75.5858
77.7382
77.4955
77.926
80.4952
78.3444
77.8876
76.1011
76.6714
74.4015
75.0528
74.2745
77.8307
78.0437
76.5648
79.1561
80.644
84.4649
83.6519
81.9376
81.1317
82.8991
103.099
102.769
105.004
104.828
103.659
101.743
105.489
101.139
99.4281
103.764
99.7127
100.633
99.6163
100.115
102.535
103.652
104.952
104.686
110.314
109.981
108.057
112.852
105.69
103.432
102.937
106.759
109.854
108.434
111.017
108.637
103.953
103.538
104.774
103.721
102.77
106.262
110.681
112.488
111.959
112.565
113.313
114.719
121.273
120.142
123.801
121.502
119.134
117.374
117.976
119.282
118.387
123.166
115.151
114.61
112.396
110.593
111.523
116.083
113.696
114.961
112.499
112.832
110.092
113.551
109.119
110.458
108.372
110.347
111.241
109.992
111.991
119.454
119.524
121.337
116.831
118.489
121.158
121.049
120.854
116.673
115.997
118.122
115.122
114.531
117.311
119.488
119.477
122.774
118.928
116.779
122.125
119.884
119.676
117.403
115.65
118.28
115.887
119.49
119.612
113.488
98.6843
100.572
102.372
103.067
101.721
100.106
98.643
98.6989
98.9404
99.6081
97.8231
97.3586
95.9678
98.0081
93.6406
94.3183
93.2264
91.2797
93.2038
92.9894
95.2513
94.9307
99.0578
94.8506
98.3754
99.0894
100.763
102.031
101.44
101.776
99.9873
97.6226
99.9896
100.849
100.619
97.3158
98.3801
95.3638
96.0192
96.587
98.406
94.2449
99.1762
97.7298
96.4045
98.8498
100.792
100.796
101.956
103.608
106.118
110.69
114.287
114.575
114.452
116.106
117.192
122.631
129.149
122.958
127.537
128.721
127.742
131.449
132.541
129.101
131.314
129.29
129.312
129.21
126.48
124.588
124.74
125.468
118.379
118.967
114.019
111.927
110.848
108.117
107.374
104.143
106.414
103.234
105.66
105.221
107.754
109.894
108.613
108.148
112.385
106.877
108.994
108.879
107.141
104.64
100.754
98.5867
98.7286
96.3173
105.596
107.401
109.734
107.456
106.666
105.085
105.88
104.758
107.68
105.008
107.819
109.769
106.714
106.76
106.38
107.191
105.24
113.446
108.343
105.551
103.411
100.236
98.354
101.034
106.67
108.459
108.967
107.68
108.202
107.652
106.114
106.631
107.598
110.738
112.155
112.924
113.512
114.431
111.119
108.742
109.011
108.491
115.091
114.079
113.338
116.141
117.661
114.823
114.631
115.83
115.56
114.278
114.838
114.825
115.563
115.076
116.612
119.406
120.975
117.615
114.624
116.617
117.567
115.834
114.591
113.691
107.749
108.45
111.155
111.138
107.791
113.884
117.974
123.986
129.216
130.123
126.421
122.162
124.799
123.466
129.217
125.599
121.179
122.531
123.347
119.239
119.71
125.1
130.685
129.847
134.079
137.641
140.414
141.417
137.282
139.84
146.218
145.721
144.707
142.092
102.018
100.77
102.353
102.087
101.424
106.059
105.31
105.862
109.056
111.341
110.417
108.2
106.899
103.72
101.11
98.441
98.7244
100.289
103.948
110.367
110.583
107.119
106.563
106.474
105.93
108.941
106.578
109.22
107.707
105.858
106.416
108.022
106.708
107.626
105.275
103.752
106.096
107.335
107.615
106.501
107.02
110.033
109.271
104.588
102.119
103.235
106.528
109.631
112.023
114.399
115.34
116.24
109.907
108.479
107.28
110.229
107.839
106.995
104.834
103.533
99.4659
100.308
96.8869
96.2236
93.6845
95.5804
93.9274
95.3604
92.9595
91.1507
89.8095
86.8332
85.8792
86.4806
86.6001
88.3395
88.4361
90.7923
89.8976
92.1168
97.177
93.825
94.7208
96.1766
94.3119
94.7307
95.1651
96.4607
94.9501
94.1059
94.0965
93.1036
94.7467
93.1408
91.4811
90.7929
91.7293
93.3812
96.5038
94.5491
101.626
103.435
107.089
106.753
104.597
105.077
103.731
102.71
105.012
102.593
102.466
102.235
109.807
111.309
115.416
113.207
112.263
112.209
112.53
110.82
110.687
109.501
106.701
110.274
108.341
108.876
108.279
111.736
112.31
116.475
116.861
118.233
118.044
119.655
115.836
119.669
119.064
118.081
126.778
129.728
130.471
130.221
131.449
134.864
135.036
138.608
140.783
146.812
149.781
147.932
147.408
147.138
154.655
156.916
161.73
163.566
166.16
165.333
163.536
166.903
161.329
164.738
159.442
167.517
168.365
166.022
167.369
170.056
172.964
179.4
179.121
173.037
165.495
171.004
169.331
167.274
167.627
167.056
169.093
167.387
169.386
168.734
166.925
167.182
166.1
161.256
155.234
152.36
149.028
141.174
139.634
139.716
145.932
146.476
145.23
145.764
145.992
142.456
143.963
145.409
101.687
104.471
104.132
98.5814
101.831
99.7079
99.1064
97.7056
99.601
100.415
98.527
103.222
103.353
101.54
107.452
105.41
103.7
104.116
102.725
107.241
107.819
106.829
108.564
111.767
115.455
115.679
111.975
111.09
112.037
112.207
111.233
107.647
107.501
107.941
110.045
113.668
114.017
115.191
118.574
115.465
112.814
115.214
112.816
111.887
115.17
113.254
110.901
109.303
111.191
111.516
110.455
107.96
103.019
105.759
104.1
105.539
107.921
110.642
113.9
118.33
117.071
117.707
116.469
118.772
121.054
125.485
127.124
125.652
125.735
123.299
128.367
124.547
120.226
119.129
118.87
124.043
126.869
129.181
131.808
136.73
142.094
142.453
143.228
148.697
147.312
139.969
138.255
143.55
148.517
145.229
146.656
145.942
146.72
146.695
153.025
148.761
151.999
155.716
155.38
161.309
100.703
104.16
103.003
100.671
104.582
105.895
107.099
115.183
113.033
114
113.882
117.521
113.475
117.188
121.492
122.03
121.553
118.565
120.321
121.176
124.482
128.231
132.951
130.739
134.919
135.472
138.98
138.574
135.373
140.591
142.127
138.427
133.258
134.227
137.326
142.97
144.901
150.756
158.099
162.029
169.212
170.376
177.907
180.8
183.824
185.394
188.844
188.839
184.157
180.329
182.793
181.628
182.589
176.703
183.434
189.483
195.073
189.506
187.385
189.571
186.341
186.073
178.767
177.966
174.439
169.778
179.744
186.2
184.221
184.906
187.98
188.135
186.414
188.067
193.649
193.827
191.763
186.399
181.116
181.21
176.155
173.841
179.385
175.688
178.639
178.546
178.375
178.405
182.559
189.874
186.233
188.689
184.315
186.195
192.927
190.838
195.757
195.138
196.729
197.212
105.185
106.841
108.996
106.455
111.791
111.562
112.674
112.021
112.725
117.423
116.292
117.194
114.362
115.979
115.412
116.798
119.777
126.13
122.223
124.193
122.723
124.517
122.68
122.325
123.123
119.457
121.357
118.973
117.704
116.701
114.483
113.312
114.69
114.4
119.172
119.009
118.381
116.777
116.691
117.999
113.906
111.19
107.783
104.775
104.943
104.96
105.12
105.399
104.31
102.755
98.6856
101.121
102.35
102.146
99.8091
99.0502
97.9117
104.066
105.103
104.536
102.265
103.44
104.375
102.64
101.399
101.349
102.155
104.265
102.939
102.835
103.413
107.28
111.325
113.513
118.24
116.172
114.612
116.909
115.778
113.486
115.839
116.519
116.353
116.18
116.769
120.158
123.299
124.809
124.691
127.704
130.175
129.892
126.55
124.747
123.66
124.459
121.982
122.818
123.08
124.474
99.9999
95.6676
100.014
98.3319
94.0406
91.3477
88.516
87.6229
87.8718
90.4691
90.6385
90.1222
91.3742
90.665
86.3877
83.868
86.7001
86.3053
82.4577
80.1093
83.4592
82.2994
79.9619
81.2558
82.986
81.3192
81.4954
80.8097
83.0064
82.4212
80.0964
80.5544
79.0702
79.2444
79.4634
77.9318
76.9283
78.1986
79.429
84.686
84.063
84.4186
83.3967
85.9887
83.3595
84.4072
79.8952
81.4069
81.1309
82.191
82.6201
82.6039
87.4487
86.6026
88.5548
93.2451
92.7283
95.1279
96.9296
99.1134
100.563
102.305
105.42
103.936
103.208
100.374
100.76
101.2
96.8879
96.4939
98.7439
96.835
94.96
97.9077
98.1646
99.2353
98.6438
97.436
96.9146
98.5625
101.145
102.762
97.4926
96.9803
97.5593
94.4494
93.6778
90.996
91.6192
91.0446
89.5373
91.6401
91.1723
91.8592
87.4719
86.8387
88.3058
91.1352
88.9861
88.5136
106.708
108.625
105.1
103.189
100.893
100.157
102.557
101.416
105.845
105.535
108.175
108.776
110.799
108.32
106.728
107.605
107.308
107.535
110.274
109.11
106.102
108.024
106.533
103.403
106.823
104.737
101.929
104.202
103.536
102.885
102.326
103.806
105.478
104.813
108.444
109.625
103.896
102.732
103.972
106.974
103.331
106.654
111.529
113.335
116.955
113.542
111.862
108.067
105.72
106.819
107.448
105.235
108.1
109.733
108.486
106.655
103.077
105.245
105.492
113.693
114.938
115.434
116.507
118.808
116.442
117.626
120.24
119.872
119.289
118.63
122.711
121.434
117.33
111.238
112.396
113.676
114.027
112.692
108.632
105.003
101.124
100.308
103.274
106.916
108.198
102.792
100.948
102.02
101.771
100.541
99.2693
99.7008
97.0106
99.0143
97.8084
99.7599
98.1346
99.1736
101.248
100.807
98.9368
98.5742
100.415
98.1957
101.514
98.5589
97.4485
95.0992
99.9755
104.606
109.852
112.292
112.593
110.096
113.024
110.567
108.634
111.173
114.35
116.692
118.919
122.014
127.167
129.24
122.77
122.616
119.495
119.853
117.143
119.954
120.715
121.237
125.79
125.599
122.685
131.067
132.783
138.979
140.704
141.348
138.498
134.497
137.832
136.86
135.792
132.675
128.672
127.185
128.111
128.557
124.701
119.517
120.118
121.235
112.885
113.607
109.051
109.244
118.311
118.887
114.922
120.023
119.593
122.094
118.76
123.328
126.452
129.905
128.142
129.768
125.409
125.895
128.934
129.451
131.336
129.561
130.309
130.341
126.714
133.126
132.944
131.01
129.348
129.463
132.311
133.749
126.743
126.425
130.919
129.378
133.343
131.188
127.684
128.062
126.636
122.489
124.563
126.595
128.76
132.665
97.5764
95.4337
97.2818
99.489
99.2943
101.586
102.822
104.428
105.763
105.633
106.015
103.26
104.968
101.743
103.586
103.068
104.775
107.142
104.071
102.663
104.791
101.17
103.967
104.248
102.843
99.4166
101.115
96.3433
99.8082
102.219
100.286
106.516
106.082
104.282
104.786
102.496
98.6252
93.2456
93.0801
90.3893
92.4546
92.4283
96.2724
95.6174
98.3598
102.665
107.353
106.164
105.32
100.856
99.2063
96.2732
95.9709
95.8465
94.025
92.2211
92.2043
93.6534
100.673
99.8971
98.8977
96.887
94.5587
94.054
91.5925
91.1634
90.6318
88.5275
88.0319
89.5467
90.2033
92.5316
89.3677
93.737
98.6615
97.5099
96.2513
94.6554
96.34
101.14
100.54
102.664
103.681
103.954
104.651
101.431
97.778
95.586
96.2984
98.4465
98.1624
101.361
102.18
105.679
105.919
103.7
107.334
107.322
104.489
105.943
94.334
97.2963
94.2147
93.2174
93.4645
95.3064
93.8923
93.4981
92.6639
93.1938
94.9649
95.1119
92.1329
89.7852
93.0378
95.9015
98.6428
96.7317
98.8171
99.1305
95.6976
94.9222
95.4433
92.2344
93.6529
96.5219
98.6153
96.9883
97.6266
104.227
99.6711
101.622
103.887
105.775
100.796
103.039
102.06
98.7118
101.499
102.291
103.985
105.982
103.649
100.716
101.113
98.0129
96.5905
94.6838
90.8946
91.2838
89.5403
94.965
92.313
94.7846
91.9956
89.7275
95.1973
93.5897
91.283
88.9391
89.6453
92.3516
91.8549
94.3583
93.3893
92.6519
92.2829
87.6542
92.6128
90.0726
90.8025
93.5412
89.2049
91.7545
91.834
90.205
89.1827
89.0875
90.434
86.9278
86.8123
84.6277
84.9135
86.0985
83.375
82.4086
83.2429
80.3839
82.0571
80.7755
80.2401
79.9312
79.2625
77.2906
79.2358
76.3792
74.6074
75.0534
70.1672
73.6158
99.4707
101.986
105.854
102.638
98.9369
98.7229
100.47
100.084
98.4433
94.6548
98.2175
98.8054
95.8183
96.7738
96.6364
98.0181
96.7094
96.588
98.6835
102.533
101.472
101.423
101.782
102.544
102.168
100.597
97.2779
97.4811
101.707
97.7378
96.0332
95.4388
96.0696
93.1318
93.3347
94.2597
96.7179
95.0126
94.5978
91.8079
91.6952
90.9415
89.3182
92.2998
91.8479
93.2615
96.6691
94.9084
93.6788
94.5564
92.1902
90.4373
87.8446
87.3814
88.9093
89.25
92.1306
91.6604
91.5573
89.8667
92.2612
91.0133
89.1772
88.0003
88.6381
88.9869
88.3224
90.1774
91.9008
89.226
88.6739
87.2668
89.0112
91.3612
90.475
89.499
89.1184
87.512
84.9093
81.03
85.3874
87.8759
88.4685
86.4897
87.5047
85.8798
83.2449
84.5249
86.4597
85.1096
86.4235
90.1457
91.2382
92.5793
92.3046
91.743
95.7733
96.1983
95.1544
95.2031
96.7065
93.9341
96.1332
99.5639
105.425
101.276
100.149
98.3363
99.1689
93.6503
97.0491
94.8129
96.3617
93.7302
89.5698
88.2958
92.2887
88.5011
86.5015
84.038
89.0564
85.6793
87.6526
90.9219
89.8251
90.5025
90.9811
89.5578
90.4422
88.0241
89.8436
92.453
96.7277
100.919
98.2569
98.4387
95.4766
97.6102
98.5875
103.775
103.249
102.681
100.266
98.1644
96.3825
90.4546
92.5156
93.4322
94.2073
93.886
95.1667
98.1206
97.4805
100.38
99.0062
99.4127
99.738
99.2314
93.8914
95.4053
88.3064
86.2592
85.3591
88.0324
88.7652
87.9064
88.2722
92.5441
93.0026
95.4604
97.9789
97.8415
97.6805
96.6137
90.9415
89.8443
93.857
93.9207
95.182
98.8388
96.3264
96.2803
97.6491
94.253
94.1959
90.5487
92.6714
89.8778
88.4727
86.0922
88.3883
89.8555
88.5705
86.8399
87.3124
86.8045
84.3084
83.4113
81.6402
82.786
95.8373
95.0195
95.338
96.5082
95.0028
91.8365
88.0231
88.5318
87.9878
85.6921
84.0603
82.4767
78.0835
78.6663
80.8042
79.6169
79.954
81.3042
79.91
79.6012
78.1954
75.6256
75.8219
75.8302
74.9529
73.9139
75.2817
74.8712
73.9228
75.2477
76.2295
76.0023
73.7166
72.447
72.8402
73.9554
72.4436
73.5493
71.521
72.9593
75.5617
74.4661
76.7293
80.4032
82.4648
83.4214
81.6071
80.324
79.2952
77.8621
79.9054
82.624
82.1035
86.2502
88.4671
91.7088
87.2909
84.8666
81.4229
86.5934
87.7225
89.5877
90.4869
92.9834
95.0436
91.1653
92.2344
91.1536
88.9512
89.3507
90.5874
89.331
92.2962
90.4889
89.7573
84.5737
83.8535
85.4089
86.837
86.7225
86.624
84.9988
82.804
80.1696
84.257
83.4193
87.3717
83.252
81.0938
80.5716
78.8389
82.4612
82.821
79.8939
76.7748
75.6465
74.9101
78.369
77.0043
79.4723
104.788
104.752
101.103
100.983
99.0019
97.4223
93.0958
94.1793
97.066
95.4634
93.886
94.2774
94.4181
93.5197
94.035
96.5516
97.9119
102.763
101.937
100.44
99.5868
98.9056
96.5115
98.955
101.36
101.698
98.345
97.0005
100.687
102.781
104.292
110.8
110.062
113.659
115.896
113.226
112.894
116.282
118.706
120.881
123.044
122.832
127.325
129.808
133.232
128.06
128.37
127.09
133.215
134.492
134.179
136.093
132.693
129.945
129.387
127.658
127.247
127.525
127.781
129.117
132.502
133.59
133.882
128.563
130.33
130.324
130.221
130.971
129.474
126.856
129.698
131.683
136.783
134.616
130.944
130.7
127.691
133.583
135.644
140.834
138.711
135.112
139.612
138.948
134.589
132.379
132.402
131.252
124.18
120.19
119.8
120.426
120.583
122.329
122.373
121.514
123.895
124.872
122.574
124.292
101.479
97.7845
97.6666
98.2127
99.37
99.8716
100.305
96.4484
99.6062
106.001
107.694
105.435
104.792
102.513
100.663
99.7077
100.092
97.6513
92.7984
97.2485
96.4572
95.1202
98.1188
97.8487
98.5532
101.162
99.884
105.686
109.004
105.235
103.037
99.9724
98.8331
100.687
105.053
105.071
102.778
104.757
99.6777
99.9965
100.38
101.499
102.494
106.26
102.109
102.031
104.333
104.469
107.84
104.861
102.259
101.047
98.8679
93.8113
92.0456
91.7982
88.4618
86.5902
87.0749
88.631
88.8514
87.4859
85.3929
86.4176
85.7432
88.1272
87.8629
89.8261
86.3333
84.157
83.8902
83.6405
82.4377
81.7772
81.4641
81.3616
80.3964
83.2005
80.531
81.8433
81.3792
82.6246
81.0067
80.5914
80.7687
80.6208
83.0542
84.6507
82.8054
80.2763
79.7077
82.1907
85.307
84.5369
85.5785
82.7954
83.6576
82.2282
81.4531
80.4832
98.4659
101.288
95.301
92.1519
91.9551
91.8799
91.671
93.0783
95.6172
98.4851
98.7573
98.1758
102.79
103.383
99.735
101.863
101.162
101.305
103.981
100.121
100.389
99.1291
99.3925
94.6043
96.2359
95.0238
99.6579
103.59
104.372
103.187
104.926
106.89
107.488
112.495
109.816
115.303
110.742
107.868
106.693
107.689
109.088
107.63
105.889
105.811
104.637
104.171
105.454
103.308
97.3608
95.2118
95.1697
96.234
96.4926
100.158
99.6257
99.9478
99.2994
98.9809
98.3068
101.307
101.879
99.0562
99.4628
98.6923
96.4508
96.5259
97.0268
98.0765
95.2341
96.3187
98.1414
101.944
101.696
100.907
101.289
101.871
99.2088
100.555
100.376
97.2921
96.5907
100.98
101.526
100.079
97.4071
99.1148
100.073
104.86
104.507
107.096
110.61
111.544
108.915
108.529
110.516
111.494
113.016
111.469
109.348
108.066
98.7154
98.7811
96.5298
93.9543
95.498
94.6992
96.766
96.518
97.7209
99.272
99.4921
102.215
104.52
104.364
106.989
109.729
110.669
109.22
112.489
116.205
118.2
118.267
121.742
125.886
129.469
130.579
136.042
137.206
131.998
124.771
121.817
125.459
132.078
130.609
127.958
126.88
128.485
121.255
118.639
119.983
119.907
120.077
115.497
113.636
117.459
116.431
116.919
121.772
120.565
121.406
127.181
130.287
125.492
123.612
119.964
121.971
120.484
115.701
114.349
114.895
111.581
106.184
109.019
110.566
112.552
113.681
113.799
114.224
109.604
110.963
111.649
112.447
110.004
107.899
110.531
114.952
118.35
118.653
117.865
118.235
119.372
119.819
122.782
128.039
130.829
135.299
135.943
134.117
135.643
133.949
133.784
135.344
134.185
133.919
126.87
122.178
128.49
124.888
122.319
119.512
101.494
101.248
100.628
99.7541
102.767
105.225
109.245
112.38
111.694
109.337
109.892
109.313
104.86
108.002
109.944
110.178
105.43
109.012
110.175
113.926
110.116
109.791
107.05
104.32
108.445
104.497
99.7979
97.0889
96.3202
99.6497
98.8752
98.396
106.332
105.29
108.438
112.349
115.944
111.451
111.679
111.505
114.189
117.572
110.324
107.176
109.158
104.777
99.247
100.563
101.926
98.1053
95.2604
95.8428
95.5409
96.4691
94.739
93.4244
94.5269
92.8112
93.1916
91.7237
93.6122
98.1329
97.1265
94.5297
93.105
95.7387
92.9416
91.1386
89.0654
88.5913
88.8182
86.7789
90.4251
92.9369
92.7593
86.1831
85.3862
86.4371
84.6875
84.6356
87.5529
86.1823
87.0826
86.8013
85.7014
89.238
88.8222
92.9473
96.3424
92.4875
92.8835
97.4525
101.73
102.633
104.378
108.245
110.748
112.673
114.961
112.985
100.271
99.9782
101.859
100.821
97.6934
101.272
101.063
99.7568
102.427
101.36
105.081
104.198
108.561
106.207
106.546
106.881
112.375
110.629
106.124
106.146
103.286
105.169
99.9927
99.1834
98.4667
96.6817
95.3532
94.4551
97.537
95.3631
101.124
98.5577
99.4907
101.186
101.26
104.069
105.121
105.436
104.961
104.787
99.6838
98.7113
99.4918
99.5068
105.343
108.841
111.429
110.442
108.115
106.148
104.807
106.654
107.573
103.644
101.002
104.36
108.208
111.999
110.719
115.963
113.073
111.861
113.087
113.066
110.519
111.716
109.397
107.025
105.638
106.93
107.514
111.504
114.709
113.338
114.597
116.315
117.781
117.254
115.501
120.064
118.34
117.681
116.49
112.376
115.32
111.878
113.816
115.092
114.367
113.794
110.866
108.445
110.625
108.236
108.951
106.822
107.703
112.048
113.174
116.628
