           1     7.50666     7.50666           0
           2     7.67942     7.59304   0.0863809
           3     7.66228     7.61612   0.0549546
           4     7.49278     7.58529    0.049606
           5     7.54183     7.57659   0.0393952
           6     7.58932     7.57872   0.0322359
           7     7.60902     7.58305   0.0275862
           8     7.44464     7.56575   0.0294966
           9      7.5497     7.56396   0.0260746
          10     7.61119     7.56868   0.0237952
          11     7.54477     7.56651   0.0216331
          12      7.6755     7.57559   0.0217366
          13     7.59188     7.57684   0.0200339
          14     7.56394     7.57592   0.0185707
          15     7.58689     7.57665   0.0173039
          16     7.59889     7.57804   0.0162458
          17     7.60829     7.57982   0.0153636
          18      7.5452      7.5779   0.0146121
          19     7.59341     7.57872   0.0138457
          20     7.56078     7.57782   0.0131658
          21     7.47079     7.57272   0.0135205
          22     7.55417     7.57188   0.0129189
          23     7.48297     7.56801   0.0129355
          24     7.53695     7.56672   0.0124523
          25      7.6961     7.57189   0.0130168
          26     7.56996     7.57182   0.0125063
          27     7.59425     7.57265   0.0120629
          28     7.58871     7.57322   0.0116382
          29     7.62302     7.57494   0.0113602
          30      7.4559     7.57097   0.0116704
          31     7.64158     7.57325   0.0115151
          32     7.46334     7.56982   0.0116665
          33     7.53888     7.56888   0.0113463
          34     7.57838     7.56916    0.011011
          35     7.65144     7.57151   0.0109472
          36     7.64129     7.57345   0.0108139
          37     7.58421     7.57374   0.0105216
          38     7.59738     7.57436   0.0102599
          39     7.54453      7.5736   0.0100226
          40     7.66881     7.57598   0.0100546
          41     7.60652     7.57672  0.00983457
          42     7.56182     7.57637  0.00960411
          43     7.73058     7.57995   0.0100404
          44      7.5061     7.57827  0.00995214
          45     7.58034     7.57832  0.00972857
          46      7.5366     7.57741  0.00955786
          47     7.58029     7.57747  0.00935249
          48     7.70779     7.58019  0.00954962
          49     7.51789     7.57892  0.00943874
          50     7.64108     7.58016  0.00933123
          51     7.57106     7.57998  0.00914818
          52     7.70541     7.58239  0.00928915
          53     7.62007     7.58311  0.00913988
          54     7.70171      7.5853  0.00923403
          55     7.61118     7.58577  0.00907679
          56     7.61921     7.58637  0.00893321
          57     7.59622     7.58654  0.00877679
          58      7.5085      7.5852  0.00872848
          59     7.56649     7.58488  0.00858512
          60     7.52152     7.58382  0.00850661
          61     7.61587     7.58435  0.00838248
          62     7.56591     7.58405  0.00825153
          63     7.65005      7.5851  0.00818679
          64     7.53131     7.58426  0.00810157
          65      7.6383     7.58509  0.00801917
          66     7.56455     7.58478  0.00790286
          67     7.61039     7.58516  0.00779339
          68     7.58143     7.58511  0.00767812
          69     7.61671     7.58556  0.00757988
          70     7.56108     7.58521    0.007479
          71     7.56027     7.58486  0.00738127
          72     7.66323     7.58595  0.00735898
          73     7.53155     7.58521  0.00729563
          74     7.66696     7.58631  0.00728068
          75     7.61045     7.58663  0.00719016
          76     7.63162     7.58722  0.00711957
          77     7.53768     7.58658   0.0070559
          78      7.6239     7.58706  0.00698126
          79     7.65911     7.58797  0.00695241
          80     7.66734     7.58896  0.00693627
          81     7.67232     7.58999  0.00692697
          82     7.62141     7.59038  0.00685269
          83     7.56724      7.5901  0.00677536
          84     7.57708     7.58994  0.00669601
          85     7.62495     7.59035  0.00662957
          86     7.72221     7.59189  0.00672904
          87     7.61401     7.59214   0.0066561
          88     7.58062     7.59201  0.00658133
          89     7.61626     7.59228  0.00651266
          90     7.66256     7.59306  0.00648706
          91     7.55262     7.59262  0.00643076
          92     7.61432     7.59286  0.00636485
          93     7.63674     7.59333   0.0063137
          94     7.67474     7.59419  0.00630592
          95     7.60176     7.59427   0.0062397
          96     7.60876     7.59442   0.0061762
          97     7.54018     7.59386  0.00613773
          98     7.53624     7.59328  0.00610317
          99     7.45478     7.59188  0.00620107
         100     7.70056     7.59296  0.00623421
