           1    -7.56268    -7.56268           0
           2    -7.52998    -7.54633   0.0163498
           3    -7.53435    -7.54234   0.0102501
           4    -7.56588    -7.54822  0.00933604
           5    -7.55568    -7.54971  0.00738409
           6    -7.54679    -7.54923  0.00604869
           7    -7.54356    -7.54842  0.00517579
           8    -7.57285    -7.55147  0.00542419
           9    -7.55426    -7.55178  0.00479374
          10    -7.54246    -7.55085  0.00438779
          11    -7.55543    -7.55127  0.00399066
          12    -7.53239    -7.54969  0.00396817
          13    -7.54625    -7.54943  0.00365977
          14    -7.55208    -7.54962  0.00339357
          15    -7.54915    -7.54959   0.0031594
          16      -7.545     -7.5493  0.00296921
          17    -7.54331    -7.54895  0.00281126
          18    -7.55463    -7.54926  0.00266921
          19    -7.54577    -7.54908  0.00253149
          20    -7.55275    -7.54926  0.00240859
          21    -7.56869    -7.55019  0.00247072
          22    -7.55365    -7.55035  0.00236097
          23    -7.56661    -7.55105  0.00236426
          24    -7.55682    -7.55129  0.00227632
          25    -7.52773    -7.55035  0.00237808
          26    -7.55161     -7.5504   0.0022853
          27    -7.54645    -7.55025  0.00220389
          28    -7.54814    -7.55018  0.00212506
          29    -7.54086    -7.54986  0.00207546
          30    -7.57161    -7.55058  0.00213217
          31     -7.5378    -7.55017  0.00210308
          32    -7.56973    -7.55078   0.0021261
          33    -7.55574    -7.55093  0.00206613
          34    -7.55007     -7.5509   0.0020046
          35    -7.53748    -7.55052  0.00198392
          36    -7.53714    -7.55015  0.00196353
          37    -7.54833     -7.5501  0.00191036
          38    -7.54708    -7.55002  0.00186111
          39     -7.5555    -7.55016   0.0018182
          40    -7.53253    -7.54972  0.00182616
          41    -7.54464     -7.5496  0.00178538
          42    -7.55336    -7.54969  0.00174466
          43    -7.52194    -7.54904  0.00182175
          44    -7.56253    -7.54935  0.00180607
          45    -7.54816    -7.54932  0.00176568
          46    -7.55724    -7.54949  0.00173543
          47    -7.54974     -7.5495  0.00169812
          48    -7.52595    -7.54901  0.00173324
          49    -7.55941    -7.54922  0.00171071
          50     -7.5381      -7.549  0.00169083
          51    -7.55031    -7.54902  0.00165755
          52    -7.52675     -7.5486  0.00168083
          53    -7.54182    -7.54847  0.00165376
          54    -7.52712    -7.54807  0.00167029
          55    -7.54337    -7.54799  0.00164186
          56     -7.5423    -7.54789  0.00161547
          57    -7.54603    -7.54785  0.00158721
          58    -7.56174    -7.54809  0.00157786
          59    -7.55143    -7.54815  0.00155192
          60    -7.55979    -7.54834  0.00153813
          61    -7.54244    -7.54825   0.0015158
          62    -7.55184     -7.5483  0.00149228
          63    -7.53672    -7.54812  0.00147988
          64    -7.55827    -7.54828  0.00146518
          65    -7.53859    -7.54813  0.00145015
          66    -7.55246    -7.54819  0.00142951
          67    -7.54385    -7.54813  0.00140951
          68    -7.54841    -7.54813  0.00138863
          69    -7.54279    -7.54806  0.00137055
          70    -7.55312    -7.54813  0.00135276
          71    -7.55247    -7.54819  0.00133497
          72    -7.53455      -7.548  0.00132986
          73    -7.55732    -7.54813  0.00131771
          74    -7.53312    -7.54793  0.00131552
          75    -7.54434    -7.54788  0.00129874
          76    -7.53976    -7.54777  0.00128599
          77    -7.55723    -7.54789  0.00127511
          78    -7.54057     -7.5478  0.00126215
          79    -7.53484    -7.54764  0.00125683
          80    -7.53302    -7.54745   0.0012544
          81    -7.53219    -7.54726  0.00125306
          82    -7.54194     -7.5472  0.00123939
          83    -7.55212    -7.54726   0.0012258
          84    -7.54974    -7.54729  0.00121148
          85    -7.54081    -7.54721  0.00119956
          86    -7.52277    -7.54693  0.00121913
          87    -7.54232    -7.54688   0.0012062
          88    -7.54934     -7.5469  0.00119274
          89    -7.54218    -7.54685  0.00118046
          90    -7.53479    -7.54672  0.00117493
          91    -7.55373    -7.54679   0.0011645
          92    -7.54223    -7.54674  0.00115284
          93    -7.53783    -7.54665   0.0011444
          94    -7.53208    -7.54649  0.00114272
          95    -7.54437    -7.54647  0.00113085
          96    -7.54348    -7.54644  0.00111945
          97    -7.55598    -7.54654   0.0011122
          98    -7.55625    -7.54664  0.00110525
          99    -7.57228     -7.5469  0.00112428
         100    -7.52712     -7.5467  0.00113041
