0.000000e+00  0.000000e+00  0.000000e+00
2.306643e-02  0.000000e+00  0.000000e+00
4.613286e-02  0.000000e+00  0.000000e+00
6.919929e-02  0.000000e+00  0.000000e+00
9.226572e-02  0.000000e+00  0.000000e+00
1.153321e-01  0.000000e+00  0.000000e+00
1.383986e-01  0.000000e+00  0.000000e+00
1.614650e-01  0.000000e+00  0.000000e+00
1.845314e-01  0.000000e+00  0.000000e+00
2.075979e-01  0.000000e+00  0.000000e+00
2.306643e-01  0.000000e+00  0.000000e+00
2.537307e-01  0.000000e+00  0.000000e+00
2.767971e-01  0.000000e+00  0.000000e+00
2.998636e-01  0.000000e+00  0.000000e+00
3.229300e-01  0.000000e+00  0.000000e+00
3.459964e-01  0.000000e+00  0.000000e+00
3.690629e-01  0.000000e+00  0.000000e+00
3.921293e-01  0.000000e+00  0.000000e+00
4.151957e-01  0.000000e+00  0.000000e+00
4.382621e-01  0.000000e+00  0.000000e+00
4.613286e-01  0.000000e+00  0.000000e+00
4.843950e-01  0.000000e+00  0.000000e+00
5.074614e-01  0.000000e+00  0.000000e+00
5.305279e-01  0.000000e+00  0.000000e+00
5.535943e-01  0.000000e+00  0.000000e+00
5.766607e-01  0.000000e+00  0.000000e+00
5.997271e-01  0.000000e+00  0.000000e+00
6.227936e-01  0.000000e+00  0.000000e+00
6.458600e-01  0.000000e+00  0.000000e+00
6.689264e-01  0.000000e+00  0.000000e+00
6.919929e-01  0.000000e+00  0.000000e+00
7.150593e-01  0.000000e+00  0.000000e+00
7.381257e-01  0.000000e+00  0.000000e+00
7.611922e-01  0.000000e+00  0.000000e+00
7.842586e-01  0.000000e+00  0.000000e+00
8.073250e-01  0.000000e+00  0.000000e+00
8.303914e-01  0.000000e+00  0.000000e+00
8.534579e-01  0.000000e+00  0.000000e+00
8.765243e-01  8.542298e-05  1.237210e-05
8.995907e-01  3.473477e-03  8.013915e-05
9.226572e-01  4.751012e-02  2.767827e-04
9.457236e-01  2.933884e-01  9.637469e-04
9.687900e-01  1.006272e+00  1.773281e-03
9.918564e-01  2.238119e+00  2.414300e-03
1.014923e+00  3.626722e+00  2.503545e-03
1.037989e+00  4.621677e+00  2.294441e-03
1.061056e+00  4.895057e+00  3.318404e-03
1.084122e+00  4.491629e+00  3.530571e-03
1.107189e+00  3.658695e+00  2.980529e-03
1.130255e+00  2.694685e+00  2.070181e-03
1.153321e+00  1.815413e+00  1.364347e-03
1.176388e+00  1.132043e+00  1.103525e-03
1.199454e+00  6.533891e-01  1.275288e-03
1.222521e+00  3.532265e-01  1.007220e-03
1.245587e+00  1.798181e-01  8.276080e-04
1.268654e+00  8.854203e-02  6.015581e-04
1.291720e+00  4.880320e-02  3.946571e-04
1.314786e+00  4.173174e-02  3.813459e-04
1.337853e+00  6.045178e-02  4.393771e-04
1.360919e+00  1.055765e-01  5.533350e-04
1.383986e+00  1.838468e-01  6.095713e-04
1.407052e+00  3.007211e-01  6.316336e-04
1.430119e+00  4.534578e-01  6.420600e-04
1.453185e+00  6.283401e-01  6.178234e-04
1.476251e+00  7.975429e-01  8.139955e-04
1.499318e+00  9.219381e-01  1.128224e-03
1.522384e+00  9.709096e-01  1.268356e-03
1.545451e+00  9.298862e-01  1.250210e-03
1.568517e+00  8.084628e-01  8.838702e-04
1.591584e+00  6.411867e-01  6.088098e-04
1.614650e+00  4.650975e-01  6.221474e-04
1.637716e+00  3.166144e-01  6.038313e-04
1.660783e+00  2.193733e-01  7.252448e-04
1.683849e+00  1.915234e-01  8.592412e-04
1.706916e+00  2.547188e-01  9.994463e-04
1.729982e+00  4.340084e-01  1.228515e-03
1.753049e+00  7.491386e-01  1.394146e-03
1.776115e+00  1.196623e+00  1.110060e-03
1.799181e+00  1.727192e+00  8.770495e-04
1.822248e+00  2.234573e+00  1.387203e-03
1.845314e+00  2.597796e+00  1.937513e-03
1.868381e+00  2.715400e+00  2.330930e-03
1.891447e+00  2.558983e+00  2.471375e-03
1.914514e+00  2.181922e+00  1.656214e-03
1.937580e+00  1.690253e+00  8.937385e-04
1.960646e+00  1.200419e+00  8.479144e-04
1.983713e+00  8.012675e-01  1.130775e-03
2.006779e+00  5.420341e-01  1.409520e-03
2.029846e+00  4.335355e-01  1.226448e-03
2.052912e+00  4.603464e-01  1.094215e-03
2.075979e+00  5.868618e-01  8.154864e-04
2.099045e+00  7.583191e-01  5.223089e-04
2.122111e+00  9.165320e-01  5.800781e-04
2.145178e+00  1.015115e+00  9.342825e-04
2.168244e+00  1.022964e+00  9.905825e-04
2.191311e+00  9.191912e-01  7.715266e-04
2.214377e+00  7.804968e-01  5.058471e-04
2.237444e+00  6.538679e-01  6.677985e-04
2.260510e+00  5.710589e-01  9.908632e-04
2.283576e+00  5.729162e-01  1.219065e-03
