1 1 8 6 18 17 22 2 32 23 16 3 19 29 27 21 26 15 24 25 13 7 12 14 11 5 28 10 31 20 4 30 9
2 1 21 9 6 8 18 17 22 2 32 23 16 3 19 29 27 26 15 24 25 13 7 12 14 11 5 28 10 31 20 4 30
3 1 21 18 26 15 8 6 17 22 2 32 23 16 3 19 29 27 24 25 13 7 12 14 11 5 28 10 31 20 4 30 9
4 1 21 9 6 24 10 15 18 26 8 17 22 2 32 23 16 3 19 29 27 25 13 7 12 14 11 5 28 31 20 4 30
5 1 21 9 6 24 10 15 18 26 8 17 22 2 32 23 16 3 19 29 27 25 13 7 12 14 11 5 28 31 20 4 30
6 1 21 9 6 24 10 15 18 26 8 17 22 2 32 23 16 3 19 29 27 25 13 7 12 14 11 5 28 31 20 4 30
7 1 21 9 6 24 10 15 18 26 8 17 22 12 11 5 28 3 19 29 27 25 14 13 7 2 32 23 16 31 20 4 30
8 1 21 9 6 24 10 15 18 26 8 17 22 12 11 5 28 3 2 7 23 16 19 29 27 25 13 32 14 31 20 4 30
9 1 21 9 6 24 10 15 18 26 8 17 22 12 11 5 28 3 2 7 23 16 19 29 27 25 13 32 14 31 20 4 30
10 1 21 9 6 24 10 15 18 26 8 17 22 12 11 5 28 3 2 7 23 16 19 29 27 25 13 14 32 31 20 4 30
11 1 32 21 9 6 24 10 15 18 26 8 17 22 12 11 5 28 3 2 7 23 16 19 29 27 25 13 14 31 20 4 30
12 1 15 10 24 6 9 21 32 18 26 8 17 22 12 11 5 28 3 2 7 23 16 19 29 27 25 13 14 31 4 30 20
13 1 21 9 6 24 10 15 18 26 8 17 22 12 11 5 28 3 2 7 32 23 16 19 29 27 25 13 14 31 20 4 30
14 1 21 9 6 24 10 15 18 26 8 17 22 12 11 5 28 3 2 7 23 32 16 19 29 27 25 13 14 31 4 30 20
15 1 21 9 6 24 10 15 18 26 8 17 22 12 11 5 28 3 2 7 32 23 16 19 29 27 25 13 14 31 4 30 20
16 1 12 11 5 28 3 2 7 21 9 6 24 10 15 18 26 8 17 22 23 32 16 19 29 27 25 13 14 31 4 30 20
17 1 12 11 5 28 3 2 21 9 6 24 10 15 18 26 8 17 22 7 23 32 16 19 29 27 25 13 14 31 4 30 20
18 1 12 11 5 28 13 25 27 29 19 16 32 23 7 22 17 8 26 18 15 10 24 6 9 21 2 3 14 31 4 30 20
19 1 12 11 5 28 13 25 27 29 19 16 3 2 21 9 6 24 10 15 18 26 8 17 22 7 23 32 14 31 4 30 20
20 1 12 11 5 28 13 25 27 29 19 16 3 2 21 9 6 24 10 15 18 26 8 17 22 32 7 23 14 31 4 30 20
21 1 12 11 5 28 13 25 27 29 19 16 32 23 7 22 21 9 6 24 10 14 2 3 17 8 26 18 15 31 20 4 30
22 1 12 11 5 28 13 25 27 29 19 16 32 23 7 22 21 9 6 24 10 14 2 3 17 8 26 18 15 31 20 4 30
23 1 12 11 5 28 13 25 27 29 19 16 3 2 32 23 7 22 21 9 6 24 10 14 17 8 26 18 15 31 20 4 30
24 1 12 11 5 28 13 25 27 29 19 16 3 2 32 23 7 22 21 9 6 24 10 14 17 8 26 18 15 31 4 30 20
25 1 12 11 16 19 29 27 25 13 28 5 3 2 32 23 7 22 21 9 6 24 10 14 17 8 26 18 15 31 4 30 20
26 1 12 11 5 6 13 25 27 29 19 16 3 2 32 23 7 22 21 9 28 24 10 14 17 8 26 18 15 31 4 30 20
27 1 12 11 5 6 13 25 27 29 19 16 3 2 32 23 7 22 21 9 28 24 10 14 17 8 26 18 15 31 4 30 20
28 1 12 11 16 5 28 6 13 25 27 29 19 3 2 32 23 7 22 21 9 24 10 14 17 8 26 18 15 31 4 30 20
29 1 12 11 16 5 28 6 13 25 27 29 19 3 2 32 23 7 22 21 9 24 10 14 17 8 26 18 15 31 4 30 20
30 1 15 11 16 5 28 6 13 25 27 29 19 3 2 32 23 7 22 21 9 24 10 14 17 8 26 18 12 31 4 30 20
31 1 15 11 16 5 28 6 13 25 27 29 19 3 2 32 23 7 22 21 9 24 10 14 17 8 26 18 12 31 4 30 20
32 1 15 11 16 5 28 6 13 25 27 29 19 3 2 32 23 7 22 21 9 24 10 14 17 8 26 18 12 31 4 30 20
33 1 15 11 16 5 28 6 13 25 27 29 19 3 2 32 23 7 22 21 9 24 10 14 17 8 26 12 18 31 4 30 20
34 1 15 11 16 5 28 6 13 25 27 29 19 3 2 32 23 7 22 21 9 24 10 14 17 8 26 12 18 31 4 30 20
35 1 15 11 16 5 28 6 13 25 27 29 19 3 14 10 24 9 21 22 7 23 32 2 17 8 26 12 18 31 4 30 20
36 1 15 11 16 5 28 6 13 25 27 29 19 3 14 10 24 9 21 22 7 23 32 2 17 8 26 12 18 31 4 30 20
37 1 15 11 16 5 28 6 13 25 27 29 19 3 14 10 24 9 21 22 7 23 32 2 17 8 26 12 18 31 4 30 20
38 1 15 11 16 5 28 6 13 25 27 29 19 3 14 10 24 9 21 22 7 23 32 2 17 8 26 12 18 31 4 30 20
39 1 8 11 16 5 28 6 13 25 27 29 19 3 14 10 24 9 21 22 7 23 32 2 17 15 26 12 18 31 4 30 20
40 1 8 11 16 5 28 6 13 25 27 29 19 3 14 10 24 9 21 22 7 23 32 2 17 15 26 12 18 31 4 30 20
41 1 15 11 16 5 28 6 13 25 27 29 19 3 2 32 23 7 22 14 17 21 9 24 10 8 26 12 18 31 4 30 20
42 1 8 11 24 10 14 3 19 29 27 25 13 6 28 5 16 9 21 22 7 23 32 2 17 15 26 12 18 31 4 30 20
43 1 15 11 8 16 5 28 6 13 25 27 29 19 3 2 32 23 7 22 14 17 21 9 24 10 26 12 18 31 4 30 20
44 1 15 8 11 16 5 28 6 13 25 27 29 19 3 2 32 23 7 22 14 17 21 9 24 10 26 12 18 31 4 30 20
45 1 15 8 11 16 5 28 6 13 25 27 29 19 3 2 32 23 7 22 14 17 21 9 24 10 26 12 18 31 4 30 20
46 1 15 8 11 16 5 28 6 13 25 27 29 19 3 2 32 23 7 22 14 17 21 9 24 10 26 12 18 31 4 30 20
47 1 15 8 11 16 5 28 6 13 25 27 29 19 3 2 32 23 7 22 21 14 17 9 24 10 26 12 18 31 4 30 20
48 1 15 8 11 16 5 28 6 13 25 27 29 19 3 2 32 23 7 22 21 14 17 9 24 10 26 12 18 31 4 30 20
49 1 15 8 11 16 5 28 6 13 25 27 29 19 3 2 32 23 7 22 21 14 17 9 24 10 26 12 18 31 4 30 20
50 1 15 8 11 28 5 16 6 13 25 27 29 19 3 2 32 23 7 22 21 14 17 9 24 10 26 12 18 31 4 30 20
51 1 15 8 11 28 5 16 6 13 25 27 29 19 3 2 32 23 7 22 21 14 17 9 24 10 26 12 18 31 4 30 20
52 1 15 8 11 28 5 16 6 13 25 27 29 19 3 2 32 23 7 22 21 14 17 9 24 10 26 12 18 31 4 30 20
53 1 15 8 11 28 5 6 16 13 25 27 29 19 3 2 32 23 7 22 21 14 17 9 24 10 26 12 18 31 4 30 20
54 1 15 8 11 28 5 6 16 13 25 27 29 19 3 31 18 12 26 10 24 9 17 14 21 22 7 23 32 2 4 30 20
55 1 15 8 11 28 5 6 16 13 25 27 29 19 3 31 18 12 26 10 24 9 17 14 21 22 2 32 23 7 4 30 20
56 1 15 8 11 28 5 6 16 13 25 27 29 19 3 31 18 12 26 10 24 9 17 14 21 22 2 32 23 7 4 30 20
57 1 15 8 11 28 5 6 16 13 25 27 29 19 3 31 18 12 26 10 24 9 17 14 21 22 2 32 23 7 4 30 20
58 1 15 8 11 28 5 6 16 13 25 27 29 19 3 31 18 12 26 10 24 9 17 14 21 22 2 32 23 7 4 30 20
59 1 15 8 11 28 13 16 6 5 25 27 29 19 3 31 18 12 26 10 24 9 17 14 21 22 2 32 23 7 4 30 20
60 1 15 8 11 28 5 6 16 13 25 27 29 19 17 31 18 12 26 10 24 9 3 14 21 22 2 32 23 7 4 30 20
61 1 15 8 11 28 13 16 6 5 25 27 29 19 17 31 18 12 26 10 24 9 3 14 21 22 2 32 23 7 4 30 20
62 1 15 8 11 28 13 16 6 5 25 27 29 19 17 31 18 12 26 10 24 9 3 14 21 22 2 32 23 7 4 30 20
63 1 15 8 11 28 13 16 6 5 25 27 29 19 17 31 18 12 26 10 24 9 3 14 21 22 2 32 23 7 4 30 20
64 1 15 8 11 28 13 16 6 5 25 27 29 19 17 31 18 12 26 10 24 9 3 14 21 22 2 32 23 7 4 30 20
65 1 15 8 11 28 13 16 6 5 25 27 29 19 17 31 18 12 26 10 24 9 3 14 21 22 2 32 30 23 7 4 20
66 1 15 8 11 28 13 16 6 5 25 27 29 19 17 31 18 12 26 10 24 9 3 14 21 22 2 32 30 23 7 4 20
67 1 15 8 11 28 13 16 6 5 25 27 29 19 17 31 18 12 26 10 24 9 3 14 21 22 2 32 30 23 7 4 20
68 1 15 8 11 28 13 16 6 5 25 27 29 19 17 31 18 12 26 10 24 9 3 14 21 22 2 23 32 30 7 4 20
69 1 15 12 18 31 17 19 29 27 25 5 6 16 13 28 11 8 26 10 24 9 3 14 21 22 2 32 23 7 4 30 20
70 1 15 12 18 31 17 19 29 27 25 5 6 16 13 28 11 8 26 10 24 9 3 14 21 22 2 32 23 30 7 4 20
71 1 15 12 18 31 17 19 29 27 25 5 6 16 13 28 11 8 26 10 24 9 3 14 21 22 2 32 23 30 7 4 20
72 1 15 12 18 31 17 19 29 27 25 5 6 16 13 28 11 8 26 10 24 9 3 14 21 22 2 32 23 30 7 4 20
73 1 15 12 18 31 17 19 29 27 25 5 6 16 13 28 11 8 26 10 24 9 3 14 21 22 2 32 23 30 7 4 20
74 1 15 12 18 31 17 19 29 27 25 5 6 16 13 28 11 8 26 10 24 9 3 14 21 22 2 32 23 30 7 4 20
75 1 15 12 18 31 17 19 29 27 25 5 6 16 13 28 11 8 26 10 24 9 3 14 21 22 2 32 23 7 30 4 20
76 1 15 12 18 31 17 19 29 27 25 5 6 16 13 28 11 8 26 10 24 9 3 14 21 22 2 32 23 7 30 4 20
77 1 15 12 18 31 17 19 29 27 25 5 6 16 13 28 11 8 26 10 24 9 3 14 21 22 2 32 23 7 30 4 20
78 1 15 12 18 31 17 19 29 27 25 5 6 16 13 28 11 8 26 10 24 9 3 14 21 22 2 32 23 7 30 4 20
79 1 15 12 18 31 17 19 29 27 25 5 6 16 13 28 11 8 26 10 24 9 3 14 21 22 2 32 23 7 30 4 20
80 1 15 12 18 31 17 19 29 27 25 5 6 16 13 28 11 8 26 10 24 9 3 14 21 22 2 32 23 7 30 4 20
81 1 15 12 18 31 17 19 29 27 25 5 6 16 13 28 11 8 26 10 24 9 3 14 21 22 2 32 23 7 30 4 20
82 1 15 12 18 31 9 3 17 19 29 27 25 5 6 16 13 28 11 8 26 10 24 14 21 22 2 32 23 7 30 4 20
83 1 15 12 18 31 14 3 9 24 10 26 8 11 28 13 16 6 5 25 27 29 19 17 21 22 2 32 23 7 30 4 20
84 1 15 12 18 31 14 3 9 24 10 26 8 11 28 13 16 6 5 25 27 29 19 17 21 22 2 32 23 7 30 4 20
85 1 15 12 18 31 14 3 9 24 10 26 8 11 28 13 16 6 5 25 27 29 19 17 21 22 2 32 23 7 30 4 20
86 1 15 12 18 31 14 3 9 24 10 26 8 11 28 13 16 6 5 25 27 29 19 17 21 22 2 32 23 7 30 4 20
87 1 15 12 18 31 14 3 9 24 10 26 8 11 28 13 16 6 5 25 27 29 19 17 21 2 22 32 23 7 30 4 20
88 1 15 12 18 31 9 14 3 16 13 28 11 8 26 10 24 6 5 25 27 29 19 17 21 22 2 32 23 7 30 4 20
89 1 15 12 18 31 9 14 3 16 13 28 11 8 26 10 24 6 5 25 27 29 19 17 21 2 22 32 23 7 30 4 20
90 1 15 12 18 31 9 14 3 16 13 28 11 8 26 10 24 6 5 25 27 29 19 17 21 2 22 32 23 7 30 4 20
91 1 15 12 18 31 9 14 3 16 13 28 11 8 26 10 24 6 5 25 27 29 19 17 21 2 22 32 4 7 30 23 20
92 1 15 12 18 31 9 14 3 16 13 28 11 8 26 10 24 6 5 25 27 29 19 17 21 2 22 32 4 7 30 23 20
93 1 15 12 18 31 9 14 3 16 13 28 11 8 26 10 24 6 5 25 27 29 19 17 21 2 22 32 4 7 30 23 20
94 1 15 12 18 31 9 14 3 16 13 28 11 8 26 10 24 6 5 25 27 29 19 17 21 2 22 32 4 7 30 23 20
95 1 15 12 18 31 9 14 3 16 13 28 11 8 26 10 24 6 5 25 27 29 19 17 21 2 22 32 4 7 30 23 20
96 1 15 12 18 31 9 14 3 16 13 28 11 8 26 10 24 6 5 25 27 29 19 17 21 2 22 32 4 30 7 23 20
97 1 15 12 18 31 9 14 3 16 13 28 11 8 26 10 24 6 5 25 27 29 19 17 21 2 22 32 4 30 7 23 20
98 1 15 12 18 31 9 14 3 16 13 28 11 8 26 10 24 6 5 25 27 29 19 17 21 2 22 32 4 30 7 23 20
99 1 15 12 18 31 9 14 3 16 13 28 11 8 26 10 24 6 5 25 27 29 19 17 21 2 22 32 4 30 7 23 20
100 1 15 12 18 31 9 14 3 16 13 28 11 8 26 10 24 6 5 25 27 29 19 17 21 2 22 32 4 30 7 23 20
101 1 15 12 18 31 9 14 3 16 13 28 11 8 26 10 24 6 5 25 27 29 19 17 21 2 22 32 4 30 7 23 20
102 1 15 12 18 31 9 14 3 16 13 28 11 8 26 10 24 6 5 25 27 29 19 17 21 2 22 32 4 30 7 23 20
103 1 15 12 18 31 9 14 3 16 13 28 11 8 26 10 24 6 5 25 27 29 19 17 21 2 22 32 4 30 7 23 20
104 1 15 12 31 18 9 14 3 16 13 28 11 8 26 10 24 6 5 25 27 29 19 17 21 2 22 32 4 30 7 23 20
105 1 15 12 31 18 9 14 3 16 13 28 11 10 26 8 24 6 5 25 27 29 19 17 21 2 22 32 4 30 7 23 20
106 1 15 12 31 18 9 14 3 16 13 28 11 10 26 8 24 6 5 25 27 29 19 17 21 2 22 32 4 30 7 23 20
107 1 15 12 31 18 9 14 3 16 13 28 11 10 26 8 24 6 5 25 27 29 19 17 21 2 22 32 4 30 7 23 20
108 1 15 12 31 18 9 14 3 16 13 28 11 10 26 8 24 6 5 25 27 29 19 17 21 2 22 32 4 30 7 23 20
109 1 15 12 31 18 9 14 3 16 13 28 11 10 26 8 24 6 5 25 27 29 19 17 21 2 22 32 4 30 7 23 20
110 1 18 31 12 15 9 14 3 16 13 28 11 10 26 8 24 6 5 25 27 29 19 17 21 2 22 32 4 30 7 23 20
111 1 18 31 12 15 9 14 3 16 13 28 11 10 26 8 24 6 5 25 27 29 19 17 21 2 22 32 4 30 7 23 20
112 1 18 31 12 15 9 14 3 16 13 28 11 10 26 8 24 6 5 25 27 29 19 17 21 2 22 32 4 30 7 23 20
113 1 18 31 12 15 9 14 3 16 13 28 11 10 26 8 24 6 5 25 27 29 19 17 21 2 22 32 4 30 7 23 20
114 1 18 31 12 15 9 14 3 16 13 28 11 10 26 8 24 6 5 25 27 29 19 17 21 2 22 32 4 30 7 23 20
115 1 18 31 12 15 9 14 3 16 13 28 11 10 26 8 24 6 5 25 27 29 19 17 21 2 22 32 4 30 7 23 20
116 1 18 31 12 15 9 14 3 16 13 28 11 10 26 8 24 6 5 25 27 29 19 17 21 2 22 32 4 30 7 23 20
117 1 18 31 12 15 9 14 3 16 13 28 11 10 26 8 24 6 5 25 27 29 19 17 21 2 22 32 4 30 7 23 20
118 1 18 31 12 15 9 14 3 16 13 28 11 10 26 8 24 6 5 25 27 29 19 17 21 2 22 32 4 30 7 23 20
119 1 18 31 12 15 9 14 3 16 13 28 11 10 26 8 24 6 5 25 27 29 19 17 21 2 22 32 4 30 7 23 20
120 1 18 31 12 15 9 14 3 16 13 28 11 10 26 8 24 6 5 25 27 29 19 17 21 2 22 32 4 30 7 23 20
121 1 18 31 12 15 9 14 3 16 13 28 11 10 26 8 24 6 5 25 27 29 19 17 21 2 22 32 4 30 7 23 20
122 1 18 31 12 15 9 14 3 16 13 28 11 10 26 8 24 6 5 25 27 29 19 17 21 2 22 32 4 30 7 23 20
123 1 18 31 12 15 9 14 3 16 13 28 11 10 26 8 24 6 5 25 27 29 19 17 21 2 22 32 4 30 7 23 20
124 1 18 31 12 15 9 14 3 16 6 28 11 10 26 8 24 13 5 25 27 29 19 17 21 2 22 32 4 30 7 23 20
125 1 18 31 12 15 9 14 3 16 6 28 11 10 26 8 24 13 5 25 27 29 19 17 21 2 22 32 4 30 7 23 20
126 1 18 31 12 15 9 14 3 16 6 28 11 10 26 8 24 13 5 25 27 29 19 17 21 2 22 32 4 30 7 23 20
127 1 18 31 12 15 9 24 8 26 10 11 28 6 16 3 14 13 5 25 27 29 19 17 21 2 22 32 4 30 7 23 20
128 1 18 31 12 15 9 24 8 26 10 11 28 6 16 3 14 13 5 25 27 29 19 17 21 2 22 32 4 30 7 23 20
129 1 18 31 12 15 9 24 8 26 10 11 28 6 16 3 14 13 5 25 27 29 19 17 21 2 22 32 4 30 7 23 20
130 1 18 31 12 15 9 24 8 26 10 11 28 6 16 3 14 13 5 25 27 29 19 17 21 2 22 32 4 30 7 23 20
131 1 18 31 12 15 9 24 8 26 10 11 28 6 16 3 14 13 25 5 27 29 19 17 21 2 22 32 4 30 7 23 20
132 1 18 31 12 15 9 24 8 26 10 11 28 6 16 3 14 13 25 5 27 29 19 17 21 2 22 32 4 30 7 23 20
133 1 18 31 12 15 9 24 8 26 10 11 28 6 16 3 14 13 25 5 27 29 19 17 21 2 22 32 4 30 7 23 20
134 1 18 31 12 15 9 24 8 26 10 11 28 6 16 3 14 13 25 5 27 29 19 17 21 2 22 32 4 30 7 23 20
135 1 18 31 12 15 9 24 8 26 10 11 28 6 16 3 14 13 25 5 27 29 19 17 21 2 22 32 4 30 7 23 20
136 1 18 31 12 15 9 24 8 26 10 11 28 6 16 3 14 13 25 5 27 29 19 17 21 2 22 32 4 30 7 23 20
137 1 18 31 12 15 9 24 8 26 10 11 28 6 16 3 14 13 25 5 27 29 19 17 21 2 22 32 4 30 7 23 20
138 1 18 31 12 15 9 24 8 26 10 11 28 6 16 3 14 13 25 5 27 29 19 17 21 2 22 32 4 30 7 23 20
139 1 18 31 12 15 9 24 8 26 10 11 28 6 16 3 14 13 25 5 27 29 19 17 21 2 22 32 4 30 7 23 20
140 1 18 31 12 15 9 24 8 26 10 11 28 6 16 3 14 13 25 5 27 29 19 17 21 2 22 32 4 30 7 23 20
141 1 18 31 12 15 9 24 8 26 10 11 28 6 16 3 14 13 25 5 27 29 19 17 21 2 22 32 4 30 7 23 20
142 1 18 31 12 15 9 24 8 26 10 11 28 6 16 3 14 13 25 5 27 29 19 17 21 2 22 32 4 30 7 23 20
143 1 18 31 12 15 9 24 8 26 10 11 28 6 16 3 14 13 25 5 27 29 19 17 21 2 22 32 4 30 7 23 20
144 1 18 31 12 15 9 24 8 26 10 11 28 6 16 14 3 13 25 5 27 29 19 17 21 2 22 32 4 30 7 23 20
145 1 18 31 12 15 9 24 8 26 10 11 28 6 16 14 3 13 25 5 27 29 19 17 21 2 22 32 4 30 7 23 20
146 1 18 31 12 15 9 24 8 26 10 11 28 6 16 14 3 13 25 5 27 29 19 17 21 2 22 32 4 30 7 23 20
147 1 18 31 12 15 9 24 8 26 10 11 28 6 16 14 3 13 25 5 27 29 19 17 21 2 22 32 4 30 7 23 20
148 1 18 31 12 15 9 24 8 26 10 11 28 6 16 14 3 13 25 5 27 29 19 17 21 2 22 32 4 30 7 23 20
149 1 18 31 12 15 9 24 8 26 10 11 28 6 16 14 3 13 25 5 27 29 19 17 21 2 22 32 4 30 7 23 20
150 1 18 31 12 15 9 24 8 26 10 11 28 6 16 14 3 13 25 5 27 29 19 17 21 2 22 32 4 30 7 23 20
151 1 18 31 12 15 9 24 8 26 10 11 28 6 16 14 3 13 25 5 27 29 19 17 21 2 22 32 4 30 7 23 20
152 1 18 31 12 15 9 24 8 26 10 11 28 6 16 14 3 13 25 5 27 29 19 17 21 2 22 32 4 30 7 23 20
153 1 18 31 12 15 9 24 8 26 10 11 28 6 16 14 3 13 25 5 27 29 19 17 21 2 22 32 4 30 7 23 20
154 1 18 31 12 15 9 24 8 26 10 11 28 6 16 14 3 13 25 5 27 29 19 17 21 2 22 32 4 30 7 23 20
155 1 18 31 12 15 9 24 8 26 10 11 28 6 16 14 3 13 25 5 27 29 19 17 21 2 22 32 4 30 7 23 20
156 1 18 31 12 15 9 24 8 26 10 11 28 6 16 14 3 13 25 5 27 29 19 17 21 2 22 32 4 30 7 23 20
157 1 18 31 12 15 9 24 8 26 10 11 28 6 16 14 3 13 25 5 27 29 19 17 21 2 22 32 4 30 7 23 20
158 1 18 31 12 15 9 24 8 26 10 11 28 6 16 14 3 13 25 5 27 29 19 17 21 2 22 32 4 30 7 23 20
159 1 18 31 12 15 9 24 8 26 10 11 28 6 16 14 3 13 25 5 27 29 19 17 21 2 22 32 4 30 7 23 20
160 1 18 31 12 15 9 24 8 26 10 11 28 6 16 14 3 13 25 5 27 29 19 17 21 2 22 32 4 30 7 23 20
161 1 18 31 12 15 9 24 8 26 10 11 28 6 16 14 3 13 25 5 27 29 19 17 21 2 22 32 4 30 7 23 20
162 1 18 31 12 15 9 24 8 26 10 11 28 6 16 14 3 13 25 5 27 29 19 17 21 2 22 32 4 30 7 23 20
163 1 18 31 12 15 9 24 8 26 10 11 28 6 16 14 3 13 25 5 27 29 19 17 21 2 22 32 4 30 7 23 20
164 1 18 31 12 15 9 24 8 26 10 11 28 6 16 14 3 13 25 5 27 29 19 17 21 2 22 32 4 30 7 23 20
165 1 18 31 12 15 9 24 8 26 10 11 28 6 16 14 3 13 25 5 27 29 19 17 21 2 22 32 4 30 7 23 20
166 1 18 31 12 15 9 24 8 26 10 11 28 6 16 14 3 13 25 5 27 29 19 17 21 2 22 32 4 30 7 23 20
167 1 18 31 12 15 9 24 8 26 10 11 28 6 16 14 3 13 25 5 27 29 19 17 21 2 22 32 4 30 7 23 20
168 1 18 31 12 15 9 24 8 26 10 11 28 6 16 14 3 13 25 5 27 29 19 17 21 2 22 32 4 30 7 23 20
169 1 18 31 12 15 9 24 8 26 10 11 28 6 16 14 3 13 25 5 27 29 19 17 21 2 22 32 4 30 7 23 20
170 1 18 31 12 15 9 24 8 26 10 11 28 6 16 14 3 13 25 5 27 29 19 17 21 2 22 32 4 30 7 23 20
171 1 18 31 12 15 9 24 8 26 10 11 28 6 16 14 3 13 25 5 27 29 19 17 21 2 22 32 4 30 7 23 20
172 1 18 31 12 15 9 24 8 26 10 11 28 6 16 14 3 13 25 5 27 29 19 17 21 2 22 32 4 30 7 23 20
173 1 18 31 12 15 9 24 8 26 10 11 28 6 16 14 3 13 25 5 27 29 19 17 21 2 22 32 4 30 7 23 20
174 1 18 31 12 15 9 24 8 26 10 11 28 6 16 14 3 13 25 5 27 29 19 17 21 2 22 32 4 30 7 23 20
175 1 18 31 12 15 9 24 8 26 10 11 28 6 16 14 3 13 25 5 27 29 19 17 21 2 22 32 4 30 7 23 20
176 1 18 31 12 15 9 24 8 26 10 11 28 6 16 14 3 13 25 5 27 29 19 17 21 2 22 32 4 30 7 23 20
177 1 18 31 12 15 9 24 8 26 10 11 28 6 16 14 3 13 25 5 27 29 19 17 21 2 22 32 4 30 7 23 20
178 1 18 31 12 15 9 8 24 26 10 11 28 6 16 14 3 13 25 5 27 29 19 17 21 2 22 32 4 30 7 23 20
179 1 18 31 12 15 9 8 24 26 10 11 28 6 16 14 3 13 25 5 27 29 19 17 21 2 22 32 4 30 7 23 20
180 1 18 31 12 15 9 8 24 26 10 11 28 6 16 14 3 13 25 5 27 29 19 17 21 2 22 32 4 30 7 23 20
181 1 18 31 12 15 9 24 8 26 10 11 28 6 16 14 3 13 25 5 27 29 19 17 21 2 22 32 7 30 4 23 20
182 1 18 31 12 15 9 8 24 26 10 11 28 6 16 14 3 13 25 5 27 29 19 17 21 2 22 32 7 30 4 23 20
183 1 18 31 12 15 9 8 24 26 10 11 28 6 16 14 3 13 25 5 27 29 19 17 21 2 22 32 7 30 4 23 20
184 1 18 31 12 15 9 8 24 26 10 11 28 6 16 14 3 13 25 5 27 29 19 17 21 2 22 32 7 30 4 23 20
185 1 18 31 12 15 9 8 24 26 10 11 28 6 16 14 3 13 25 5 27 29 19 17 21 2 22 32 7 30 4 23 20
186 1 18 31 12 15 9 8 24 26 10 11 28 6 16 14 3 13 25 5 27 29 19 17 21 2 22 32 7 30 4 23 20
187 1 18 31 12 15 9 8 24 26 10 11 28 6 16 14 3 13 25 5 27 29 19 17 21 2 22 32 7 30 4 23 20
188 1 18 31 12 15 9 8 24 26 10 11 28 6 16 14 3 13 25 5 27 29 19 17 21 2 22 32 7 30 4 23 20
189 1 18 31 12 15 9 8 24 26 10 11 28 6 16 14 3 13 25 5 27 29 19 17 21 2 22 32 7 30 4 23 20
190 1 18 31 12 15 9 8 24 26 10 11 28 6 16 14 3 13 25 5 27 29 19 17 21 2 22 32 7 30 4 23 20
191 1 18 31 12 15 9 8 24 26 10 11 28 6 16 14 3 13 25 5 27 29 19 17 21 2 22 32 7 30 4 23 20
192 1 18 31 12 15 9 8 24 26 10 11 28 6 16 14 3 13 25 5 27 29 19 17 21 2 22 32 7 30 4 23 20
193 1 18 31 12 15 9 8 24 26 10 11 28 6 16 14 3 13 25 5 27 29 19 17 21 2 22 32 7 30 4 23 20
194 1 18 31 12 15 9 8 24 26 10 11 28 6 16 14 3 13 25 5 27 29 19 17 21 2 22 32 7 30 4 23 20
195 1 18 31 12 15 9 8 24 26 10 11 28 6 16 14 3 13 25 5 27 29 19 17 21 2 22 32 7 30 4 23 20
196 1 18 31 12 15 9 8 24 26 10 11 28 6 16 14 3 13 25 5 27 29 19 17 21 2 22 32 7 30 4 23 20
197 1 18 31 12 15 9 8 24 26 10 11 28 6 16 14 3 13 25 5 27 29 19 17 21 2 22 32 7 30 4 23 20
198 1 18 31 12 15 9 8 24 26 10 11 28 6 16 14 3 13 25 5 27 29 19 17 21 2 22 32 7 30 4 23 20
199 1 18 31 12 15 9 8 24 26 10 11 28 6 16 14 3 13 25 5 27 29 19 17 21 2 22 32 7 30 4 23 20
200 1 18 31 12 15 9 8 24 26 10 11 28 6 16 14 3 13 25 5 27 29 19 17 21 2 22 32 7 30 4 23 20
201 1 18 31 12 15 9 8 24 26 10 11 28 6 16 14 3 13 25 5 27 29 19 17 21 2 22 32 7 30 4 23 20
202 1 18 31 12 15 9 8 24 26 10 11 28 6 16 14 3 13 25 5 27 29 19 17 21 2 22 32 7 30 4 23 20
203 1 18 31 12 15 9 8 24 26 10 11 28 6 16 14 3 13 25 5 27 29 19 17 21 2 22 32 7 30 4 23 20
204 1 18 31 12 15 9 8 24 26 10 11 28 6 16 14 3 13 25 5 27 29 19 17 21 2 22 32 30 7 4 23 20
205 1 18 31 12 15 9 8 24 26 10 11 28 6 16 14 3 13 25 5 27 29 19 17 21 2 22 32 30 7 4 23 20
206 1 18 31 12 15 9 8 24 26 10 11 28 6 16 14 3 13 25 5 27 29 19 17 21 2 22 32 30 7 4 23 20
207 1 18 31 12 15 9 8 24 26 10 11 28 6 16 14 3 13 25 5 27 29 19 17 21 2 22 32 30 7 4 23 20
208 1 18 31 12 15 9 8 24 26 10 11 28 6 16 14 3 13 25 5 27 29 19 17 21 2 22 32 30 7 4 23 20
209 1 18 31 12 15 9 8 24 26 10 11 28 6 16 14 3 13 25 5 27 29 19 17 21 2 22 32 30 7 4 23 20
210 1 18 31 12 15 9 8 24 26 10 11 28 6 16 14 3 13 25 5 27 29 19 17 21 2 22 32 30 7 4 23 20
211 1 18 31 12 15 9 8 24 26 10 11 28 6 16 14 3 13 25 5 27 29 19 17 21 2 22 32 30 7 4 23 20
212 1 18 31 12 15 26 9 8 24 10 11 28 6 16 14 3 13 25 5 27 29 19 17 21 2 22 32 30 7 4 23 20
213 1 18 31 12 15 26 9 8 24 10 11 28 6 16 14 3 13 25 5 27 29 19 17 21 2 22 32 30 7 4 23 20
214 1 18 31 12 15 26 9 8 24 10 11 28 6 16 14 3 13 25 5 27 29 19 17 21 2 22 32 30 7 4 23 20
215 1 18 31 12 15 26 9 8 24 10 11 28 6 16 14 3 13 25 5 27 29 19 17 21 2 22 32 30 7 4 23 20
216 1 18 31 12 15 26 9 8 24 10 11 28 6 16 14 3 13 25 5 27 29 19 17 21 2 22 32 30 7 4 23 20
217 1 18 31 12 15 26 8 9 24 10 11 28 6 16 14 3 13 25 5 27 29 19 17 21 2 22 32 30 7 4 23 20
218 1 18 31 12 15 26 8 9 24 10 11 28 6 16 14 3 13 25 5 27 29 19 17 21 2 22 32 30 7 4 23 20
219 1 18 31 12 15 26 8 9 24 10 11 28 6 16 14 3 13 25 5 27 29 19 17 21 2 22 32 30 7 4 23 20
220 1 18 31 12 15 26 8 9 24 10 11 28 6 16 14 3 13 25 5 27 29 19 17 21 2 22 32 30 7 4 23 20
221 1 18 31 12 15 26 8 9 24 10 11 28 6 16 14 3 13 25 5 27 29 19 17 21 2 22 32 30 7 4 23 20
222 1 18 31 12 15 26 8 9 24 10 11 28 6 16 14 3 13 25 5 27 29 19 17 21 2 22 32 30 7 4 23 20
223 1 18 31 12 15 26 8 9 24 10 11 28 6 16 14 3 13 25 5 27 29 19 17 21 2 22 32 30 7 4 23 20
224 1 18 31 12 15 26 8 9 24 10 11 28 6 16 14 3 13 25 5 27 29 19 17 21 2 22 32 30 7 4 23 20
225 1 18 31 12 15 26 8 9 24 10 11 28 6 16 14 3 13 25 5 27 29 19 17 21 2 22 32 30 7 4 23 20
226 1 18 31 12 15 26 8 9 24 10 11 28 6 16 14 3 13 25 5 27 29 19 17 21 2 22 32 30 7 4 23 20
227 1 18 31 12 15 26 8 9 24 10 11 28 6 16 14 3 13 25 5 27 29 19 17 21 2 22 32 30 7 4 23 20
228 1 18 31 12 15 26 8 9 24 10 11 28 6 16 14 3 13 25 5 27 29 19 17 21 2 22 32 30 7 4 23 20
229 1 18 31 12 15 26 8 9 24 10 11 28 6 16 14 3 13 25 5 27 29 19 17 21 2 22 32 30 7 4 23 20
230 1 18 31 12 15 26 8 9 24 10 11 28 6 16 14 3 13 25 5 27 29 19 17 21 2 22 32 30 7 4 23 20
231 1 18 31 12 15 26 8 9 24 10 11 28 6 16 14 3 13 25 5 27 29 19 17 21 2 22 32 30 7 4 23 20
232 1 18 31 12 15 26 8 9 24 10 11 28 6 16 14 3 13 25 5 27 29 19 17 21 2 22 32 30 7 4 23 20
233 1 18 31 12 15 26 8 9 24 10 11 28 6 16 14 3 13 25 5 27 29 19 17 21 2 22 32 30 7 4 23 20
234 1 18 31 12 15 26 8 9 24 10 11 28 6 16 14 3 13 25 5 27 29 19 17 21 2 22 32 30 7 4 23 20
235 1 18 31 12 15 26 8 9 24 10 11 28 6 16 14 3 13 25 5 27 29 19 17 21 2 22 32 30 7 4 23 20
236 1 18 31 12 15 26 8 9 24 10 11 28 6 16 14 3 13 25 5 27 29 19 17 21 2 22 32 30 7 4 23 20
237 1 18 31 12 15 26 8 9 24 10 11 28 6 16 14 3 13 25 5 27 29 19 17 21 2 22 32 30 7 4 23 20
238 1 18 31 12 15 26 8 9 24 10 11 28 6 16 14 3 13 25 5 27 29 19 17 21 2 22 32 30 7 4 23 20
239 1 18 31 12 15 26 8 9 24 10 11 28 6 16 14 3 13 25 5 27 29 19 17 21 2 22 32 30 7 4 23 20
240 1 18 31 12 15 26 8 9 24 10 11 28 6 16 14 3 13 25 5 27 29 19 17 21 2 22 32 30 7 4 23 20
241 1 18 31 12 15 26 8 9 24 10 11 28 6 16 14 3 13 25 5 27 29 19 17 21 2 22 32 30 7 4 23 20
242 1 18 31 12 15 26 8 9 24 10 11 28 6 16 14 3 13 25 5 27 29 19 17 21 2 22 32 30 7 4 23 20
243 1 18 31 12 15 26 8 9 24 10 11 28 6 16 14 3 13 25 5 27 29 19 17 21 2 22 32 30 7 4 23 20
244 1 18 31 12 15 26 8 9 24 10 11 28 6 16 14 3 13 25 5 27 29 19 17 21 2 22 32 30 7 4 23 20
245 1 18 31 12 15 26 8 9 24 10 11 28 6 16 14 3 13 25 5 27 29 19 17 21 2 22 32 30 7 4 23 20
246 1 18 31 12 15 26 8 9 24 10 11 28 6 16 14 3 13 25 5 27 29 19 17 21 2 22 32 30 7 4 23 20
247 1 18 31 12 15 26 8 9 24 10 11 28 6 16 14 3 13 25 5 27 29 19 17 21 2 22 32 30 7 4 23 20
248 1 18 31 12 15 26 8 9 24 10 11 28 6 16 14 3 13 25 5 27 29 19 17 21 2 22 32 30 7 4 23 20
249 1 18 31 12 15 26 8 9 24 10 11 28 6 16 14 3 13 25 5 27 29 19 17 21 2 22 32 30 7 4 23 20
250 1 18 31 12 15 26 8 9 24 10 11 28 6 16 14 3 13 25 5 27 29 19 17 21 2 22 32 30 7 4 23 20
251 1 18 31 12 15 26 8 9 24 10 11 28 6 16 14 3 13 25 5 27 29 19 17 21 2 22 32 30 7 4 23 20
252 1 18 31 12 15 26 8 9 24 10 11 28 6 16 14 3 13 25 5 27 29 19 17 21 2 22 32 30 7 4 23 20
253 1 18 31 12 15 26 8 9 24 10 11 28 6 16 14 3 13 25 5 27 29 19 17 21 2 22 32 30 7 4 23 20
254 1 18 31 12 15 26 8 9 24 10 11 28 6 16 14 3 13 25 5 27 29 19 17 21 2 22 32 30 7 4 23 20
255 1 18 31 12 15 26 8 9 24 10 11 28 6 16 14 3 13 25 5 27 29 19 17 21 2 22 32 30 7 4 23 20
256 1 18 31 12 15 26 8 9 24 10 11 28 6 16 14 3 13 25 5 27 29 19 17 21 2 22 32 30 7 4 23 20
257 1 18 31 12 15 26 8 9 24 10 11 28 6 16 14 3 13 25 5 27 29 19 17 21 2 22 32 30 7 4 23 20
258 1 18 31 12 15 26 8 9 24 10 11 28 6 16 14 3 13 25 5 27 29 19 17 21 2 22 32 30 7 4 23 20
259 1 18 31 12 15 26 8 9 24 10 11 28 6 16 14 3 13 25 5 27 29 19 17 21 2 22 32 30 7 4 23 20
260 1 18 31 12 15 26 8 9 24 10 11 28 6 16 14 3 13 25 5 27 29 19 17 21 2 22 32 30 7 4 23 20
261 1 18 31 12 15 26 8 9 24 10 11 28 6 16 14 3 13 25 5 27 29 19 17 21 2 22 32 30 7 4 23 20
262 1 18 31 12 15 26 8 9 24 10 11 28 6 16 14 3 13 25 5 27 29 19 17 21 2 22 32 30 7 4 23 20
263 1 18 31 12 15 26 8 9 24 10 11 28 6 16 14 3 13 25 5 27 29 19 17 21 2 22 32 30 7 4 23 20
264 1 18 31 12 15 26 8 9 24 10 11 28 6 16 14 3 13 25 5 27 29 19 17 21 2 22 32 30 7 4 23 20
265 1 18 31 12 15 26 8 9 24 10 11 28 6 16 14 3 13 25 5 27 29 19 17 21 2 22 32 30 7 4 23 20
266 1 18 31 12 15 26 8 9 24 10 11 28 6 16 14 3 13 25 5 27 29 19 17 21 2 22 32 30 7 4 23 20
267 1 18 31 12 15 26 8 9 24 10 11 28 6 16 14 3 13 25 5 27 29 19 17 21 2 22 32 30 7 4 23 20
268 1 18 31 12 15 26 8 9 24 10 11 28 6 16 14 3 13 25 5 27 29 19 17 21 2 22 32 30 7 4 23 20
269 1 18 31 12 15 26 8 9 24 10 11 28 6 16 14 3 13 25 5 27 29 19 17 21 2 22 32 30 7 4 23 20
270 1 18 31 12 15 26 8 9 24 10 11 28 6 16 14 3 13 25 5 27 29 19 17 21 2 22 32 30 7 4 23 20
271 1 18 31 12 15 26 8 9 24 10 11 28 6 16 14 3 13 25 5 27 29 19 17 21 2 22 32 30 7 4 23 20
272 1 18 31 12 15 26 8 9 24 10 11 28 6 16 14 3 13 25 5 27 29 19 17 21 2 22 32 30 7 4 23 20
273 1 18 31 12 15 26 8 9 24 10 11 28 6 16 14 3 13 25 5 27 29 19 17 21 2 22 32 30 7 4 23 20
274 1 18 31 12 15 26 8 9 24 10 11 28 6 16 14 3 13 25 5 27 29 19 17 21 2 22 32 30 7 4 23 20
275 1 18 31 12 15 26 8 9 24 10 11 28 6 16 14 3 13 25 5 27 29 19 17 21 2 22 32 30 7 4 23 20
276 1 18 31 12 15 26 8 9 24 10 11 28 6 16 14 3 13 25 5 27 29 19 17 21 2 22 32 30 7 4 23 20
277 1 18 31 12 15 26 8 9 24 10 11 28 6 16 14 3 13 25 5 27 29 19 17 21 2 22 32 30 7 4 23 20
278 1 18 31 12 15 26 8 9 24 10 11 28 6 16 14 3 13 25 5 27 29 19 17 21 2 22 32 30 7 4 23 20
279 1 18 31 12 15 26 8 9 24 10 11 28 6 16 14 3 13 25 5 27 29 19 17 21 2 22 32 30 7 4 23 20
280 1 18 31 12 15 26 8 9 24 10 11 28 6 16 14 3 13 25 5 27 29 19 17 21 2 22 32 30 7 4 23 20
281 1 18 31 12 15 26 8 9 24 10 11 28 6 16 14 3 13 25 5 27 29 19 17 21 2 22 32 30 7 4 23 20
282 1 18 31 12 15 26 8 9 24 10 11 28 6 16 14 3 13 25 5 27 29 19 17 21 2 22 32 30 7 4 23 20
283 1 18 31 12 15 26 8 9 24 10 11 28 6 16 14 3 13 25 5 27 29 19 17 21 2 22 32 30 7 4 23 20
284 1 18 31 12 15 26 8 9 24 10 11 28 6 16 14 3 13 25 5 27 29 19 17 21 2 22 32 30 7 4 23 20
285 1 18 31 12 15 26 8 9 24 10 11 28 6 16 14 3 13 25 5 27 29 19 17 21 2 22 32 30 7 4 23 20
286 1 18 31 12 15 26 8 9 24 10 11 28 6 16 14 3 13 25 5 27 29 19 17 21 2 22 32 30 7 4 23 20
287 1 18 31 12 15 26 8 9 24 10 11 28 6 16 14 3 13 25 5 27 29 19 17 21 2 22 32 30 7 4 23 20
288 1 18 31 12 15 26 8 9 24 10 11 28 6 16 14 3 13 25 5 27 29 19 17 21 2 22 32 30 7 4 23 20
289 1 18 31 12 15 26 8 9 24 10 11 28 6 16 14 3 13 25 5 27 29 19 17 21 2 22 32 30 7 4 23 20
290 1 18 31 12 15 26 8 9 24 10 11 28 6 16 14 3 13 25 5 27 29 19 17 21 2 22 32 30 7 4 23 20
291 1 18 31 12 15 26 8 9 24 10 11 28 6 16 14 3 13 25 5 27 29 19 17 21 2 22 32 30 7 4 23 20
292 1 18 31 12 15 26 8 9 24 10 11 28 6 16 14 3 13 25 5 27 29 19 17 21 2 22 32 30 7 4 23 20
293 1 18 31 12 15 26 8 9 24 10 11 28 6 16 14 3 13 25 5 27 29 19 17 21 2 22 32 30 7 4 23 20
294 1 18 31 12 15 26 8 9 24 10 11 28 6 16 14 3 13 25 5 27 29 19 17 21 2 22 32 30 7 4 23 20
295 1 18 31 12 15 26 8 9 24 10 11 28 6 16 14 3 13 25 5 27 29 19 17 21 2 22 32 30 7 4 23 20
296 1 18 31 12 15 26 8 9 24 10 11 28 6 16 14 3 13 25 5 27 29 19 17 21 2 22 32 30 7 4 23 20
297 1 18 31 12 15 26 8 9 24 10 11 28 6 16 14 3 13 25 5 27 29 19 17 21 2 22 32 30 7 4 23 20
298 1 18 31 12 15 26 8 9 24 10 11 28 6 16 14 3 13 25 5 27 29 19 17 21 2 22 32 30 7 4 23 20
299 1 18 31 12 15 26 8 9 24 10 11 28 6 16 14 3 13 25 5 27 29 19 17 21 2 22 32 30 7 4 23 20
300 1 18 31 12 15 26 8 9 24 10 11 28 6 16 14 3 13 25 5 27 29 19 17 21 2 22 32 30 7 4 23 20
301 1 18 31 12 15 26 8 9 24 10 11 28 6 16 14 3 13 25 5 27 29 19 17 21 2 22 32 30 7 4 23 20
302 1 18 31 12 15 26 8 9 24 10 11 28 6 16 14 3 13 25 5 27 29 19 17 21 2 22 32 30 7 4 23 20
303 1 18 31 12 15 26 8 9 24 10 11 28 6 16 14 3 13 25 5 27 29 19 17 21 2 22 32 30 7 4 23 20
304 1 18 31 12 15 26 8 9 24 10 11 28 6 16 14 3 13 25 5 27 29 19 17 21 2 22 32 30 7 4 23 20
305 1 18 31 12 15 26 8 9 24 10 11 28 6 16 14 3 13 25 5 27 29 19 17 21 2 22 32 30 7 4 23 20
306 1 18 31 12 15 26 8 9 24 10 11 28 6 16 14 3 13 25 5 27 29 19 17 21 2 22 32 30 7 4 23 20
307 1 18 31 12 15 26 8 9 24 10 11 28 6 16 14 3 13 25 5 27 29 19 17 21 2 22 32 30 7 4 23 20
308 1 18 31 12 15 26 10 8 9 24 11 28 6 16 14 3 13 25 5 27 29 19 17 21 2 22 32 30 7 4 23 20
309 1 18 31 12 15 26 10 8 9 24 11 28 6 16 14 3 13 25 5 27 29 19 17 21 2 22 32 30 7 4 23 20
310 1 18 31 12 15 26 10 8 9 24 11 28 6 16 14 3 13 25 5 27 29 19 17 21 2 22 32 30 7 4 23 20
311 1 18 31 12 15 26 10 8 9 24 11 28 6 16 14 3 13 25 5 27 29 19 17 21 2 22 32 30 7 4 23 20
312 1 18 31 12 15 26 10 8 9 24 11 28 6 16 14 3 13 25 5 27 29 19 17 21 2 22 32 30 7 4 23 20
313 1 18 31 12 15 26 10 8 9 24 11 28 6 16 14 3 13 25 5 27 29 19 17 21 2 22 32 30 7 4 23 20
314 1 18 31 12 15 26 10 8 9 24 11 28 6 16 14 3 13 25 5 27 29 19 17 21 2 22 32 30 7 4 23 20
315 1 18 31 12 15 26 10 8 9 24 11 28 6 16 14 3 13 25 5 27 29 19 17 21 2 22 32 30 7 4 23 20
316 1 18 31 12 15 26 10 8 9 24 11 28 6 16 14 3 13 25 5 27 29 19 17 21 2 22 32 30 7 4 23 20
317 1 18 31 12 15 26 10 8 9 24 11 28 6 16 14 3 13 25 5 27 29 19 17 21 2 22 32 30 7 4 23 20
318 1 18 31 12 15 26 10 8 9 24 11 28 6 16 14 3 13 25 5 27 29 19 17 21 2 22 32 30 7 4 23 20
319 1 18 31 12 15 26 10 8 9 24 11 28 6 16 14 3 13 25 5 27 29 19 17 21 2 22 32 30 7 4 23 20
320 1 18 31 12 15 26 10 8 9 24 11 28 6 16 14 3 13 25 5 27 29 19 17 21 2 22 32 30 7 4 23 20
321 1 18 31 12 15 26 10 8 9 24 11 28 6 16 14 3 13 25 5 27 29 19 17 21 2 22 32 30 7 4 23 20
322 1 18 31 12 15 26 10 8 9 24 11 28 6 16 14 3 13 25 5 27 29 19 17 21 2 22 32 30 7 4 23 20
323 1 18 31 12 15 26 10 8 9 24 11 28 6 16 14 3 13 25 5 27 29 19 17 21 2 22 32 30 7 4 23 20
324 1 18 31 12 15 26 10 8 9 24 11 28 6 16 14 3 13 25 5 27 29 19 17 21 2 22 32 30 7 4 23 20
325 1 18 31 12 15 26 10 8 9 24 11 28 6 16 14 3 13 25 5 27 29 19 17 21 2 22 32 30 7 4 23 20
326 1 18 31 12 15 26 10 8 9 24 11 28 6 16 14 3 13 25 5 27 29 19 17 21 2 22 32 30 7 4 23 20
327 1 18 31 12 15 26 10 8 9 24 11 28 6 16 14 3 13 25 5 27 29 19 17 21 2 22 32 30 7 4 23 20
328 1 18 31 12 15 26 10 8 9 24 11 28 6 16 14 3 13 25 5 27 29 19 17 21 2 22 32 30 7 4 23 20
329 1 18 31 12 15 26 10 8 9 24 11 28 6 16 14 3 13 25 5 27 29 19 17 21 2 22 32 30 7 4 23 20
330 1 18 31 12 15 26 10 8 9 24 11 28 6 16 14 3 13 25 5 27 29 19 17 21 2 22 32 30 7 4 23 20
331 1 18 31 12 15 26 10 8 9 24 11 28 6 16 14 3 13 25 5 27 29 19 17 21 2 22 32 30 7 4 23 20
332 1 18 31 12 15 26 10 8 9 24 11 28 6 16 14 3 13 25 5 27 29 19 17 21 2 22 32 30 7 4 23 20
333 1 18 31 12 15 26 10 8 9 24 11 28 6 16 14 3 13 25 5 27 29 19 17 21 2 22 32 30 7 4 23 20
334 1 18 31 12 15 26 10 8 9 24 11 28 6 16 14 3 13 25 5 27 29 19 17 21 2 22 32 30 7 4 23 20
335 1 18 31 12 15 26 10 8 9 24 11 28 6 16 14 3 13 25 5 27 29 19 17 21 2 22 32 30 7 4 23 20
336 1 18 31 12 15 26 10 8 9 24 11 28 6 16 14 3 13 25 5 27 29 19 17 21 2 22 32 30 7 4 23 20
337 1 18 31 12 15 26 10 8 9 24 11 28 6 16 14 3 13 25 5 27 29 19 17 21 2 22 32 30 7 4 23 20
338 1 18 31 12 15 26 10 8 9 24 11 28 6 16 14 3 13 25 5 27 29 19 17 21 2 22 32 30 7 4 23 20
339 1 18 31 12 15 26 10 8 9 24 11 28 6 16 14 3 13 25 5 27 29 19 17 21 2 22 32 30 7 4 23 20
340 1 18 31 12 15 26 10 8 9 24 11 28 6 16 14 3 13 25 5 27 29 19 17 21 2 22 32 30 7 4 23 20
341 1 18 31 12 15 26 10 8 9 24 11 28 6 16 14 3 13 25 5 27 29 19 17 21 2 22 32 30 7 4 23 20
342 1 18 31 12 15 26 10 8 9 24 11 28 6 16 14 3 13 25 5 27 29 19 17 21 2 22 32 30 7 4 23 20
343 1 18 31 12 15 26 10 8 9 24 11 28 6 16 14 3 13 25 5 27 29 19 17 21 2 22 32 30 7 4 23 20
344 1 18 31 12 15 26 10 8 9 24 11 28 6 16 14 3 13 25 5 27 29 19 17 21 2 22 32 30 7 4 23 20
345 1 18 31 12 15 26 10 8 9 24 11 28 6 16 14 3 13 25 5 27 29 19 17 21 2 22 32 30 7 4 23 20
346 1 18 31 12 15 26 10 8 9 24 11 28 6 16 14 3 13 25 5 27 29 19 17 21 2 22 32 30 7 4 23 20
347 1 18 31 12 15 26 10 8 9 24 11 28 6 16 14 3 13 25 5 27 29 19 17 21 2 22 32 30 7 4 23 20
348 1 18 31 12 15 26 10 8 9 24 11 28 6 16 14 3 13 25 5 27 29 19 17 21 2 22 32 30 7 4 23 20
349 1 18 31 12 15 26 10 8 9 24 11 28 6 16 14 3 13 25 5 27 29 19 17 21 2 22 32 30 7 4 23 20
350 1 18 31 12 15 26 10 8 9 24 11 28 6 16 14 3 13 25 5 27 29 19 17 21 2 22 32 30 7 4 23 20
351 1 18 31 12 15 26 10 8 9 24 11 28 6 16 14 3 13 25 5 27 29 19 17 21 2 22 32 30 7 4 23 20
352 1 18 31 12 15 26 10 8 9 24 11 28 6 16 14 3 13 25 5 27 29 19 17 21 2 22 32 30 7 4 23 20
353 1 18 31 12 15 26 10 8 9 24 11 28 6 16 14 3 13 25 5 27 29 19 17 21 2 22 32 30 7 4 23 20
354 1 18 31 12 15 26 10 8 9 24 11 28 6 16 14 3 13 25 5 27 29 19 17 21 2 22 32 30 7 4 23 20
355 1 18 31 12 15 26 10 8 9 24 11 28 6 16 14 3 13 25 5 27 29 19 17 21 2 22 32 30 7 4 23 20
356 1 18 31 12 15 26 10 8 9 24 11 28 6 16 14 3 13 25 5 27 29 19 17 21 2 22 32 30 7 4 23 20
357 1 18 31 12 15 26 10 8 9 24 11 28 6 16 14 3 13 25 5 27 29 19 17 21 2 22 32 30 7 4 23 20
358 1 18 31 12 15 26 10 8 9 24 11 28 6 16 14 3 13 25 5 27 29 19 17 21 2 22 32 30 7 4 23 20
359 1 18 31 12 15 26 10 8 9 24 11 28 6 16 14 3 13 25 5 27 29 19 17 21 2 22 32 30 7 4 23 20
360 1 18 31 12 15 26 10 8 9 24 11 28 6 16 14 3 13 25 5 27 29 19 17 21 2 22 32 30 7 4 23 20
361 1 18 31 12 15 26 10 8 9 24 11 28 6 16 14 3 13 25 5 27 29 19 17 21 2 22 32 30 7 4 23 20
362 1 18 31 12 15 26 10 8 9 24 11 28 6 16 14 3 13 25 5 27 29 19 17 21 2 22 32 30 7 4 23 20
363 1 18 31 12 15 26 10 8 9 24 11 28 6 16 14 3 13 25 5 27 29 19 17 21 2 22 32 30 7 4 23 20
364 1 18 31 12 15 26 10 8 9 24 11 28 6 16 14 3 13 25 5 27 29 19 17 21 2 22 32 30 7 4 23 20
365 1 18 31 12 15 26 10 8 9 24 11 28 6 16 14 3 13 25 5 27 29 19 17 21 2 22 32 30 7 4 23 20
366 1 18 31 12 15 26 10 8 9 24 11 28 6 16 14 3 13 25 5 27 29 19 17 21 2 22 32 30 7 4 23 20
367 1 18 31 12 15 26 10 8 9 24 11 28 6 16 14 3 13 25 5 27 29 19 17 21 2 22 32 30 7 4 23 20
368 1 18 31 12 15 26 10 8 9 24 11 28 6 16 14 3 13 25 5 27 29 19 17 21 2 22 32 30 7 4 23 20
369 1 18 31 12 15 26 10 8 9 24 11 28 6 16 14 3 13 25 5 27 29 19 17 21 2 22 32 30 7 4 23 20
370 1 18 31 12 15 26 10 8 9 24 11 28 6 16 14 3 13 25 5 27 29 19 17 21 2 22 32 30 7 4 23 20
371 1 18 31 12 15 26 10 8 9 24 11 28 6 16 14 3 13 25 5 27 29 19 17 21 2 22 32 30 7 4 23 20
372 1 18 31 12 15 26 10 8 9 24 11 28 6 16 14 3 13 25 5 27 29 19 17 21 2 22 32 30 7 4 23 20
373 1 18 31 12 15 26 10 8 9 24 11 28 6 16 14 3 13 25 5 27 29 19 17 21 2 22 32 30 7 4 23 20
374 1 18 31 12 15 26 10 8 9 24 11 28 6 16 14 3 13 25 5 27 29 19 17 21 2 22 32 30 7 4 23 20
375 1 18 31 12 15 26 10 8 9 24 11 28 6 16 14 3 13 25 5 27 29 19 17 21 2 22 32 30 7 4 23 20
376 1 18 31 12 15 26 10 8 9 24 11 28 6 16 14 3 13 25 5 27 29 19 17 21 2 22 32 30 7 4 23 20
377 1 18 31 12 15 26 10 8 9 24 11 28 6 16 14 3 13 25 5 27 29 19 17 21 2 22 32 30 7 4 23 20
378 1 18 31 12 15 26 10 8 9 24 11 28 6 16 14 3 13 25 5 27 29 19 17 21 2 22 32 30 7 4 23 20
379 1 18 31 12 15 26 10 8 9 24 11 28 6 16 14 3 13 25 5 27 29 19 17 21 2 22 32 30 7 4 23 20
380 1 18 31 12 15 26 10 8 9 24 11 28 6 16 14 3 13 25 5 27 29 19 17 21 2 22 32 30 7 4 23 20
381 1 18 31 12 15 26 10 8 9 24 11 28 6 16 14 3 13 25 5 27 29 19 17 21 2 22 32 30 7 4 23 20
382 1 18 31 12 15 26 10 8 9 24 11 28 6 16 14 3 13 25 5 27 29 19 17 21 2 22 32 30 7 4 23 20
383 1 18 31 12 15 26 10 8 9 24 11 28 6 16 14 3 13 25 5 27 29 19 17 21 2 22 32 30 7 4 23 20
384 1 18 31 12 15 26 10 8 9 24 11 28 6 16 14 3 13 25 5 27 29 19 17 21 2 22 32 30 7 4 23 20
385 1 18 31 12 15 26 10 8 9 24 11 28 6 16 14 3 13 25 5 27 29 19 17 21 2 22 32 30 7 4 23 20
386 1 18 31 12 15 26 10 8 9 24 11 28 6 16 14 3 13 25 5 27 29 19 17 21 2 22 32 30 7 4 23 20
387 1 18 31 12 15 26 10 8 9 24 11 28 6 16 14 3 13 25 5 27 29 19 17 21 2 22 32 30 7 4 23 20
388 1 18 31 12 15 26 10 8 9 24 11 28 6 16 14 3 13 25 5 27 29 19 17 21 2 22 32 30 7 4 23 20
389 1 18 31 12 15 26 10 8 9 24 11 28 6 16 14 3 13 25 5 27 29 19 17 21 2 22 32 30 7 4 23 20
390 1 18 31 12 15 26 10 8 9 24 11 28 6 16 14 3 13 25 5 27 29 19 17 21 2 22 32 30 7 4 23 20
391 1 18 31 12 15 26 10 8 9 24 11 28 6 16 14 3 13 25 5 27 29 19 17 21 2 22 32 30 7 4 23 20
392 1 18 31 12 15 26 10 8 9 24 11 28 6 16 14 3 13 25 5 27 29 19 17 21 2 22 32 30 7 4 23 20
393 1 18 31 12 15 26 10 8 9 24 11 28 6 16 14 3 13 25 5 27 29 19 17 21 2 22 32 30 7 4 23 20
394 1 18 31 12 15 26 10 8 9 24 11 28 6 16 14 3 13 25 5 27 29 19 17 21 2 22 32 30 7 4 23 20
395 1 18 31 12 15 26 10 8 9 24 11 28 6 16 14 3 13 25 5 27 29 19 17 21 2 22 32 30 7 4 23 20
396 1 18 31 12 15 26 10 8 9 24 11 28 6 16 14 3 13 25 5 27 29 19 17 21 2 22 32 30 7 4 23 20
397 1 18 31 12 15 26 10 8 9 24 11 28 6 16 14 3 13 25 5 27 29 19 17 21 2 22 32 30 7 4 23 20
398 1 18 31 12 15 26 10 8 9 24 11 28 6 16 14 3 13 25 5 27 29 19 17 21 2 22 32 30 7 4 23 20
399 1 18 31 12 15 26 10 8 9 24 11 28 6 16 14 3 13 25 5 27 29 19 17 21 2 22 32 30 7 4 23 20
400 1 18 31 12 15 26 10 8 9 24 11 28 6 16 14 3 13 25 5 27 29 19 17 21 2 22 32 30 7 4 23 20
401 1 18 31 12 15 26 10 8 9 24 11 28 6 16 14 3 13 25 5 27 29 19 17 21 2 22 32 30 7 4 23 20
402 1 18 31 12 15 26 10 8 9 24 11 28 6 16 14 3 13 25 5 27 29 19 17 21 2 22 32 30 7 4 23 20
403 1 18 31 12 15 26 10 8 9 24 11 28 6 16 14 3 13 25 5 27 29 19 17 21 2 22 32 30 7 4 23 20
404 1 18 31 12 15 26 10 8 9 24 11 28 6 16 14 3 13 25 5 27 29 19 17 21 2 22 32 30 7 4 23 20
405 1 18 31 12 15 26 10 8 9 24 11 28 6 16 14 3 13 25 5 27 29 19 17 21 2 22 32 30 7 4 23 20
406 1 18 31 12 15 26 10 8 9 24 11 28 6 16 14 3 13 25 5 27 29 19 17 21 2 22 32 30 7 4 23 20
407 1 18 31 12 15 26 10 8 9 24 11 28 6 16 14 3 13 25 5 27 29 19 17 21 2 22 32 30 7 4 23 20
408 1 18 31 12 15 26 10 8 9 24 11 28 6 16 14 3 13 25 5 27 29 19 17 21 2 22 32 30 7 4 23 20
409 1 18 31 12 15 26 10 8 9 24 11 28 6 16 14 3 13 25 5 27 29 19 17 21 2 22 32 30 7 4 23 20
410 1 18 31 12 15 26 10 8 9 24 11 28 6 16 14 3 13 25 5 27 29 19 17 21 2 22 32 30 7 4 23 20
411 1 18 31 12 15 26 10 8 9 24 11 28 6 16 14 3 13 25 5 27 29 19 17 21 2 22 32 30 7 4 23 20
412 1 18 31 12 15 26 10 8 9 24 11 28 6 16 14 3 13 25 5 27 29 19 17 21 2 22 32 30 7 4 23 20
413 1 18 31 12 15 26 10 8 9 24 11 28 6 16 14 3 13 25 5 27 29 19 17 21 2 22 32 30 7 4 23 20
414 1 18 31 12 15 26 10 8 9 24 11 28 6 16 14 3 13 25 5 27 29 19 17 21 2 22 32 30 7 4 23 20
415 1 18 31 12 15 26 10 8 9 24 11 28 6 16 14 3 13 25 5 27 29 19 17 21 2 22 32 30 7 4 23 20
416 1 18 31 12 15 26 10 8 9 24 11 28 6 16 14 3 13 25 5 27 29 19 17 21 2 22 32 30 7 4 23 20
417 1 18 31 12 15 26 10 8 9 24 11 28 6 16 14 3 13 25 5 27 29 19 17 21 2 22 32 30 7 4 23 20
418 1 18 31 12 15 26 10 8 9 24 11 28 6 16 14 3 13 25 5 27 29 19 17 21 2 22 32 30 7 4 23 20
419 1 18 31 12 15 26 10 8 9 24 11 28 6 16 14 3 13 25 5 27 29 19 17 21 2 22 32 30 7 4 23 20
420 1 18 31 12 15 26 10 8 9 24 11 28 6 16 14 3 13 25 5 27 29 19 17 21 2 22 32 30 7 4 23 20
421 1 18 31 12 15 26 10 8 9 24 11 28 6 16 14 3 13 25 5 27 29 19 17 21 2 22 32 30 7 4 23 20
422 1 18 31 12 15 26 10 8 9 24 11 28 6 16 14 3 13 25 5 27 29 19 17 21 2 22 32 30 7 4 23 20
423 1 18 31 12 15 26 10 8 9 24 11 28 6 16 14 3 13 25 5 27 29 19 17 21 2 22 32 30 7 4 23 20
424 1 18 31 12 15 26 10 8 9 24 11 28 6 16 14 3 13 25 5 27 29 19 17 21 2 22 32 30 7 4 23 20
425 1 18 31 12 15 26 10 8 9 24 11 28 6 16 14 3 13 25 5 27 29 19 17 21 2 22 32 30 7 4 23 20
426 1 18 31 12 15 26 10 8 9 24 11 28 6 16 14 3 13 25 5 27 29 19 17 21 2 22 32 30 7 4 23 20
427 1 18 31 12 15 26 10 8 9 24 11 28 6 16 14 3 13 25 5 27 29 19 17 21 2 22 32 30 7 4 23 20
428 1 18 31 12 15 26 10 8 9 24 11 28 6 16 14 3 13 25 5 27 29 19 17 21 2 22 32 30 7 4 23 20
429 1 18 31 12 15 26 10 8 9 24 11 28 6 16 14 3 13 25 5 27 29 19 17 21 2 22 32 30 7 4 23 20
430 1 18 31 12 15 26 10 8 9 24 11 28 6 16 14 3 13 25 5 27 29 19 17 21 2 22 32 30 7 4 23 20
431 1 18 31 12 15 26 10 8 9 24 11 28 6 16 14 3 13 25 5 27 29 19 17 21 2 22 32 30 7 4 23 20
432 1 18 31 12 15 26 10 8 9 24 11 28 6 16 14 3 13 25 5 27 29 19 17 21 2 22 32 30 7 4 23 20
433 1 18 31 12 15 26 10 8 9 24 11 28 6 16 14 3 13 25 5 27 29 19 17 21 2 22 32 30 7 4 23 20
434 1 18 31 12 15 26 10 8 9 24 11 28 6 16 14 3 13 25 5 27 29 19 17 21 2 22 32 30 7 4 23 20
435 1 18 31 12 15 26 10 8 9 24 11 28 6 16 14 3 13 25 5 27 29 19 17 21 2 22 32 30 7 4 23 20
436 1 18 31 12 15 26 10 8 9 24 11 28 6 16 14 3 13 25 5 27 29 19 17 21 2 22 32 30 7 4 23 20
437 1 18 31 12 15 26 10 8 9 24 11 28 6 16 14 3 13 25 5 27 29 19 17 21 2 22 32 30 7 4 23 20
438 1 18 31 12 15 26 10 8 9 24 11 28 6 16 14 3 13 25 5 27 29 19 17 21 2 22 32 30 7 4 23 20
439 1 18 31 12 15 26 10 8 9 24 11 28 6 16 14 3 13 25 5 27 29 19 17 21 2 22 32 30 7 4 23 20
440 1 18 31 12 15 26 10 8 9 24 11 28 6 16 14 3 13 25 5 27 29 19 17 21 2 22 32 30 7 4 23 20
441 1 18 31 12 15 26 10 8 9 24 11 28 6 16 14 3 13 25 5 27 29 19 17 21 2 22 32 30 7 4 23 20
442 1 18 31 12 15 26 10 8 9 24 11 28 6 16 14 3 13 25 5 27 29 19 17 21 2 22 32 30 7 4 23 20
443 1 18 31 12 15 26 10 8 9 24 11 28 6 16 14 3 13 25 5 27 29 19 17 21 2 22 32 30 7 4 23 20
444 1 18 31 12 15 26 10 8 9 24 11 28 6 16 14 3 13 25 5 27 29 19 17 21 2 22 32 30 7 4 23 20
445 1 18 31 12 15 26 10 8 9 24 11 28 6 16 14 3 13 25 5 27 29 19 17 21 2 22 32 30 7 4 23 20
446 1 18 31 12 15 26 10 8 9 24 11 28 6 16 14 3 13 25 5 27 29 19 17 21 2 22 32 30 7 4 23 20
447 1 18 31 12 15 26 10 8 9 24 11 28 6 16 14 3 13 25 5 27 29 19 17 21 2 22 32 30 7 4 23 20
448 1 18 31 12 15 26 10 8 9 24 11 28 6 16 14 3 13 25 5 27 29 19 17 21 2 22 32 30 7 4 23 20
449 1 18 31 12 15 26 10 8 9 24 11 28 6 16 14 3 13 25 5 27 29 19 17 21 2 22 32 30 7 4 23 20
450 1 18 31 12 15 26 10 8 9 24 11 28 6 16 14 3 13 25 5 27 29 19 17 21 2 22 32 30 7 4 23 20
451 1 18 31 12 15 26 10 8 9 24 11 28 6 16 14 3 13 25 5 27 29 19 17 21 2 22 32 30 7 4 23 20
452 1 18 31 12 15 26 10 8 9 24 11 28 6 16 14 3 13 25 5 27 29 19 17 21 2 22 32 30 7 4 23 20
453 1 18 31 12 15 26 10 8 9 24 11 28 6 16 14 3 13 25 5 27 29 19 17 21 2 22 32 30 7 4 23 20
454 1 18 31 12 15 26 10 8 9 24 11 28 6 16 14 3 13 25 5 27 29 19 17 21 2 22 32 30 7 4 23 20
455 1 18 31 12 15 26 10 8 9 24 11 28 6 16 14 3 13 25 5 27 29 19 17 21 2 22 32 30 7 4 23 20
456 1 18 31 12 15 26 10 8 9 24 11 28 6 16 14 3 13 25 5 27 29 19 17 21 2 22 32 30 7 4 23 20
457 1 18 31 12 15 26 10 8 9 24 11 28 6 16 14 3 13 25 5 27 29 19 17 21 2 22 32 30 7 4 23 20
458 1 18 31 12 15 26 10 8 9 24 11 28 6 16 14 3 13 25 5 27 29 19 17 21 2 22 32 30 7 4 23 20
459 1 18 31 12 15 26 10 8 9 24 11 28 6 16 14 3 13 25 5 27 29 19 17 21 2 22 32 30 7 4 23 20
460 1 18 31 12 15 26 10 8 9 24 11 28 6 16 14 3 13 25 5 27 29 19 17 21 2 22 32 30 7 4 23 20
461 1 18 31 12 15 26 10 8 9 24 11 28 6 16 14 3 13 25 5 27 29 19 17 21 2 22 32 30 7 4 23 20
462 1 18 31 12 15 26 10 8 9 24 11 28 6 16 14 3 13 25 5 27 29 19 17 21 2 22 32 30 7 4 23 20
463 1 18 31 12 15 26 10 8 9 24 11 28 6 16 14 3 13 25 5 27 29 19 17 21 2 22 32 30 7 4 23 20
464 1 18 31 12 15 26 10 8 9 24 11 28 6 16 14 3 13 25 5 27 29 19 17 21 2 22 32 30 7 4 23 20
465 1 18 31 12 15 26 10 8 9 24 11 28 6 16 14 3 13 25 5 27 29 19 17 21 2 22 32 30 7 4 23 20
466 1 18 31 12 15 26 10 8 9 24 11 28 6 16 14 3 13 25 5 27 29 19 17 21 2 22 32 30 7 4 23 20
467 1 18 31 12 15 26 10 8 9 24 11 28 6 16 14 3 13 25 5 27 29 19 17 21 2 22 32 30 7 4 23 20
468 1 18 31 12 15 26 10 8 9 24 11 28 6 16 14 3 13 25 5 27 29 19 17 21 2 22 32 30 7 4 23 20
469 1 18 31 12 15 26 10 8 9 24 11 28 6 16 14 3 13 25 5 27 29 19 17 21 2 22 32 30 7 4 23 20
470 1 18 31 12 15 26 10 8 9 24 11 28 6 16 14 3 13 25 5 27 29 19 17 21 2 22 32 30 7 4 23 20
471 1 18 31 12 15 26 10 8 9 24 11 28 6 16 14 3 13 25 5 27 29 19 17 21 2 22 32 30 7 4 23 20
472 1 18 31 12 15 26 10 8 9 24 11 28 6 16 14 3 13 25 5 27 29 19 17 21 2 22 32 30 7 4 23 20
473 1 18 31 12 15 26 10 8 9 24 11 28 6 16 14 3 13 25 5 27 29 19 17 21 2 22 32 30 7 4 23 20
474 1 18 31 12 15 26 10 8 9 24 11 28 6 16 14 3 13 25 5 27 29 19 17 21 2 22 32 30 7 4 23 20
475 1 18 31 12 15 26 10 8 9 24 11 28 6 16 14 3 13 25 5 27 29 19 17 21 2 22 32 30 7 4 23 20
476 1 18 31 12 15 26 10 8 9 24 11 28 6 16 14 3 13 25 5 27 29 19 17 21 2 22 32 30 7 4 23 20
477 1 18 31 12 15 26 10 8 9 24 11 28 6 16 14 3 13 25 5 27 29 19 17 21 2 22 32 30 7 4 23 20
478 1 18 31 12 15 26 10 8 9 24 11 28 6 16 14 3 13 25 5 27 29 19 17 21 2 22 32 30 7 4 23 20
479 1 18 31 12 15 26 10 8 9 24 11 28 6 16 14 3 13 25 5 27 29 19 17 21 2 22 32 30 7 4 23 20
480 1 18 31 12 15 26 10 8 9 24 11 28 6 16 14 3 13 25 5 27 29 19 17 21 2 22 32 30 7 4 23 20
481 1 18 31 12 15 26 10 8 9 24 11 28 6 16 14 3 13 25 5 27 29 19 17 21 2 22 32 30 7 4 23 20
482 1 18 31 12 15 26 10 8 9 24 11 28 6 16 14 3 13 25 5 27 29 19 17 21 2 22 32 30 7 4 23 20
483 1 18 31 12 15 26 10 8 9 24 11 28 6 16 14 3 13 25 5 27 29 19 17 21 2 22 32 30 7 4 23 20
484 1 18 31 12 15 26 10 8 9 24 11 28 6 16 14 3 13 25 5 27 29 19 17 21 2 22 32 30 7 4 23 20
485 1 18 31 12 15 26 10 8 9 24 11 28 6 16 14 3 13 25 5 27 29 19 17 21 2 22 32 30 7 4 23 20
486 1 18 31 12 15 26 10 8 9 24 11 28 6 16 14 3 13 25 5 27 29 19 17 21 2 22 32 30 7 4 23 20
487 1 18 31 12 15 26 10 8 9 24 11 28 6 16 14 3 13 25 5 27 29 19 17 21 2 22 32 30 7 4 23 20
488 1 18 31 12 15 26 10 8 9 24 11 28 6 16 14 3 13 25 5 27 29 19 17 21 2 22 32 30 7 4 23 20
489 1 18 31 12 15 26 10 8 9 24 11 28 6 16 14 3 13 25 5 27 29 19 17 21 2 22 32 30 7 4 23 20
490 1 18 31 12 15 26 10 8 9 24 11 28 6 16 14 3 13 25 5 27 29 19 17 21 2 22 32 30 7 4 23 20
491 1 18 31 12 15 26 10 8 9 24 11 28 6 16 14 3 13 25 5 27 29 19 17 21 2 22 32 30 7 4 23 20
492 1 18 31 12 15 26 10 8 9 24 11 28 6 16 14 3 13 25 5 27 29 19 17 21 2 22 32 30 7 4 23 20
493 1 18 31 12 15 26 10 8 9 24 11 28 6 16 14 3 13 25 5 27 29 19 17 21 2 22 32 30 7 4 23 20
494 1 18 31 12 15 26 10 8 9 24 11 28 6 16 14 3 13 25 5 27 29 19 17 21 2 22 32 30 7 4 23 20
495 1 18 31 12 15 26 10 8 9 24 11 28 6 16 14 3 13 25 5 27 29 19 17 21 2 22 32 30 7 4 23 20
496 1 18 31 12 15 26 10 8 9 24 11 28 6 16 14 3 13 25 5 27 29 19 17 21 2 22 32 30 7 4 23 20
497 1 18 31 12 15 26 10 8 9 24 11 28 6 16 14 3 13 25 5 27 29 19 17 21 2 22 32 30 7 4 23 20
498 1 18 31 12 15 26 10 8 9 24 11 28 6 16 14 3 13 25 5 27 29 19 17 21 2 22 32 30 7 4 23 20
499 1 18 31 12 15 26 10 8 9 24 11 28 6 16 14 3 13 25 5 27 29 19 17 21 2 22 32 30 7 4 23 20
500 1 18 31 12 15 26 10 8 9 24 11 28 6 16 14 3 13 25 5 27 29 19 17 21 2 22 32 30 7 4 23 20
501 1 18 31 12 15 26 10 8 9 24 11 28 6 16 14 3 13 25 5 27 29 19 17 21 2 22 32 30 7 4 23 20
502 1 18 31 12 15 26 10 8 9 24 11 28 6 16 14 3 13 25 5 27 29 19 17 21 2 22 32 30 7 4 23 20
503 1 18 31 12 15 26 10 8 9 24 11 28 6 16 14 3 13 25 5 27 29 19 17 21 2 22 32 30 7 4 23 20
504 1 18 31 12 15 26 10 8 9 24 11 28 6 16 14 3 13 25 5 27 29 19 17 21 2 22 32 30 7 4 23 20
505 1 18 31 12 15 26 10 8 9 24 11 28 6 16 14 3 13 25 5 27 29 19 17 21 2 22 32 30 7 4 23 20
506 1 18 31 12 15 26 10 8 9 24 11 28 6 16 14 3 13 25 5 27 29 19 17 21 2 22 32 30 7 4 23 20
507 1 18 31 12 15 26 10 8 9 24 11 28 6 16 14 3 13 25 5 27 29 19 17 21 2 22 32 30 7 4 23 20
508 1 18 31 12 15 26 10 8 9 24 11 28 6 16 14 3 13 25 5 27 29 19 17 21 2 22 32 30 7 4 23 20
509 1 18 31 12 15 26 10 8 9 24 11 28 6 16 14 3 13 25 5 27 29 19 17 21 2 22 32 30 7 4 23 20
510 1 18 31 12 15 26 10 8 9 24 11 28 6 16 14 3 13 25 5 27 29 19 17 21 2 22 32 30 7 4 23 20
511 1 18 31 12 15 26 10 8 9 24 11 28 6 16 14 3 13 25 5 27 29 19 17 21 2 22 32 30 7 4 23 20
512 1 18 31 12 15 26 10 8 9 24 11 28 6 16 14 3 13 25 5 27 29 19 17 21 2 22 32 30 7 4 23 20
513 1 18 31 12 15 26 10 8 9 24 11 28 6 16 14 3 13 25 5 27 29 19 17 21 2 22 32 30 7 4 23 20
514 1 18 31 12 15 26 10 8 9 24 11 28 6 16 14 3 13 25 5 27 29 19 17 21 2 22 32 30 7 4 23 20
515 1 18 31 12 15 26 10 8 9 24 11 28 6 16 14 3 13 25 5 27 29 19 17 21 2 22 32 30 7 4 23 20
516 1 18 31 12 15 26 10 8 9 24 11 28 6 16 14 3 13 25 5 27 29 19 17 21 2 22 32 30 7 4 23 20
517 1 18 31 12 15 26 10 8 9 24 11 28 6 16 14 3 13 25 5 27 29 19 17 21 2 22 32 30 7 4 23 20
518 1 18 31 12 15 26 10 8 9 24 11 28 6 16 14 3 13 25 5 27 29 19 17 21 2 22 32 30 7 4 23 20
519 1 18 31 12 15 26 10 8 9 24 11 28 6 16 14 3 13 25 5 27 29 19 17 21 2 22 32 30 7 4 23 20
520 1 18 31 12 15 26 10 8 9 24 11 28 6 16 14 3 13 25 5 27 29 19 17 21 2 22 32 30 7 4 23 20
521 1 18 31 12 15 26 10 8 9 24 11 28 6 16 14 3 13 25 5 27 29 19 17 21 2 22 32 30 7 4 23 20
522 1 18 31 12 15 26 10 8 9 24 11 28 6 16 14 3 13 25 5 27 29 19 17 21 2 22 32 30 7 4 23 20
523 1 18 31 12 15 26 10 8 9 24 11 28 6 16 14 3 13 25 5 27 29 19 17 21 2 22 32 30 7 4 23 20
524 1 18 31 12 15 26 10 8 9 24 11 28 6 16 14 3 13 25 5 27 29 19 17 21 2 22 32 30 7 4 23 20
525 1 18 31 12 15 26 10 8 9 24 11 28 6 16 14 3 13 25 5 27 29 19 17 21 2 22 32 30 7 4 23 20
526 1 18 31 12 15 26 10 8 9 24 11 28 6 16 14 3 13 25 5 27 29 19 17 21 2 22 32 30 7 4 23 20
527 1 18 31 12 15 26 10 8 9 24 11 28 6 16 14 3 13 25 5 27 29 19 17 21 2 22 32 30 7 4 23 20
528 1 18 31 12 15 26 10 8 9 24 11 28 6 16 14 3 13 25 5 27 29 19 17 21 2 22 32 30 7 4 23 20
529 1 18 31 12 15 26 10 8 9 24 11 28 6 16 14 3 13 25 5 27 29 19 17 21 2 22 32 30 7 4 23 20
530 1 18 31 12 15 26 10 8 9 24 11 28 6 16 14 3 13 25 5 27 29 19 17 21 2 22 32 30 7 4 23 20
531 1 18 31 12 15 26 10 8 9 24 11 28 6 16 14 3 13 25 5 27 29 19 17 21 2 22 32 30 7 4 23 20
532 1 18 31 12 15 26 10 8 9 24 11 28 6 16 14 3 13 25 5 27 29 19 17 21 2 22 32 30 7 4 23 20
533 1 18 31 12 15 26 10 8 9 24 11 28 6 16 14 3 13 25 5 27 29 19 17 21 2 22 32 30 7 4 23 20
534 1 18 31 12 15 26 10 8 9 24 11 28 6 16 14 3 13 25 5 27 29 19 17 21 2 22 32 30 7 4 23 20
535 1 18 31 12 15 26 10 8 9 24 11 28 6 16 14 3 13 25 5 27 29 19 17 21 2 22 32 30 7 4 23 20
536 1 18 31 12 15 26 10 8 9 24 11 28 6 16 14 3 13 25 5 27 29 19 17 21 2 22 32 30 7 4 23 20
537 1 18 31 12 15 26 10 8 9 24 11 28 6 16 14 3 13 25 5 27 29 19 17 21 2 22 32 30 7 4 23 20
538 1 18 31 12 15 26 10 8 9 24 11 28 6 16 14 3 13 25 5 27 29 19 17 21 2 22 32 30 7 4 23 20
539 1 18 31 12 15 26 10 8 9 24 11 28 6 16 14 3 13 25 5 27 29 19 17 21 2 22 32 30 7 4 23 20
540 1 18 31 12 15 26 10 8 9 24 11 28 6 16 14 3 13 25 5 27 29 19 17 21 2 22 32 30 7 4 23 20
541 1 18 31 12 15 26 10 8 9 24 11 28 6 16 14 3 13 25 5 27 29 19 17 21 2 22 32 30 7 4 23 20
542 1 18 31 12 15 26 10 8 9 24 11 28 6 16 14 3 13 25 5 27 29 19 17 21 2 22 32 30 7 4 23 20
543 1 18 31 12 15 26 10 8 9 24 11 28 6 16 14 3 13 25 5 27 29 19 17 21 2 22 32 30 7 4 23 20
544 1 18 31 12 15 26 10 8 9 24 11 28 6 16 14 3 13 25 5 27 29 19 17 21 2 22 32 30 7 4 23 20
545 1 18 31 12 15 26 10 8 9 24 11 28 6 16 14 3 13 25 5 27 29 19 17 21 2 22 32 30 7 4 23 20
546 1 18 31 12 15 26 10 8 9 24 11 28 6 16 14 3 13 25 5 27 29 19 17 21 2 22 32 30 7 4 23 20
547 1 18 31 12 15 26 10 8 9 24 11 28 6 16 14 3 13 25 5 27 29 19 17 21 2 22 32 30 7 4 23 20
548 1 18 31 12 15 26 10 8 9 24 11 28 6 16 14 3 13 25 5 27 29 19 17 21 2 22 32 30 7 4 23 20
549 1 18 31 12 15 26 10 8 9 24 11 28 6 16 14 3 13 25 5 27 29 19 17 21 2 22 32 30 7 4 23 20
550 1 18 31 12 15 26 10 8 9 24 11 28 6 16 14 3 13 25 5 27 29 19 17 21 2 22 32 30 7 4 23 20
551 1 18 31 12 15 26 10 8 9 24 11 28 6 16 14 3 13 25 5 27 29 19 17 21 2 22 32 30 7 4 23 20
552 1 18 31 12 15 26 10 8 9 24 11 28 6 16 14 3 13 25 5 27 29 19 17 21 2 22 32 30 7 4 23 20
553 1 18 31 12 15 26 10 8 9 24 11 28 6 16 14 3 13 25 5 27 29 19 17 21 2 22 32 30 7 4 23 20
554 1 18 31 12 15 26 10 8 9 24 11 28 6 16 14 3 13 25 5 27 29 19 17 21 2 22 32 30 7 4 23 20
555 1 18 31 12 15 26 10 8 9 24 11 28 6 16 14 3 13 25 5 27 29 19 17 21 2 22 32 30 7 4 23 20
556 1 18 31 12 15 26 10 8 9 24 11 28 6 16 14 3 13 25 5 27 29 19 17 21 2 22 32 30 7 4 23 20
557 1 18 31 12 15 26 10 8 9 24 11 28 6 16 14 3 13 25 5 27 29 19 17 21 2 22 32 30 7 4 23 20
558 1 18 31 12 15 26 10 8 9 24 11 28 6 16 14 3 13 25 5 27 29 19 17 21 2 22 32 30 7 4 23 20
559 1 18 31 12 15 26 10 8 9 24 11 28 6 16 14 3 13 25 5 27 29 19 17 21 2 22 32 30 7 4 23 20
560 1 18 31 12 15 26 10 8 9 24 11 28 6 16 14 3 13 25 5 27 29 19 17 21 2 22 32 30 7 4 23 20
561 1 18 31 12 15 26 10 8 9 24 11 28 6 16 14 3 13 25 5 27 29 19 17 21 2 22 32 30 7 4 23 20
562 1 18 31 12 15 26 10 8 9 24 11 28 6 16 14 3 13 25 5 27 29 19 17 21 2 22 32 30 7 4 23 20
563 1 18 31 12 15 26 10 8 9 24 11 28 6 16 14 3 13 25 5 27 29 19 17 21 2 22 32 30 7 4 23 20
564 1 18 31 12 15 26 10 8 9 24 11 28 6 16 14 3 13 25 5 27 29 19 17 21 2 22 32 30 7 4 23 20
565 1 18 31 12 15 26 10 8 9 24 11 28 6 16 14 3 13 25 5 27 29 19 17 21 2 22 32 30 7 4 23 20
566 1 18 31 12 15 26 10 8 9 24 11 28 6 16 14 3 13 25 5 27 29 19 17 21 2 22 32 30 7 4 23 20
567 1 18 31 12 15 26 10 8 9 24 11 28 6 16 14 3 13 25 5 27 29 19 17 21 2 22 32 30 7 4 23 20
568 1 18 31 12 15 26 10 8 9 24 11 28 6 16 14 3 13 25 5 27 29 19 17 21 2 22 32 30 7 4 23 20
569 1 18 31 12 15 26 10 8 9 24 11 28 6 16 14 3 13 25 5 27 29 19 17 21 2 22 32 30 7 4 23 20
570 1 18 31 12 15 26 10 8 9 24 11 28 6 16 14 3 13 25 5 27 29 19 17 21 2 22 32 30 7 4 23 20
571 1 18 31 12 15 26 10 8 9 24 11 28 6 16 14 3 13 25 5 27 29 19 17 21 2 22 32 30 7 4 23 20
572 1 18 31 12 15 26 10 8 9 24 11 28 6 16 14 3 13 25 5 27 29 19 17 21 2 22 32 30 7 4 23 20
573 1 18 31 12 15 26 10 8 9 24 11 28 6 16 14 3 13 25 5 27 29 19 17 21 2 22 32 30 7 4 23 20
574 1 18 31 12 15 26 10 8 9 24 11 28 6 16 14 3 13 25 5 27 29 19 17 21 2 22 32 30 7 4 23 20
575 1 18 31 12 15 26 10 8 9 24 11 28 6 16 14 3 13 25 5 27 29 19 17 21 2 22 32 30 7 4 23 20
576 1 18 31 12 15 26 10 8 9 24 11 28 6 16 14 3 13 25 5 27 29 19 17 21 2 22 32 30 7 4 23 20
577 1 18 31 12 15 26 10 8 9 24 11 28 6 16 14 3 13 25 5 27 29 19 17 21 2 22 32 30 7 4 23 20
578 1 18 31 12 15 26 10 8 9 24 11 28 6 16 14 3 13 25 5 27 29 19 17 21 2 22 32 30 7 4 23 20
579 1 18 31 12 15 26 10 8 9 24 11 28 6 16 14 3 13 25 5 27 29 19 17 21 2 22 32 30 7 4 23 20
580 1 18 31 12 15 26 10 8 9 24 11 28 6 16 14 3 13 25 5 27 29 19 17 21 2 22 32 30 7 4 23 20
581 1 18 31 12 15 26 10 8 9 24 11 28 6 16 14 3 13 25 5 27 29 19 17 21 2 22 32 30 7 4 23 20
582 1 18 31 12 15 26 10 8 9 24 11 28 6 16 14 3 13 25 5 27 29 19 17 21 2 22 32 30 7 4 23 20
583 1 18 31 12 15 26 10 8 9 24 11 28 6 16 14 3 13 25 5 27 29 19 17 21 2 22 32 30 7 4 23 20
584 1 18 31 12 15 26 10 8 9 24 11 28 6 16 14 3 13 25 5 27 29 19 17 21 2 22 32 30 7 4 23 20
585 1 18 31 12 15 26 10 8 9 24 11 28 6 16 14 3 13 25 5 27 29 19 17 21 2 22 32 30 7 4 23 20
586 1 18 31 12 15 26 10 8 9 24 11 28 6 16 14 3 13 25 5 27 29 19 17 21 2 22 32 30 7 4 23 20
587 1 18 31 12 15 26 10 8 9 24 11 28 6 16 14 3 13 25 5 27 29 19 17 21 2 22 32 30 7 4 23 20
588 1 18 31 12 15 26 10 8 9 24 11 28 6 16 14 3 13 25 5 27 29 19 17 21 2 22 32 30 7 4 23 20
589 1 18 31 12 15 26 10 8 9 24 11 28 6 16 14 3 13 25 5 27 29 19 17 21 2 22 32 30 7 4 23 20
590 1 18 31 12 15 26 10 8 9 24 11 28 6 16 14 3 13 25 5 27 29 19 17 21 2 22 32 30 7 4 23 20
591 1 18 31 12 15 26 10 8 9 24 11 28 6 16 14 3 13 25 5 27 29 19 17 21 2 22 32 30 7 4 23 20
592 1 18 31 12 15 26 10 8 9 24 11 28 6 16 14 3 13 25 5 27 29 19 17 21 2 22 32 30 7 4 23 20
593 1 18 31 12 15 26 10 8 9 24 11 28 6 16 14 3 13 25 5 27 29 19 17 21 2 22 32 30 7 4 23 20
594 1 18 31 12 15 26 10 8 9 24 11 28 6 16 14 3 13 25 5 27 29 19 17 21 2 22 32 30 7 4 23 20
595 1 18 31 12 15 26 10 8 9 24 11 28 6 16 14 3 13 25 5 27 29 19 17 21 2 22 32 30 7 4 23 20
596 1 18 31 12 15 26 10 8 9 24 11 28 6 16 14 3 13 25 5 27 29 19 17 21 2 22 32 30 7 4 23 20
597 1 18 31 12 15 26 10 8 9 24 11 28 6 16 14 3 13 25 5 27 29 19 17 21 2 22 32 30 7 4 23 20
598 1 18 31 12 15 26 10 8 9 24 11 28 6 16 14 3 13 25 5 27 29 19 17 21 2 22 32 30 7 4 23 20
599 1 18 31 12 15 26 10 8 9 24 11 28 6 16 14 3 13 25 5 27 29 19 17 21 2 22 32 30 7 4 23 20
600 1 18 31 12 15 26 10 8 9 24 11 28 6 16 14 3 13 25 5 27 29 19 17 21 2 22 32 30 7 4 23 20
