0.21444   0.437753   -0.0923471   0.214434   0.437758   -0.0923458
0.0914123   -0.317928   -0.178875   0.0914107   -0.317924   -0.178867
-0.0747791   -0.293844   0.454292   -0.0747776   -0.293845   0.454299
0.171444   0.323725   0.292671   0.171439   0.323728   0.29267
-0.264181   0.22428   0.389985   -0.264182   0.224276   0.389989
0.0428676   0.180542   0.334239   0.0428624   0.180537   0.33424
-0.122902   0.0541948   0.29356   -0.122911   0.0541927   0.293567
0.116389   0.423517   -0.303478   0.116387   0.423517   -0.303471
-0.110774   0.0130572   0.495129   -0.110775   0.0130551   0.495131
-0.392521   -0.385058   0.216245   -0.392526   -0.385057   0.216244
-0.118332   -0.486693   0.31419   -0.118334   -0.486691   0.31419
0.460684   0.365845   -0.0834693   0.460679   0.365841   -0.0834697
0.105286   0.261345   0.318054   0.105287   0.261348   0.318049
0.317394   0.191063   -0.389147   0.317394   0.191062   -0.389148
0.390207   0.312   -0.152582   0.390212   0.312001   -0.152581
0.396733   -0.229049   -0.349008   0.39673   -0.229049   -0.349007
-0.219581   0.179872   -0.16567   -0.219577   0.179869   -0.165669
0.362452   -0.45816   0.480491   0.362448   -0.458157   0.480496
-0.476253   0.059359   0.488401   -0.476249   0.0593608   0.488398
0.0645611   0.453291   -0.0296612   0.0645677   0.453288   -0.0296623
-0.293829   -0.478343   -0.0795465   -0.293828   -0.47835   -0.0795506
-0.231315   0.00916233   0.0372057   -0.231315   0.00916396   0.0372022
0.322592   0.161341   -0.068178   0.322595   0.161341   -0.06818
-0.456717   0.226118   0.0110574   -0.456719   0.226122   0.0110611
-0.365082   -0.0718541   0.168838   -0.365083   -0.0718476   0.168836
-0.317433   -0.194889   -0.202148   -0.317434   -0.19489   -0.202142
0.43499   0.117324   -0.365955   0.434991   0.117321   -0.365954
-0.263362   -0.166918   -0.374753   -0.263364   -0.16692   -0.374752
0.23968   -0.0310799   -0.272943   0.239686   -0.031079   -0.272944
0.141665   -0.432247   0.352986   0.141664   -0.432243   0.352984
-0.467005   0.101069   0.255346   -0.467007   0.101068   0.255345
0.123608   0.402452   0.485766   0.123605   0.402454   0.485772
0.448117   -0.116407   -0.351664   0.448107   -0.116409   -0.351669
0.12978   0.414969   -0.374568   0.129785   0.41497   -0.374566
0.3098   0.379784   0.13285   0.309795   0.379791   0.132847
-0.129941   -0.170684   -0.214386   -0.129942   -0.170686   -0.214387
-0.235611   -0.140307   0.224046   -0.235608   -0.140307   0.224043
-0.458366   0.475585   0.245093   -0.45836   0.475586   0.245101
0.135785   0.104113   0.305457   0.135778   0.104116   0.305446
0.194393   0.0659598   -0.457087   0.194391   0.0659596   -0.457081
-0.080053   0.153562   -0.488303   -0.0800604   0.153562   -0.488305
0.396638   0.388152   0.168841   0.396643   0.388155   0.168841
0.342231   0.481011   -0.445309   0.342233   0.481021   -0.445309
0.303981   0.245023   -0.253623   0.303981   0.24502   -0.253622
-0.375961   -0.298716   -0.339854   -0.375958   -0.298709   -0.339855
0.355414   -0.426214   0.247054   0.355415   -0.426219   0.24705
0.49978   -0.193108   -0.28805   0.499778   -0.193105   -0.288057
-0.479874   -0.4366   0.327865   -0.479875   -0.436611   0.327858
0.306186   -0.451244   0.121497   0.306189   -0.451248   0.121494
-0.208507   0.467781   -0.416799   -0.208507   0.467784   -0.416791
0.324463   0.40316   0.238379   0.324467   0.40316   0.238381
0.357767   0.328126   0.257679   0.357767   0.32812   0.257678
0.174341   -0.18756   -0.285224   0.174342   -0.187552   -0.285227
0.343755   0.18567   0.0597518   0.343757   0.185673   0.0597458
0.00595188   -0.254427   0.228674   0.00595241   -0.254421   0.228669
-0.350375   -0.0888506   -0.0754431   -0.350369   -0.0888525   -0.0754438
-0.368312   0.175462   0.191554   -0.36831   0.175458   0.19155
-0.252743   -0.100169   -0.0026801   -0.252745   -0.100169   -0.00269008
0.0838941   0.0356014   -0.138822   0.0838992   0.0356019   -0.138821
0.389842   0.189768   -0.230722   0.389853   0.189763   -0.230725
0.417241   -0.0334609   -0.449503   0.417243   -0.0334618   -0.449504
0.080635   0.0625667   -0.273482   0.0806357   0.0625668   -0.273485
0.111253   0.266498   0.198747   0.111254   0.266498   0.19875
-0.368647   0.18815   0.321184   -0.36865   0.188144   0.321187
-0.186907   0.30963   -0.46522   -0.186913   0.309625   -0.465218
0.491863   0.472443   -0.241694   0.491865   0.472449   -0.241697
-0.408754   0.250259   0.362096   -0.408746   0.250257   0.362095
0.341391   0.462923   -0.152801   0.341387   0.462923   -0.152806
0.164647   0.320931   -0.293715   0.164652   0.320929   -0.29371
-0.261311   -0.0455313   0.0829114   -0.261317   -0.0455304   0.0829125
-0.366077   0.150971   -0.384359   -0.366079   0.150965   -0.384362
-0.294801   0.191002   -0.482368   -0.294804   0.191007   -0.482365
0.110445   -0.117755   -0.29306   0.110439   -0.117756   -0.293065
-0.227778   -0.207966   0.281333   -0.227775   -0.207963   0.281334
0.359271   0.342226   -0.084966   0.359269   0.34223   -0.0849663
-0.40962   -0.0397646   -0.0989998   -0.409623   -0.0397632   -0.0989976
-0.206784   -0.174955   0.375494   -0.206788   -0.174956   0.375493
-0.237522   -0.331377   -0.280733   -0.237526   -0.331382   -0.280728
-0.479957   -0.269958   -0.168639   -0.479954   -0.269961   -0.16864
-0.388422   0.253847   0.288901   -0.388419   0.253847   0.288896
0.115966   -0.0396321   0.298087   0.115968   -0.0396347   0.298086
0.177985   -0.374508   -0.114355   0.177987   -0.374513   -0.11436
0.0272791   0.126715   0.0651931   0.0272835   0.126718   0.065192
-0.41532   0.0410265   0.231918   -0.41532   0.0410247   0.231912
0.0235795   -0.229737   -0.127057   0.0235807   -0.229746   -0.127056
-0.364415   0.193695   0.0198736   -0.364418   0.193694   0.0198759
0.46632   -0.193257   0.0068076   0.466319   -0.19326   0.00681299
-0.158148   -0.0548825   0.0375649   -0.158142   -0.0548792   0.037571
0.035474   -0.0695074   0.347469   0.0354759   -0.0695139   0.347472
-0.0905836   0.422597   0.126214   -0.0905904   0.422603   0.126214
-0.159967   0.0835082   0.42078   -0.159963   0.0835128   0.420775
0.100895   0.460802   0.0458015   0.100893   0.460802   0.0457971
0.406096   -0.119141   0.202587   0.406094   -0.11914   0.202584
0.04841   0.240895   -0.0718412   0.0484057   0.240891   -0.0718427
0.157535   -0.15597   0.453866   0.157536   -0.155964   0.453862
0.406216   0.205828   0.122792   0.406209   0.205832   0.122787
-0.480157   0.231934   0.254898   -0.480155   0.231932   0.254906
0.496392   0.101487   -0.268493   0.496399   0.101482   -0.268488
-0.401352   -0.113913   0.0336968   -0.401354   -0.113917   0.0336941
0.018256   0.401168   0.30259   0.0182543   0.401168   0.302595
-0.471871   -0.0681463   0.497567   -0.471873   -0.0681561   0.49757
0.388928   0.490536   0.246956   0.388923   0.49054   0.246949
-0.107776   0.341774   -0.34613   -0.107779   0.341784   -0.346127
-0.183587   -0.100229   -0.0944643   -0.183581   -0.100225   -0.0944621
0.0907156   0.357409   0.280062   0.0907158   0.357407   0.28007
-0.0575827   0.0842115   0.15721   -0.0575733   0.0842053   0.157212
0.0604105   0.116594   -0.175358   0.0604164   0.116597   -0.175358
0.275172   -0.38288   -0.23252   0.275169   -0.382874   -0.232513
