0 0 0
1 0.110003 0.188538
2 0.00203022 0.160152
3 0.0970412 0.186869
4 0.485757 0.165563
5 0.220089 0.199418
6 0.497041 0.192101
7 0.330488 0.16196
8 -0.0501543 0.16684
9 0.0155852 0.191028
10 -0.0154583 0.180661
11 0.251894 0.179557
12 0.200328 0.167602
13 0.425542 0.198401
14 0.125727 0.174906
15 0.150639 0.166654
16 0.0612311 0.195561
17 0.0428481 0.155551
18 0.114504 0.17467
19 0.189482 0.170291
20 0.17495 0.192803
21 0.411386 0.178335
22 0.0902157 0.178193
23 0.220411 0.201577
24 0.0190764 0.173074
25 0.284663 0.162838
26 0.0283758 0.190617
27 -0.0341127 0.183688
28 0.129054 0.155838
29 0.201464 0.184853
30 -0.0426066 0.167618
31 -0.018841 0.165922
32 0.297891 0.171188
33 0.467928 0.167452
34 0.08729 0.180808
35 0.480403 0.175584
36 0.284289 0.150685
37 0.197845 0.169352
38 0.371562 0.150302
39 0.179087 0.173085
40 0.234303 0.163801
41 0.390678 0.177724
42 0.621173 0.1665
43 0.21527 0.159368
44 0.364865 0.189193
45 0.41595 0.162879
46 0.223583 0.153009
47 0.28943 0.183161
48 0.349198 0.185726
49 0.126968 0.192658
50 0.278123 0.157124
51 0.236362 0.174104
52 0.290553 0.165226
53 0.523501 0.166519
54 0.4421 0.186011
55 0.0228469 0.153636
56 0.238668 0.177293
57 0.496967 0.178527
58 0.291205 0.147495
59 0.20169 0.177409
60 0.341398 0.176861
61 0.738946 0.156627
62 0.569429 0.177167
63 0.112637 0.14784
64 0.380984 0.170283
65 0.273812 0.152945
66 0.397178 0.17928
67 0.335066 0.128989
68 0.211974 0.154099
69 0.343361 0.157371
70 0.199463 0.17112
71 0.460598 0.156795
72 0.43547 0.153719
73 0.284818 0.158875
74 0.247829 0.162109
75 0.377074 0.160235
76 0.407124 0.153058
77 0.40578 0.158431
78 0.584341 0.163854
79 0.238215 0.153162
80 0.0519566 0.168046
81 0.157468 0.179897
82 0.463146 0.164428
83 0.44024 0.134627
84 0.537925 0.168827
85 0.553992 0.163896
86 0.0741703 0.159552
87 0.274539 0.16107
88 0.113099 0.15927
89 0.603947 0.143256
90 0.668626 0.151751
91 0.399217 0.14777
92 0.372719 0.169247
93 0.343098 0.151714
94 0.404804 0.17092
95 0.106633 0.163929
96 -0.0703594 0.161777
97 0.39626 0.159152
98 0.581506 0.157616
99 0.451863 0.157917
100 0.229256 0.163627
101 0.372238 0.156797
102 0.0754587 0.18887
103 0.446047 0.152152
104 0.0997626 0.143122
105 0.198036 0.153753
106 0.2259 0.175498
107 0.261053 0.174659
108 0.346154 0.169022
109 0.423782 0.162
110 0.222081 0.150051
111 0.175994 0.18466
112 0.184145 0.161027
113 0.483908 0.158295
114 0.427284 0.156099
115 0.552735 0.179337
116 0.322576 0.16119
117 0.390351 0.153623
118 0.254416 0.161095
119 0.397668 0.151396
120 0.17543 0.166765
121 -0.113216 0.162411
122 0.301505 0.1641
123 0.349702 0.152833
124 0.433241 0.15386
125 0.246411 0.141207
126 0.285348 0.153543
127 -0.0659666 0.167647
128 0.225184 0.180602
129 0.568177 0.145943
130 0.308745 0.163506
131 0.267151 0.150929
132 0.623247 0.1672
133 0.44131 0.161604
134 0.487077 0.16451
135 0.2401 0.1678
136 0.421506 0.158726
137 0.272194 0.172009
138 0.188967 0.167304
139 0.0192087 0.179114
140 0.403895 0.159938
141 0.351814 0.160911
142 0.433137 0.152751
143 0.432206 0.160535
144 0.37413 0.164814
145 0.102764 0.150729
146 0.280293 0.158879
147 0.469709 0.179743
148 0.439797 0.146971
149 0.372321 0.141968
150 0.203088 0.160876
151 0.415381 0.161155
152 0.279864 0.156443
153 0.26744 0.137238
154 0.295916 0.154357
155 0.272632 0.154035
156 0.0531744 0.166549
157 0.0907581 0.151958
158 0.486231 0.17418
159 0.345041 0.157926
160 -0.01418 0.176538
161 0.304565 0.150008
162 0.312812 0.169156
163 0.2577 0.180894
164 0.380645 0.170519
165 0.417853 0.151252
166 0.61757 0.168787
167 0.510702 0.149983
168 0.262011 0.177014
169 0.344551 0.152496
170 0.362599 0.157159
171 0.317288 0.156418
172 0.445632 0.169289
173 0.359214 0.164337
174 0.438294 0.148307
175 0.0427233 0.168977
176 0.329028 0.172074
177 0.337857 0.160113
178 0.317079 0.163477
179 0.404824 0.15199
180 0.354209 0.17001
181 0.365418 0.16244
182 0.231348 0.157791
183 0.303199 0.162528
184 0.127641 0.173349
185 0.354968 0.140534
186 0.127904 0.16748
187 0.377519 0.15868
188 0.357003 0.161948
189 0.334811 0.161899
190 0.738746 0.199631
191 0.357111 0.17566
192 0.230599 0.15721
193 0.664203 0.167989
194 0.253752 0.159019
195 0.537654 0.16202
196 -0.0849445 0.184513
197 0.170936 0.179948
198 0.2756 0.177052
199 0.470839 0.155737
200 0.175881 0.177045
201 0.351019 0.165333
202 -0.189719 0.175845
203 0.441211 0.1673
204 0.228368 0.163168
205 0.38479 0.154848
206 -0.0979579 0.154186
207 0.306532 0.15737
208 0.223265 0.147263
209 0.369742 0.149142
210 0.359644 0.166707
211 0.187827 0.140447
212 0.433379 0.168115
213 0.396091 0.15512
214 0.550227 0.16448
215 0.494136 0.152115
216 0.193623 0.148799
217 0.484469 0.169618
218 0.221346 0.169923
219 0.345989 0.168171
220 0.0930935 0.178141
221 0.34828 0.157833
222 0.382657 0.158083
223 0.363391 0.169659
224 0.402095 0.160988
225 0.137993 0.164896
226 0.38558 0.182063
227 -0.143496 0.171605
228 0.248255 0.16278
229 0.22718 0.182565
230 0.212874 0.170653
231 0.110654 0.157952
232 0.245412 0.176636
233 0.249077 0.169783
234 0.560771 0.156265
235 0.292488 0.157887
236 0.507683 0.159733
237 0.33416 0.162678
238 0.15609 0.180371
239 0.486607 0.14488
240 0.077501 0.168174
241 0.355927 0.167826
242 0.0167206 0.15913
243 0.46274 0.176704
244 0.178746 0.16404
245 0.191251 0.175333
246 0.14099 0.15519
247 0.444144 0.168212
248 0.661123 0.182183
249 -0.00561174 0.166196
250 0.32336 0.173323
251 0.396456 0.164658
252 0.161776 0.158117
253 0.385935 0.166693
254 0.376795 0.161917
255 0.180046 0.172025
256 0.601178 0.176134
257 0.388468 0.179685
258 0.123265 0.18339
259 0.12143 0.180677
260 0.284604 0.170025
261 0.115126 0.151832
262 0.220329 0.178535
263 0.344604 0.176134
264 0.560869 0.177781
265 0.503413 0.175037
266 0.17851 0.163344
267 -0.0364714 0.197177
268 0.100699 0.17511
269 0.407188 0.164398
270 0.273228 0.156498
271 0.205175 0.15023
272 0.0693285 0.16516
273 0.0608856 0.185982
274 0.164201 0.172634
275 0.404974 0.200748
276 0.370671 0.167502
277 -0.0237627 0.172884
278 0.212073 0.179955
279 0.17594 0.17726
280 0.291642 0.187147
281 -0.140389 0.185272
282 0.523638 0.20148
283 -0.0177323 0.181761
284 0.250639 0.157846
285 0.175155 0.170965
286 0.421187 0.187307
287 0.131182 0.148545
288 0.421474 0.201797
289 0.11689 0.181895
290 0.143424 0.183247
291 0.118533 0.169456
292 -0.0386302 0.173374
293 -0.224984 0.176075
294 0.0579748 0.194224
295 0.0138357 0.205247
296 -0.0359577 0.160408
297 0.0582292 0.183117
298 -0.0216228 0.195024
299 0 0
