0 -0.460178 0.00214064
1 -0.474663 0.00207684
2 -0.487846 0.00206411
3 -0.501146 0.00203284
4 -0.513746 0.00203389
5 -0.525244 0.00197012
6 -0.537157 0.0019548
7 -0.547716 0.00188149
8 -0.55771 0.00188791
9 -0.567238 0.00179978
10 -0.576305 0.00169389
11 -0.586283 0.00159184
12 -0.594949 0.00155849
13 -0.603325 0.00151518
14 -0.611296 0.00145306
15 -0.618809 0.00141668
16 -0.626051 0.00138441
17 -0.632614 0.00140136
18 -0.638745 0.00142879
19 -0.64503 0.00144295
20 -0.651224 0.00138573
21 -0.656599 0.00138176
22 -0.662059 0.0013657
23 -0.667368 0.00136286
24 -0.672271 0.00133612
25 -0.677307 0.00131397
26 -0.682148 0.00128873
27 -0.687045 0.00126327
28 -0.690769 0.00123521
29 -0.695321 0.00118609
30 -0.699013 0.00116885
31 -0.702995 0.00115576
32 -0.706595 0.00115075
33 -0.710649 0.00112036
34 -0.713931 0.00115963
35 -0.717126 0.00117712
36 -0.719963 0.001175
37 -0.723113 0.00117786
38 -0.725838 0.001187
39 -0.728407 0.00118344
40 -0.731033 0.0011971
41 -0.733405 0.00116306
42 -0.735945 0.00114308
43 -0.738225 0.0011494
44 -0.740221 0.00113771
45 -0.742263 0.00111889
46 -0.744437 0.00110134
47 -0.746645 0.00110341
48 -0.748139 0.00110429
49 -0.750132 0.00111504
50 -0.752217 0.00107921
51 -0.754022 0.00109647
52 -0.755212 0.00110692
53 -0.757155 0.00107463
54 -0.758242 0.00106188
55 -0.759311 0.00100723
56 -0.760474 0.00099372
57 -0.76198 0.000989977
58 -0.763328 0.00100541
59 -0.764662 0.000954405
60 -0.765353 0.000995047
61 -0.766672 0.00100197
62 -0.767698 0.0010113
63 -0.768361 0.00100075
64 -0.769611 0.000999668
65 -0.770841 0.000998991
66 -0.771742 0.000972731
67 -0.772302 0.000939762
68 -0.773299 0.00094513
69 -0.774285 0.000945526
70 -0.775471 0.00092297
71 -0.775945 0.000959008
72 -0.777166 0.000955499
73 -0.777455 0.000925852
74 -0.778248 0.000911593
75 -0.778485 0.000916284
76 -0.779251 0.000921834
77 -0.779909 0.000907984
78 -0.780487 0.000911409
79 -0.781652 0.000884735
80 -0.782419 0.000864516
81 -0.78299 0.000903633
82 -0.783354 0.000936979
83 -0.7839 0.000931844
84 -0.784643 0.000933631
85 -0.78519 0.000953494
86 -0.785639 0.000938752
87 -0.786411 0.000943332
88 -0.787096 0.00093783
89 -0.787406 0.000914049
90 -0.787765 0.000927439
91 -0.788168 0.000918898
92 -0.788518 0.000907857
93 -0.788538 0.000914559
94 -0.789339 0.00092055
95 -0.789502 0.00088826
96 -0.78986 0.000881216
97 -0.789792 0.000842106
98 -0.789984 0.000835491
99 -0.790604 0.000837462
100 -0.790862 0.000863682
101 -0.790996 0.000862308
102 -0.791107 0.000871523
103 -0.791256 0.000825563
104 -0.791203 0.00083367
105 -0.791326 0.00086584
106 -0.791665 0.000857397
107 -0.791297 0.000896015
108 -0.79129 0.000884453
109 -0.791558 0.000912117
110 -0.791584 0.000930259
111 -0.791822 0.000887545
112 -0.791891 0.00084997
113 -0.791975 0.000842602
114 -0.791873 0.000859249
115 -0.791832 0.000879674
116 -0.791768 0.000921657
117 -0.791859 0.000948606
118 -0.791646 0.000918926
119 -0.791944 0.000899749
120 -0.792053 0.000858711
121 -0.79261 0.000845845
122 -0.792221 0.000864916
123 -0.792281 0.000890092
124 -0.792708 0.000896497
125 -0.792936 0.000917568
126 -0.793041 0.000949419
127 -0.793021 0.000899102
128 -0.793078 0.000933989
129 -0.793224 0.000932439
130 -0.793417 0.000935488
131 -0.793813 0.000930792
132 -0.793802 0.00094707
133 -0.793881 0.000944009
134 -0.793854 0.000923389
135 -0.793909 0.00090837
136 -0.794034 0.000892982
137 -0.793734 0.000890204
138 -0.793649 0.000869547
139 -0.794054 0.000873862
140 -0.79417 0.000839738
141 -0.79411 0.000840664
142 -0.794075 0.000869902
143 -0.79401 0.000879576
144 -0.794059 0.000874645
145 -0.794224 0.0008654
146 -0.794154 0.000870158
147 -0.794011 0.000847752
148 -0.79383 0.000879543
149 -0.793919 0.000921971
150 -0.794268 0.000950941
151 -0.793954 0.000926586
152 -0.793999 0.000912638
153 -0.794103 0.000906008
154 -0.794266 0.00089183
155 -0.793813 0.000909072
156 -0.793731 0.000901492
157 -0.793673 0.00090982
158 -0.793615 0.000871051
159 -0.793571 0.000889106
160 -0.793857 0.000909104
161 -0.793681 0.000912953
162 -0.793859 0.000935675
163 -0.794073 0.00092151
164 -0.79392 0.000935122
165 -0.793968 0.000928695
166 -0.79367 0.000915613
167 -0.79344 0.00091748
168 -0.793608 0.000907569
169 -0.793621 0.000915681
170 -0.793606 0.000910587
171 -0.793697 0.000887329
172 -0.793613 0.000890249
173 -0.79345 0.000897264
174 -0.793367 0.000849872
175 -0.79301 0.000862116
176 -0.79266 0.000856342
177 -0.792493 0.000829713
178 -0.792505 0.000817242
179 -0.792253 0.000802955
180 -0.792459 0.00079868
181 -0.792472 0.000811633
182 -0.792187 0.00080496
183 -0.791974 0.000789242
184 -0.79196 0.00079732
185 -0.791594 0.000804114
186 -0.791256 0.000813453
187 -0.79093 0.00078057
188 -0.790945 0.000773913
189 -0.790862 0.000794433
190 -0.790806 0.000802908
191 -0.790419 0.000847008
192 -0.790017 0.000866736
193 -0.789752 0.000869856
194 -0.789642 0.000845181
195 -0.789433 0.000856224
196 -0.789185 0.000880733
197 -0.788912 0.000865296
198 -0.788196 0.000863626
199 -0.78838 0.000848378
200 -0.788332 0.000842245
201 -0.787903 0.000836605
202 -0.787677 0.000840395
203 -0.787415 0.000812701
204 -0.787105 0.000793976
205 -0.7866 0.000808434
206 -0.786482 0.000804266
207 -0.785913 0.000818904
208 -0.785416 0.000832611
209 -0.785067 0.000857903
210 -0.784831 0.000868379
211 -0.784498 0.000878291
212 -0.784291 0.000863038
213 -0.78389 0.0008863
214 -0.783759 0.000916141
215 -0.783665 0.000954405
216 -0.783323 0.00096507
217 -0.782844 0.000945022
218 -0.782102 0.000960813
219 -0.78155 0.000986668
220 -0.78053 0.00103517
221 -0.779766 0.00101547
222 -0.779471 0.000996825
223 -0.778807 0.00097931
224 -0.77769 0.00101365
225 -0.776517 0.00100622
226 -0.775714 0.000989957
227 -0.774793 0.000945279
228 -0.774314 0.000964224
229 -0.773654 0.000960931
230 -0.772845 0.00095132
231 -0.771938 0.000975133
232 -0.771383 0.0009863
233 -0.770664 0.00096626
234 -0.769838 0.00100704
235 -0.768694 0.00100692
236 -0.767274 0.00100587
237 -0.766277 0.00100734
238 -0.76503 0.00100703
239 -0.763789 0.00102336
240 -0.762798 0.0010774
241 -0.762076 0.00106364
242 -0.760717 0.00107202
243 -0.759269 0.00106168
244 -0.758342 0.00108369
245 -0.75735 0.00112524
246 -0.755935 0.00110429
247 -0.754066 0.00114144
248 -0.752361 0.00113567
249 -0.750455 0.00115922
250 -0.748663 0.00119783
251 -0.746907 0.00121635
252 -0.744463 0.00120301
253 -0.74235 0.00118516
254 -0.74012 0.00118729
255 -0.7377 0.00116741
256 -0.735322 0.0010778
257 -0.732925 0.00111044
258 -0.730854 0.00109937
259 -0.728422 0.00111262
260 -0.7262 0.0011071
261 -0.723528 0.00113498
262 -0.720599 0.00114162
263 -0.71796 0.00116177
264 -0.714711 0.0011664
265 -0.711464 0.00119439
266 -0.707655 0.00118796
267 -0.704494 0.00119559
268 -0.700445 0.00124403
269 -0.697136 0.00122962
270 -0.69267 0.00125365
271 -0.688769 0.00125859
272 -0.684734 0.00130753
273 -0.680436 0.00127233
274 -0.675861 0.00132478
275 -0.670633 0.00138385
276 -0.66542 0.00139588
277 -0.659959 0.00142382
278 -0.655201 0.00150292
279 -0.649345 0.0014853
280 -0.643167 0.00149712
281 -0.637193 0.00150109
282 -0.629791 0.00158566
283 -0.622951 0.00157908
284 -0.615569 0.00159682
285 -0.608181 0.00159953
286 -0.600179 0.00158302
287 -0.5917 0.00158911
288 -0.583354 0.00164291
289 -0.573768 0.00164679
290 -0.563891 0.00173241
291 -0.553547 0.00183072
292 -0.542849 0.00183815
293 -0.532201 0.00183553
294 -0.520441 0.00184183
295 -0.508208 0.00187728
296 -0.495625 0.00195294
297 -0.482391 0.00200354
298 -0.468177 0.00199638
299 -0.453435 0.00208092
