           1   -0.003456   -0.003456           0
           2    0.000876    -0.00129    0.002166
           3   -0.005636 -0.00273867  0.00191376
           4    0.003548   -0.001167  0.00207398
           5   -0.003564  -0.0016464   0.0016765
           6    0.016088  0.00130933  0.00325732
           7    -0.00604 0.000259429  0.00294635
           8   -0.008888   -0.000884   0.0027961
           9   -0.004872 -0.00132711  0.00250542
          10   -0.004096   -0.001604  0.00225796
          11    0.001408 -0.00133018  0.00206067
          12   -0.006288 -0.00174333  0.00192596
          13    0.006212 -0.00113138  0.00187434
          14   -0.000724 -0.00110229  0.00173555
          15    0.000432      -0.001  0.00161894
          16    0.000828 -0.00088575  0.00151868
          17     0.00024-0.000819529  0.00142809
          18     0.01782    0.000216  0.00169858
          19    -0.00832-0.000233263  0.00166832
          20    0.005556    5.62e-05  0.00160896
          21     -0.0038-0.000127429   0.0015414
          22   -0.002948-0.000255636  0.00147525
          23   -0.001692-0.000318087  0.00141104
          24    0.003044   -0.000178  0.00135821
          25    0.006292    8.08e-05   0.0013282
          26    0.002528 0.000174923  0.00127956
          27   -0.004432  4.2963e-06  0.00124303
          28   -0.003832-0.000132714  0.00120562
          29    -0.00492-0.000297793  0.00117496
          30    -2.4e-05-0.000288667  0.00113516
          31    0.006376-7.36774e-05  0.00111878
          32   -0.003596 -0.00018375  0.00108883
          33    0.003532-7.11515e-05  0.00106131
          34    0.011596    0.000272   0.0010853
          35   -0.016636-0.000211086  0.00115928
          36      0.0025-0.000135778  0.00112914
          37   -0.005392-0.000277838  0.00110734
          38    0.011852 4.13684e-05  0.00112408
          39   -0.008188-0.000169641  0.00111503
          40    0.004312   -5.76e-05  0.00109256
          41   -0.000264-6.26341e-05  0.00106559
          42    0.005188  6.2381e-05   0.0010474
          43   -0.004528-4.43721e-05   0.0010283
          44    0.006084 9.49091e-05  0.00101427
          45    0.000416 0.000102044   0.0009915
          46   -0.004708-2.52174e-06 0.000975328
          47    -0.00808-0.000174383 0.000969702
          48    0.002832 -0.00011175 0.000951349
          49    -0.00176-0.000145388 0.000932338
          50   -0.006564 -0.00027376 0.000922477
          51    0.006012 -0.00015051  0.00091257
          52    0.001644   -0.000116 0.000895513
          53    0.006664 1.19245e-05  0.00088772
          54    0.000936  2.9037e-05 0.000871294
          55   -0.001604-6.54545e-07  0.00085582
          56    0.001284 2.22857e-05 0.000840712
          57   -0.008348-0.000124561 0.000838785
          58   -0.003532 -0.00018331 0.000826288
          59    0.000416-0.000173153 0.000812226
          60   -0.001076  -0.0001882 0.000798716
          61   -0.003484 -0.00024223 0.000787369
          62    -0.00154-0.000263161 0.000774848
          63   -0.005064-0.000339365 0.000766248
          64   -0.002832-0.000378312 0.000755186
          65    0.008628-0.000239754 0.000756278
          66    0.006408 -0.00013903 0.000751511
          67    0.001572-0.000113493  0.00074065
          68   -0.013836-0.000315294 0.000757068
          69   -0.001364-0.000330493  0.00074617
          70    0.007248-0.000222229  0.00074336
          71   -0.004208-0.000278366 0.000734962
          72   -0.006112-0.000359389 0.000729198
          73    0.005572-0.000278137 0.000723715
          74    0.008496-0.000159568 0.000723648
          75   -0.000396 -0.00016272 0.000713941
          76   -0.000336   -0.000165 0.000704488
          77   -0.002512-0.000195481 0.000695946
          78     0.00112-0.000178615 0.000687173
          79    0.009732-5.31646e-05  0.00068992
          80    -0.00602 -0.00012775 0.000685313
          81    -0.00556-0.000194815 0.000680114
          82    0.007068-0.000106244 0.000677582
          83     0.00118 -9.0747e-05 0.000669548
          84     0.00108-7.68095e-05 0.000661676
          85   -0.014956-0.000251859 0.000676872
          86    0.009068-0.000143488 0.000677677
          87   -0.001564-0.000159816 0.000670041
          88    0.008688-5.92727e-05  0.00066997
          89     0.01248  8.1618e-05 0.000677218
          90    0.006732 0.000155511 0.000673715
          91    0.009348 0.000256527 0.000673885
          92    0.006624 0.000325739 0.000670104
          93    0.005524 0.000381634 0.000665212
          94    0.007424 0.000456553 0.000662347
          95    0.007768 0.000533516 0.000659842
          96   -0.003424 0.000492292 0.000654233
          97    0.001592 0.000503629 0.000647552
          98   -0.008088 0.000415959 0.000646879
          99    -0.00916 0.000319232 0.000647576
         100    -0.00186  0.00029744 0.000641438
