           1   0.0489102   0.0489102           0
           2   0.0493772   0.0491437 0.000233538
           3   0.0494216   0.0492363 0.000163593
           4    0.049025   0.0491835 0.000127178
           5   0.0487557   0.0490979  0.00013048
           6   0.0490201    0.049085 0.000107324
           7   0.0494787   0.0491412 0.000106731
           8   0.0492266   0.0491519 9.30465e-05
           9   0.0484803   0.0490773 0.000110917
          10   0.0491688   0.0490864 9.96284e-05
          11    0.048419   0.0490257 0.000108641
          12   0.0489463   0.0490191  9.9396e-05
          13   0.0499646   0.0490919 0.000116832
          14    0.049665   0.0491328 0.000115655
          15   0.0498221   0.0491787 0.000117066
          16   0.0493754    0.049191 0.000110193
          17   0.0486105   0.0491569 0.000108996
          18   0.0489938   0.0491478 0.000103161
          19   0.0500633    0.049196 0.000108828
          20   0.0491724   0.0491948  0.00010325
          21   0.0491111   0.0491908 9.82908e-05
          22   0.0486642   0.0491669 9.67261e-05
          23   0.0492805   0.0491718  9.2557e-05
          24   0.0492199   0.0491738 8.86392e-05
          25   0.0487385   0.0491564 8.67851e-05
          26   0.0492296   0.0491592 8.34279e-05
          27   0.0488427   0.0491475 8.11301e-05
          28   0.0492589   0.0491515   7.828e-05
          29   0.0495387   0.0491648 7.67033e-05
          30   0.0491219   0.0491634 7.41162e-05
          31   0.0490317   0.0491592 7.18114e-05
          32   0.0489727   0.0491533 6.97748e-05
          33   0.0501106   0.0491823  7.3586e-05
          34   0.0491799   0.0491823  7.1389e-05
          35   0.0489907   0.0491768 6.95351e-05
          36   0.0489247   0.0491698 6.79379e-05
          37   0.0484872   0.0491513 6.86034e-05
          38    0.049381   0.0491574 6.70467e-05
          39   0.0487326   0.0491465 6.62068e-05
          40   0.0491333   0.0491462 6.45313e-05
          41   0.0489358    0.049141 6.31466e-05
          42   0.0487038   0.0491306 6.24977e-05
          43   0.0485382   0.0491169 6.25628e-05
          44   0.0488283   0.0491103 6.14753e-05
          45   0.0491298   0.0491107 6.00952e-05
          46    0.049359   0.0491161 5.90216e-05
          47   0.0483683   0.0491002  5.9904e-05
          48    0.049201   0.0491023 5.86803e-05
          49   0.0491337    0.049103 5.74739e-05
          50   0.0495288   0.0491115 5.69532e-05
          51   0.0496387   0.0491218 5.67746e-05
          52   0.0486886   0.0491135 5.62919e-05
          53   0.0488507   0.0491085 5.54417e-05
          54   0.0490404   0.0491073   5.442e-05
          55    0.048573   0.0490975 5.42974e-05
          56   0.0488152   0.0490925 5.35569e-05
          57   0.0492735   0.0490957 5.27047e-05
          58   0.0487973   0.0490905 5.20429e-05
          59   0.0487807   0.0490853  5.1422e-05
          60   0.0490805   0.0490852 5.05577e-05
          61   0.0492671   0.0490882 4.98114e-05
          62   0.0492506   0.0490908 4.90713e-05
          63   0.0487956   0.0490861 4.85129e-05
          64   0.0487055   0.0490802 4.81178e-05
          65   0.0492968   0.0490835 4.74888e-05
          66   0.0490973   0.0490837 4.67642e-05
          67   0.0483803   0.0490732 4.72422e-05
          68   0.0490434   0.0490728 4.65443e-05
          69   0.0495128   0.0490792 4.63061e-05
          70   0.0486378   0.0490729 4.60733e-05
          71   0.0492188   0.0490749 4.54662e-05
          72   0.0493261   0.0490784 4.49658e-05
          73   0.0487565    0.049074 4.45643e-05
          74   0.0484751   0.0490659 4.46966e-05
          75   0.0493901   0.0490702  4.4308e-05
          76   0.0493926   0.0490745 4.39265e-05
          77   0.0488958   0.0490721 4.34143e-05
          78   0.0496451   0.0490795 4.34791e-05
          79   0.0488561   0.0490767 4.30182e-05
          80   0.0492392   0.0490787 4.25256e-05
          81    0.049169   0.0490798 4.20121e-05
          82   0.0486425   0.0490745 4.18379e-05
          83   0.0492047    0.049076 4.13605e-05
          84   0.0489192   0.0490742 4.09078e-05
          85    0.049309   0.0490769 4.05179e-05
          86   0.0494965   0.0490818 4.03402e-05
          87   0.0493695   0.0490851 4.00107e-05
          88   0.0490845   0.0490851 3.95534e-05
          89   0.0490303   0.0490845 3.91113e-05
          90   0.0488133   0.0490815 3.87915e-05
          91    0.048772   0.0490781 3.85133e-05
          92   0.0493215   0.0490807 3.81841e-05
          93   0.0486904   0.0490765 3.80039e-05
          94      0.0485   0.0490704 3.80943e-05
          95   0.0492445   0.0490722 3.77357e-05
          96   0.0490718   0.0490722 3.73405e-05
          97    0.049089   0.0490724  3.6954e-05
          98   0.0492317    0.049074  3.6611e-05
          99    0.048911   0.0490724 3.62767e-05
         100   0.0490127   0.0490718 3.59171e-05
