0.000000e+00  0.000000e+00  0.000000e+00
6.463304e-02  0.000000e+00  0.000000e+00
1.292661e-01  0.000000e+00  0.000000e+00
1.938991e-01  0.000000e+00  0.000000e+00
2.585322e-01  0.000000e+00  0.000000e+00
3.231652e-01  0.000000e+00  0.000000e+00
3.877982e-01  0.000000e+00  0.000000e+00
4.524313e-01  0.000000e+00  0.000000e+00
5.170643e-01  0.000000e+00  0.000000e+00
5.816974e-01  0.000000e+00  0.000000e+00
6.463304e-01  0.000000e+00  0.000000e+00
7.109634e-01  0.000000e+00  0.000000e+00
7.755965e-01  0.000000e+00  0.000000e+00
8.402295e-01  9.938129e-04  9.522057e-05
9.048626e-01  1.469142e-01  1.102999e-03
9.694956e-01  1.071502e+00  3.160657e-03
1.034129e+00  2.045018e+00  4.982168e-03
1.098762e+00  2.258114e+00  5.227472e-03
1.163395e+00  2.085568e+00  4.646749e-03
1.228028e+00  1.830632e+00  4.067368e-03
1.292661e+00  1.615943e+00  3.800517e-03
1.357294e+00  1.455873e+00  3.123374e-03
1.421927e+00  1.332461e+00  2.363467e-03
1.486560e+00  1.246726e+00  2.292039e-03
1.551193e+00  1.187677e+00  2.322172e-03
1.615826e+00  1.142443e+00  2.022248e-03
1.680459e+00  1.114737e+00  1.739502e-03
1.745092e+00  1.089519e+00  1.854531e-03
1.809725e+00  1.073580e+00  1.536922e-03
1.874358e+00  1.059479e+00  1.790840e-03
1.938991e+00  1.060929e+00  1.659550e-03
2.003624e+00  1.057836e+00  1.599038e-03
2.068257e+00  1.055748e+00  1.559089e-03
2.132890e+00  1.050459e+00  1.512762e-03
2.197523e+00  1.046611e+00  1.512985e-03
2.262156e+00  1.042745e+00  1.587877e-03
2.326789e+00  1.035936e+00  1.387817e-03
2.391423e+00  1.029979e+00  1.127970e-03
2.456056e+00  1.027289e+00  1.316460e-03
2.520689e+00  1.021022e+00  1.199217e-03
2.585322e+00  1.016941e+00  1.212744e-03
2.649955e+00  1.013197e+00  1.042523e-03
2.714588e+00  1.010086e+00  1.214913e-03
2.779221e+00  1.006113e+00  1.167963e-03
2.843854e+00  1.005210e+00  1.051949e-03
2.908487e+00  1.002069e+00  1.041955e-03
2.973120e+00  1.001629e+00  1.043586e-03
3.037753e+00  1.000853e+00  1.004400e-03
3.102386e+00  9.985539e-01  8.432290e-04
3.167019e+00  9.986871e-01  9.661286e-04
3.231652e+00  9.971443e-01  9.023733e-04
3.296285e+00  9.933089e-01  9.571497e-04
3.360918e+00  9.937248e-01  8.199281e-04
3.425551e+00  9.959516e-01  9.066371e-04
3.490184e+00  9.927720e-01  7.864210e-04
3.554817e+00  9.920468e-01  8.083958e-04
3.619450e+00  9.925006e-01  7.808576e-04
3.684083e+00  9.893992e-01  7.791244e-04
3.748716e+00  9.905737e-01  7.948200e-04
3.813349e+00  9.916944e-01  7.318975e-04
3.877982e+00  9.902052e-01  8.839151e-04
3.942615e+00  9.909870e-01  7.270744e-04
4.007249e+00  9.899770e-01  6.516381e-04
4.071882e+00  9.893830e-01  8.274180e-04
4.136515e+00  9.893050e-01  7.657796e-04
4.201148e+00  9.887196e-01  7.633711e-04
4.265781e+00  9.875482e-01  6.511383e-04
4.330414e+00  9.884717e-01  7.309151e-04
4.395047e+00  9.880702e-01  6.033188e-04
4.459680e+00  9.882973e-01  6.820342e-04
4.524313e+00  9.878760e-01  5.944835e-04
4.588946e+00  9.878573e-01  6.895611e-04
4.653579e+00  9.870879e-01  5.776531e-04
4.718212e+00  9.868220e-01  6.197054e-04
4.782845e+00  9.872051e-01  6.456170e-04
4.847478e+00  9.863171e-01  5.262642e-04
4.912111e+00  9.864672e-01  5.705393e-04
4.976744e+00  9.876621e-01  5.758585e-04
5.041377e+00  9.857345e-01  5.165569e-04
5.106010e+00  9.866865e-01  6.404801e-04
5.170643e+00  9.867434e-01  5.593836e-04
5.235276e+00  9.860849e-01  5.201799e-04
5.299909e+00  9.871844e-01  5.177185e-04
5.364542e+00  9.863147e-01  5.817419e-04
5.429175e+00  9.867416e-01  5.569519e-04
5.493808e+00  9.858253e-01  4.794359e-04
5.558442e+00  9.856698e-01  5.272766e-04
5.623075e+00  9.863627e-01  5.049272e-04
5.687708e+00  9.863731e-01  5.301937e-04
5.752341e+00  9.856571e-01  4.668593e-04
5.816974e+00  9.858353e-01  5.131675e-04
5.881607e+00  9.857443e-01  4.617753e-04
5.946240e+00  9.860502e-01  4.813663e-04
6.010873e+00  9.858489e-01  5.143774e-04
6.075506e+00  9.864700e-01  4.989578e-04
6.140139e+00  9.863661e-01  4.503293e-04
6.204772e+00  9.853539e-01  4.498603e-04
6.269405e+00  9.865569e-01  4.572336e-04
6.334038e+00  9.858288e-01  4.555397e-04
6.398671e+00  9.854020e-01  3.968214e-04
