           1   -0.423326   -0.423326           0
           2   -0.410812   -0.417069  0.00625703
           3   -0.415177   -0.416438  0.00366713
           4   -0.419342   -0.417164  0.00269277
           5   -0.413962   -0.416524  0.00218192
           6   -0.414011   -0.416105   0.0018301
           7   -0.406121   -0.414679    0.002104
           8   -0.412308   -0.414382  0.00184606
           9   -0.410988   -0.414005  0.00167119
          10   -0.414251    -0.41403  0.00149496
          11    -0.41147   -0.413797  0.00137212
          12   -0.415641   -0.413951  0.00126196
          13     -0.4108   -0.413708  0.00118586
          14   -0.410935    -0.41351  0.00111563
          15    -0.41538   -0.413635  0.00104604
          16   -0.414638   -0.413698 0.000980488
          17   -0.415983   -0.413832 0.000930769
          18   -0.416215   -0.413964 0.000887465
          19   -0.413094   -0.413919 0.000840706
          20   -0.409865   -0.413716 0.000822917
          21   -0.417352   -0.413889 0.000801673
          22    -0.41886   -0.414115  0.00079706
          23   -0.414587   -0.414136 0.000761893
          24   -0.410401    -0.41398  0.00074587
          25   -0.412491    -0.41392 0.000717888
          26   -0.414132   -0.413929 0.000689772
          27   -0.414545   -0.413951 0.000664127
          28   -0.413159   -0.413923 0.000640593
          29   -0.410816   -0.413816 0.000627323
          30   -0.413741   -0.413813 0.000606057
          31   -0.415541   -0.413869 0.000588824
          32   -0.415626   -0.413924 0.000572762
          33   -0.408924   -0.413773 0.000575443
          34   -0.412223   -0.413727  0.00056012
          35   -0.416748   -0.413813 0.000550687
          36     -0.4146   -0.413835 0.000535618
          37   -0.418272   -0.413955 0.000534564
          38    -0.41058   -0.413866 0.000527834
          39   -0.416177   -0.413926 0.000517524
          40    -0.41239   -0.413887 0.000505878
          41   -0.419534   -0.414025  0.00051225
          42   -0.418912   -0.414141 0.000513267
          43   -0.413551   -0.414128 0.000501376
          44   -0.414995   -0.414147 0.000490246
          45   -0.406258   -0.413972 0.000510292
          46   -0.411363   -0.413915 0.000502288
          47   -0.415207   -0.413943 0.000492253
          48   -0.405759   -0.413772 0.000511162
          49   -0.417506   -0.413848 0.000506388
          50   -0.411868   -0.413809 0.000497735
          51   -0.411865   -0.413771 0.000489364
          52   -0.413499   -0.413765 0.000479889
          53   -0.410378   -0.413702 0.000475068
          54   -0.413836   -0.413704 0.000466194
          55   -0.412642   -0.413685 0.000458046
          56   -0.412099   -0.413656 0.000450683
          57   -0.412234   -0.413631 0.000443408
          58   -0.420905   -0.413757 0.000453385
          59   -0.423484   -0.413922 0.000475156
          60   -0.414437    -0.41393 0.000467249
          61   -0.408096   -0.413835 0.000469374
          62   -0.411968   -0.413805 0.000462722
          63    -0.41366   -0.413802 0.000455324
          64   -0.419501   -0.413891 0.000456913
          65   -0.417227   -0.413943 0.000452747
          66   -0.413978   -0.413943 0.000445835
          67   -0.412626   -0.413924  0.00043957
          68   -0.412724   -0.413906 0.000433417
          69   -0.412279   -0.413882 0.000427739
          70   -0.416667   -0.413922 0.000423456
          71   -0.418629   -0.413988 0.000422682
          72   -0.409404   -0.413925 0.000421606
          73    -0.42089    -0.41402 0.000426597
          74   -0.419812   -0.414098 0.000428011
          75   -0.412017   -0.414071 0.000423177
          76   -0.412422   -0.414049 0.000418134
          77   -0.418908   -0.414112 0.000417466
          78   -0.414989   -0.414123 0.000412232
          79   -0.413235   -0.414112 0.000407136
          80   -0.408466   -0.414041 0.000408164
          81   -0.415963   -0.414065 0.000403791
          82   -0.411922   -0.414039 0.000399692
          83   -0.412332   -0.414018 0.000395382
          84   -0.412828   -0.414004 0.000390904
          85   -0.416591   -0.414035 0.000387474
          86   -0.408129   -0.413966 0.000389052
          87   -0.414482   -0.413972 0.000384599
          88   -0.410831   -0.413936 0.000381876
          89   -0.413034   -0.413926 0.000377697
          90   -0.409475   -0.413877 0.000376737
          91   -0.417572   -0.413917 0.000374781
          92   -0.418622   -0.413968 0.000374196
          93   -0.412892   -0.413957 0.000370331
          94   -0.415031   -0.413968 0.000366548
          95   -0.417689   -0.414007 0.000364778
          96   -0.414001   -0.414007 0.000360958
          97   -0.413603   -0.414003 0.000357242
          98   -0.413671      -0.414 0.000353594
          99   -0.414491   -0.414005  0.00035004
         100   -0.413073   -0.413995 0.000346647
