1 1 4 3 31 30 7 20 12 18 10 22 23 8 26 16 21 15 19 2 6 27 14 17 24 25 29 5 13 28 11 9 32
2 1 4 3 31 30 7 20 12 18 10 22 23 8 26 16 21 15 27 19 2 6 14 17 24 25 29 5 13 28 11 9 32
3 1 22 15 21 32 17 4 3 31 30 7 20 12 18 10 23 8 26 16 27 19 2 6 14 24 25 29 5 13 28 11 9
4 1 22 15 21 32 17 4 3 31 30 7 20 12 18 10 23 8 26 16 27 19 2 6 14 24 13 29 5 25 28 11 9
5 1 10 17 31 2 3 18 21 22 15 32 4 30 7 20 12 23 8 26 16 27 19 6 14 24 13 29 5 25 28 11 9
6 1 10 17 31 2 3 18 21 22 15 32 4 30 7 20 12 23 8 26 16 27 19 29 13 24 14 6 5 25 28 11 9
7 1 10 17 31 2 3 18 21 22 15 32 4 30 7 20 12 23 8 26 16 27 19 29 13 24 14 6 5 25 28 11 9
8 1 10 17 27 19 3 18 31 2 21 22 15 32 4 30 7 20 12 23 8 26 16 29 13 24 14 6 5 25 28 11 9
9 1 10 17 27 19 3 18 31 2 21 22 15 32 4 30 7 20 12 23 8 26 16 6 14 24 13 29 5 25 28 11 9
10 1 10 17 27 19 3 18 31 2 21 22 15 32 4 30 7 20 12 23 8 26 16 6 14 24 13 29 5 25 28 11 9
11 1 10 17 27 19 3 18 31 2 21 22 15 32 4 30 7 20 12 23 8 26 16 14 6 24 13 29 5 25 28 11 9
12 1 10 17 27 19 3 18 31 2 21 22 15 32 4 30 7 23 12 20 8 26 16 14 6 24 13 29 5 25 28 11 9
13 1 10 17 27 19 3 18 31 2 21 22 4 23 12 20 7 30 32 15 8 26 16 14 6 24 13 29 5 25 28 11 9
14 1 10 17 27 19 3 18 31 2 21 22 4 23 12 20 7 30 32 15 8 26 16 14 6 24 13 29 5 25 28 11 9
15 1 10 17 27 19 3 18 31 2 21 22 4 23 12 20 7 30 32 15 8 26 16 14 6 24 13 29 5 25 28 11 9
16 1 10 17 27 19 3 18 31 15 22 21 2 32 4 30 7 23 12 20 8 26 16 14 6 24 13 29 5 25 28 11 9
17 1 10 17 27 19 3 18 31 15 22 21 2 32 4 30 7 23 12 20 8 26 16 14 6 24 13 29 5 25 28 11 9
18 1 10 24 6 14 16 26 8 15 32 30 7 20 12 23 4 22 21 2 31 18 3 19 27 17 13 29 5 25 28 11 9
19 1 10 24 6 17 27 19 3 18 31 15 22 21 2 32 4 30 7 23 12 20 8 26 16 14 13 29 5 25 28 11 9
20 1 10 24 6 17 27 19 3 18 31 15 22 21 2 32 4 30 7 23 12 20 8 26 16 14 13 29 5 25 28 11 9
21 1 10 24 6 17 27 19 3 18 31 15 22 21 2 32 4 30 7 23 12 20 14 16 26 8 13 29 5 25 28 11 9
22 1 10 24 6 17 27 19 3 18 31 20 22 21 2 32 4 30 7 23 12 15 8 26 16 14 13 29 5 25 28 11 9
23 1 10 24 6 17 27 19 3 18 31 20 22 21 2 32 4 30 7 23 12 15 8 26 16 14 13 29 5 25 28 11 9
24 1 10 24 6 17 27 19 3 18 31 20 22 21 2 32 4 30 7 23 12 15 8 26 16 14 13 29 5 25 28 11 9
25 1 3 19 27 17 6 24 10 18 31 20 22 21 2 32 4 30 7 23 12 15 8 26 16 14 13 29 5 25 28 11 9
26 1 3 19 27 17 6 24 10 18 31 20 22 21 2 32 4 30 7 23 12 15 8 26 16 14 13 29 5 25 28 11 9
27 1 3 19 27 17 6 24 10 18 31 20 22 21 2 32 4 30 7 23 12 15 8 26 16 14 13 29 5 25 28 11 9
28 1 3 19 27 17 6 25 5 29 13 14 16 26 8 15 12 23 7 30 4 32 2 21 22 20 31 18 10 24 28 11 9
29 1 3 19 27 17 6 25 5 29 13 14 16 26 8 15 12 23 7 30 4 32 2 21 22 20 31 18 10 24 28 11 9
30 1 3 19 27 17 6 25 5 29 13 14 16 26 8 15 12 23 7 30 4 32 2 21 22 20 31 18 10 24 28 11 9
31 1 3 19 27 17 6 25 5 29 13 14 16 26 8 15 12 23 7 30 4 32 2 21 22 20 31 18 10 24 28 11 9
32 1 3 19 27 17 6 25 5 29 13 14 16 26 8 15 12 23 7 30 4 32 2 21 22 20 31 18 10 24 28 11 9
33 1 3 6 25 17 19 27 5 29 13 14 16 26 8 15 12 23 7 30 4 32 2 21 22 20 31 18 10 24 28 11 9
34 1 3 6 25 17 19 27 5 29 13 14 16 26 8 15 12 23 7 30 4 32 2 21 22 20 31 18 10 24 28 11 9
35 1 3 6 25 17 19 27 5 29 13 14 16 26 8 15 12 23 7 30 4 32 2 21 22 20 31 18 10 24 28 11 9
36 1 3 6 25 17 19 27 5 29 13 14 16 26 8 15 12 23 7 30 4 32 2 21 22 20 31 18 10 24 28 11 9
37 1 3 6 25 17 19 27 5 29 13 14 16 26 8 15 12 23 7 30 4 32 2 21 22 20 31 18 10 24 28 11 9
38 1 3 6 25 17 19 27 5 29 13 14 16 26 8 15 12 23 7 30 4 32 2 21 22 20 31 18 10 11 28 24 9
39 1 3 6 25 17 19 27 5 29 13 14 16 26 8 15 12 23 7 30 4 32 2 21 22 20 31 18 10 11 28 24 9
40 1 3 6 25 17 19 29 5 27 13 14 16 26 8 15 12 23 7 30 4 32 2 21 22 20 31 18 10 24 11 28 9
41 1 3 6 25 17 19 29 5 27 13 16 14 26 8 15 12 23 7 30 4 32 2 21 22 20 31 18 10 24 28 11 9
42 1 3 6 25 17 19 29 27 5 13 14 16 26 8 15 12 23 7 30 4 32 2 21 22 20 31 18 10 11 28 24 9
43 1 3 6 25 17 19 29 27 5 13 14 16 26 8 15 12 23 7 30 4 32 2 21 22 20 31 18 10 11 28 24 9
44 1 3 6 25 17 19 29 27 5 13 14 16 26 8 15 12 23 7 30 4 32 2 21 22 20 31 18 10 11 28 24 9
45 1 3 6 25 17 19 29 27 5 13 16 14 26 8 15 12 23 7 30 4 32 2 21 22 20 31 18 10 11 28 24 9
46 1 3 6 25 17 19 29 27 5 13 16 14 26 8 15 12 23 7 30 4 32 2 21 22 20 31 18 10 11 28 24 9
47 1 3 6 25 17 19 29 27 5 13 16 14 26 8 15 12 23 7 30 4 32 2 21 22 20 31 18 10 11 28 24 9
48 1 3 6 25 17 19 29 27 5 13 16 14 26 8 15 12 23 7 30 4 32 2 21 22 20 31 18 10 11 28 24 9
49 1 3 6 25 17 19 29 27 5 13 16 14 24 28 11 10 18 31 20 22 21 2 32 4 30 7 23 12 15 8 26 9
50 1 3 6 25 17 19 29 27 5 13 16 14 24 28 11 10 18 31 20 22 21 2 32 4 30 7 23 12 15 8 26 9
51 1 3 6 25 17 19 29 27 5 13 16 14 24 28 11 10 18 31 20 22 21 2 32 4 30 7 23 12 15 8 26 9
52 1 3 6 25 17 19 29 27 5 13 16 14 24 28 11 10 18 31 20 22 21 2 32 4 30 7 23 12 15 26 8 9
53 1 3 14 16 13 5 27 29 19 17 25 6 24 28 11 10 18 31 20 22 21 2 32 4 30 7 23 12 15 26 8 9
54 1 3 14 16 13 5 27 29 19 17 25 6 24 28 11 10 18 31 20 22 21 2 32 4 30 7 23 12 15 26 8 9
55 1 3 14 16 13 5 27 29 19 17 25 6 24 28 11 10 18 31 20 22 21 2 32 4 30 7 23 12 15 26 8 9
56 1 3 14 16 13 5 27 29 19 17 25 6 24 28 11 10 26 15 12 23 7 30 4 32 2 21 22 20 31 18 8 9
57 1 3 14 16 13 5 27 29 19 17 25 6 28 24 11 10 18 31 20 22 21 2 32 4 30 7 23 12 15 26 8 9
58 1 3 14 16 13 5 27 29 19 17 25 6 28 24 11 10 26 15 12 23 7 30 4 32 2 21 22 20 31 18 8 9
59 1 3 14 16 13 5 27 29 19 17 25 6 28 24 11 10 26 15 12 23 7 30 4 32 2 21 22 20 31 18 8 9
60 1 3 14 16 13 5 27 29 19 17 25 6 28 24 11 10 26 15 12 23 7 30 4 32 2 21 22 20 31 18 8 9
61 1 3 14 16 13 5 27 29 19 17 25 6 28 24 11 10 26 15 12 23 7 30 4 32 2 21 22 20 31 18 8 9
62 1 3 14 16 13 5 27 29 19 17 25 6 28 24 11 10 26 15 12 23 7 30 4 32 2 21 22 20 31 18 8 9
63 1 14 3 16 13 5 27 29 19 17 25 6 28 24 11 10 26 15 12 23 7 30 4 32 2 21 22 20 31 18 8 9
64 1 14 3 16 13 5 27 29 19 17 25 6 28 24 11 10 26 18 31 20 22 21 2 32 4 30 7 23 12 15 8 9
65 1 14 3 16 13 5 27 29 19 17 25 6 28 24 11 10 26 18 31 20 22 21 2 32 4 30 7 23 15 9 8 12
66 1 14 3 16 13 5 27 29 19 17 25 6 28 24 11 10 26 18 31 20 22 21 2 32 4 30 7 23 15 9 8 12
67 1 14 3 16 13 5 27 29 19 17 25 6 28 24 11 10 26 18 31 20 22 21 2 32 4 30 7 23 15 9 8 12
68 1 20 31 18 26 10 11 24 28 6 25 17 19 29 27 5 13 16 3 14 22 21 2 32 4 30 7 23 15 9 8 12
69 1 20 31 18 26 10 11 24 28 6 25 17 19 29 27 5 13 16 3 14 22 21 2 32 4 30 7 23 15 9 8 12
70 1 20 31 18 26 10 11 24 28 6 25 17 19 29 27 5 13 16 3 14 22 21 2 32 4 30 7 23 15 9 8 12
71 1 20 31 18 26 10 11 24 28 6 25 17 19 29 27 5 13 16 3 14 22 21 2 32 4 30 7 23 15 9 8 12
72 1 20 31 18 26 10 11 24 28 6 25 17 19 29 27 5 13 16 3 14 22 21 2 32 4 30 7 23 15 9 8 12
73 1 20 31 18 26 10 11 24 28 6 25 17 19 29 27 5 13 16 3 14 22 21 2 32 4 30 7 23 15 9 8 12
74 1 20 31 18 26 10 11 24 28 6 25 17 19 29 27 5 13 16 3 14 22 21 2 32 4 30 7 23 15 9 8 12
75 1 20 31 18 26 10 11 24 28 6 25 17 19 29 27 5 13 16 3 14 22 21 2 32 4 30 7 23 15 9 8 12
76 1 20 31 18 26 10 11 24 28 6 25 17 19 29 27 5 13 16 3 14 22 21 2 32 4 30 7 23 15 9 8 12
77 1 20 31 18 26 10 11 24 28 6 25 17 19 29 27 5 13 16 3 14 22 21 2 32 4 30 7 23 15 9 8 12
78 1 20 31 18 26 10 11 24 28 6 25 17 19 29 27 5 13 16 3 14 22 21 2 32 4 30 7 23 15 9 8 12
79 1 20 31 18 26 10 11 24 28 6 25 17 19 29 27 5 13 16 3 14 22 21 2 32 4 30 7 23 15 9 8 12
80 1 20 31 18 26 10 11 24 28 6 25 17 19 29 27 5 13 16 3 14 22 21 2 32 4 30 7 23 15 9 8 12
81 1 20 31 18 26 10 11 24 28 6 25 17 19 29 27 5 13 16 3 14 22 21 2 32 4 30 7 23 15 9 8 12
82 1 20 31 18 15 23 7 30 4 32 2 21 22 14 3 16 13 5 27 29 19 17 25 6 28 24 11 10 26 9 8 12
83 1 20 31 18 15 23 7 30 4 32 2 21 22 14 3 16 13 5 27 29 19 17 25 6 28 24 11 10 26 9 8 12
84 1 20 31 18 15 23 7 30 4 32 2 21 22 14 3 16 13 5 27 29 19 17 25 6 28 24 11 10 26 9 8 12
85 1 20 31 18 15 23 7 30 4 32 2 21 22 14 3 16 13 5 27 29 19 17 25 6 28 24 11 10 26 9 8 12
86 1 20 31 18 15 23 7 30 4 32 2 21 22 14 3 16 13 5 27 29 19 17 25 6 28 24 11 10 26 9 8 12
87 1 20 31 18 15 23 7 30 4 32 2 21 22 14 3 16 13 5 27 29 19 17 25 6 28 24 11 10 26 9 8 12
88 1 20 31 18 15 23 7 30 4 32 2 21 22 14 3 16 13 5 27 29 19 17 25 6 28 24 11 10 26 9 8 12
89 1 18 31 20 15 23 7 30 4 32 2 21 22 14 3 16 13 5 27 29 19 17 25 6 28 24 11 10 26 9 8 12
90 1 18 31 20 15 23 7 30 4 32 2 21 22 14 3 16 13 5 27 29 19 17 25 6 28 24 11 10 26 9 8 12
91 1 18 31 20 15 23 7 30 4 32 2 21 22 14 3 16 13 5 27 29 19 17 25 6 28 24 11 10 26 9 8 12
92 1 18 31 20 15 23 7 30 4 32 2 21 22 14 3 16 13 5 27 29 19 17 25 6 28 24 11 10 26 9 8 12
93 1 18 31 20 15 23 7 30 4 32 2 21 22 14 3 16 13 5 27 29 19 17 25 6 28 24 11 10 26 9 8 12
94 1 18 31 20 15 23 7 30 4 32 2 21 22 14 3 16 13 5 27 29 19 17 25 6 28 24 11 10 26 9 8 12
95 1 18 31 20 15 23 7 30 4 32 2 21 22 14 3 16 13 5 27 29 19 17 25 6 28 24 11 10 26 9 8 12
96 1 18 31 20 15 8 9 26 10 11 24 28 6 25 17 19 29 27 5 13 16 3 14 22 21 2 32 4 30 7 23 12
97 1 18 31 20 15 23 7 30 4 32 2 21 22 14 3 16 13 5 27 29 19 17 25 6 28 24 11 10 26 8 9 12
98 1 18 31 20 15 23 7 30 4 32 2 21 22 14 3 16 17 19 29 27 5 13 25 6 28 24 11 10 26 9 8 12
99 1 18 31 20 15 22 21 2 32 4 30 7 23 14 3 16 17 19 29 27 5 13 25 6 28 24 11 10 26 8 9 12
100 1 18 31 20 15 23 7 30 4 32 22 21 2 14 3 16 17 19 29 27 5 13 25 6 28 24 11 10 26 8 9 12
101 1 18 31 20 15 23 7 30 4 32 22 21 2 14 3 16 17 19 29 27 5 13 25 6 28 24 11 10 26 8 9 12
102 1 18 31 20 15 22 23 7 30 4 32 2 21 14 3 16 17 19 29 27 5 13 25 6 28 24 11 10 26 8 9 12
103 1 18 31 20 15 22 23 7 30 4 32 2 21 14 3 16 17 19 29 27 5 13 25 6 28 24 11 10 26 8 9 12
104 1 18 31 20 15 22 23 7 30 4 32 2 21 14 3 16 17 19 29 27 5 13 25 6 28 24 11 10 26 8 9 12
105 1 18 31 20 15 22 23 7 30 4 32 2 21 14 3 16 17 19 29 27 5 13 25 6 28 24 11 10 26 8 9 12
106 1 18 31 20 15 22 23 7 30 4 32 2 21 14 3 16 17 19 29 27 5 13 25 6 28 24 11 10 26 8 9 12
107 1 18 31 20 15 22 23 7 30 4 32 2 21 14 3 16 17 19 29 27 5 13 25 6 28 24 11 10 26 8 9 12
108 1 18 31 20 15 22 23 7 30 4 32 2 21 14 3 16 17 19 29 27 5 13 25 6 28 24 11 10 26 8 9 12
109 1 18 31 20 15 22 23 7 30 4 32 2 21 14 3 16 17 19 29 27 5 13 25 6 28 24 11 10 26 8 9 12
110 1 18 31 20 15 22 23 7 30 4 32 2 21 14 3 16 17 19 29 27 5 13 25 6 28 24 11 10 26 8 9 12
111 1 18 31 20 15 22 23 7 30 4 32 2 21 14 3 16 17 19 29 27 5 13 25 6 28 24 11 10 26 8 9 12
112 1 18 31 20 15 22 23 7 30 4 32 2 21 14 3 16 17 19 29 27 5 13 25 6 28 24 11 10 26 8 9 12
113 1 18 31 20 15 22 23 7 30 4 32 2 21 14 3 16 17 19 29 27 5 13 25 6 28 24 11 10 26 8 9 12
114 1 18 31 20 15 22 23 4 7 30 32 2 21 14 3 16 17 19 29 27 5 13 25 6 28 24 11 10 26 8 9 12
115 1 18 31 20 15 22 23 4 7 30 32 2 21 14 3 16 17 19 29 27 5 13 25 6 28 24 11 10 26 8 9 12
116 1 18 31 20 15 22 23 4 7 30 32 2 21 14 3 16 17 19 29 27 5 13 25 6 28 24 11 10 26 8 9 12
117 1 18 31 20 15 22 23 4 7 30 32 2 21 14 3 16 17 19 29 27 5 13 25 6 28 24 11 10 26 8 9 12
118 1 18 31 20 15 22 23 4 7 30 32 2 21 14 3 16 17 19 29 27 5 13 25 6 28 24 11 10 26 8 9 12
119 1 18 31 20 15 22 23 4 7 30 32 2 21 14 3 16 17 19 29 27 5 13 25 6 28 24 11 10 26 8 9 12
120 1 18 31 20 15 22 23 4 7 30 32 2 21 14 3 16 17 19 29 27 5 13 25 6 28 24 11 10 26 8 9 12
121 1 18 31 20 15 22 23 4 7 30 32 2 21 14 3 16 17 19 29 27 5 13 25 6 28 24 11 10 26 8 9 12
122 1 18 31 20 15 22 23 4 7 30 32 2 21 14 3 16 17 19 29 27 5 13 25 6 28 24 11 10 26 8 9 12
123 1 18 31 20 15 22 23 4 7 30 32 2 21 14 3 16 17 19 29 27 5 13 25 6 28 24 11 10 26 8 9 12
124 1 18 31 20 15 22 23 4 7 30 32 2 21 14 3 16 17 19 29 27 5 13 25 6 28 24 11 10 26 8 9 12
125 1 18 31 20 15 22 23 4 7 30 32 2 21 14 3 16 17 19 29 27 5 13 25 6 28 24 11 10 26 8 9 12
126 1 18 31 20 15 22 23 4 7 30 32 2 21 14 3 16 17 19 29 27 5 13 25 6 28 24 11 10 26 8 9 12
127 1 18 31 20 15 22 23 4 7 30 32 2 21 14 3 16 17 19 29 27 5 13 25 6 28 24 11 10 26 8 9 12
128 1 18 31 20 15 22 23 4 7 30 32 2 21 14 3 16 17 19 29 27 5 13 25 6 28 24 11 10 26 8 9 12
129 1 18 31 20 15 22 23 4 7 30 32 2 21 14 3 16 17 19 29 27 5 13 25 6 28 24 11 10 26 8 9 12
130 1 18 31 15 20 22 23 4 7 30 32 2 21 14 3 16 17 19 29 27 5 13 25 6 28 24 11 10 26 8 9 12
131 1 18 31 15 20 22 23 4 7 30 32 2 21 14 3 16 17 19 29 27 5 13 25 6 28 24 11 10 26 8 9 12
132 1 18 31 15 20 22 23 4 7 30 32 2 21 14 3 16 17 19 29 27 5 13 25 6 28 24 11 10 26 8 9 12
133 1 18 31 15 20 32 30 7 4 23 22 2 21 14 3 16 17 19 29 27 5 13 25 6 28 24 11 10 26 8 9 12
134 1 18 31 15 20 32 30 7 4 23 22 2 21 14 3 16 17 19 29 27 5 13 25 6 28 24 11 10 26 8 9 12
135 1 18 31 15 20 22 23 4 7 30 32 2 21 14 3 16 17 19 29 27 5 13 25 6 28 11 24 10 26 8 9 12
136 1 18 31 15 20 32 30 7 4 23 22 2 21 14 3 16 17 19 29 27 5 13 25 6 28 11 24 10 26 8 9 12
137 1 18 31 15 20 32 30 7 4 23 22 2 21 14 3 16 17 19 29 27 5 13 25 6 28 11 24 10 26 8 9 12
138 1 18 31 15 20 32 30 7 4 23 22 2 21 14 3 16 17 19 29 27 5 13 25 6 28 11 24 10 26 8 9 12
139 1 18 31 15 20 32 30 7 4 23 22 2 21 14 3 16 17 19 29 27 5 13 25 6 28 11 24 10 26 8 9 12
140 1 31 18 15 20 32 30 7 4 23 22 2 21 14 3 16 17 19 29 27 5 13 25 6 28 11 24 10 26 8 9 12
141 1 31 18 15 20 32 30 7 4 23 22 2 21 14 3 16 17 19 29 27 5 13 25 6 28 11 24 10 26 8 9 12
142 1 31 18 15 20 32 30 7 4 23 22 2 21 14 3 16 17 19 29 27 5 13 25 6 28 11 24 10 26 8 9 12
143 1 31 18 15 20 32 30 7 4 23 22 2 21 14 3 16 17 19 29 27 5 13 25 6 28 11 24 10 26 8 9 12
144 1 31 18 15 20 32 30 7 4 23 22 2 21 14 3 16 17 19 29 27 5 13 25 6 28 11 24 10 26 8 9 12
145 1 18 31 15 20 4 7 30 32 23 22 2 21 14 3 16 17 19 29 27 5 13 25 6 28 11 24 10 26 8 9 12
146 1 31 18 15 20 4 7 30 32 23 22 2 21 14 3 16 17 19 29 27 5 13 25 6 28 11 24 10 26 8 9 12
147 1 31 18 15 20 4 7 30 32 23 22 2 21 14 3 16 17 19 29 27 5 13 25 6 28 11 24 10 26 8 9 12
148 1 31 18 15 20 4 7 30 32 23 22 2 21 14 3 16 17 19 29 27 5 13 25 6 28 11 24 10 26 8 9 12
149 1 31 18 15 20 4 7 30 32 23 22 2 21 14 3 16 17 19 29 27 5 13 25 6 28 11 24 10 26 8 9 12
150 1 31 18 15 20 4 7 30 32 23 22 2 21 14 3 16 17 19 29 27 5 13 25 6 28 11 24 10 26 8 9 12
151 1 31 18 15 20 4 7 30 32 23 22 2 21 14 3 16 17 19 29 27 5 13 25 6 28 11 24 10 26 8 9 12
152 1 31 18 15 20 4 7 30 32 23 22 2 21 14 3 16 17 19 29 27 5 13 25 6 28 11 24 10 26 8 9 12
153 1 31 18 15 20 4 7 30 32 23 22 2 21 14 3 16 17 19 29 27 5 13 25 6 28 11 24 10 26 8 9 12
154 1 31 18 15 20 4 7 30 32 23 22 2 21 14 3 16 17 19 29 27 5 13 25 6 28 11 24 10 26 8 9 12
155 1 31 18 15 20 4 7 30 32 23 22 2 21 14 3 16 17 19 29 27 5 13 25 6 28 11 24 10 26 8 9 12
156 1 31 18 15 20 4 7 30 32 23 22 2 21 14 3 16 17 19 29 27 5 13 25 6 28 11 24 10 26 8 9 12
157 1 31 18 15 20 4 7 30 32 23 22 2 21 14 3 16 17 19 29 27 5 13 25 6 28 11 24 10 26 8 9 12
158 1 31 18 15 20 4 7 30 32 23 22 2 21 14 3 16 17 19 29 27 5 13 25 6 28 11 24 10 26 8 9 12
159 1 31 18 15 20 4 7 30 32 23 22 2 21 14 3 16 17 19 29 27 5 13 25 6 28 11 24 10 26 8 9 12
160 1 31 18 15 20 4 7 30 32 23 22 2 21 14 3 16 17 19 29 27 5 13 25 6 28 11 24 10 26 8 9 12
161 1 31 18 15 20 4 7 30 32 23 22 2 21 14 3 16 17 19 29 27 5 13 25 6 28 11 24 10 26 8 9 12
162 1 31 18 15 20 4 7 30 32 23 22 2 21 14 3 16 17 19 29 27 5 13 25 6 28 11 24 10 26 8 9 12
163 1 31 18 15 20 4 7 30 32 23 22 2 21 14 3 16 17 19 29 27 5 13 25 6 28 11 24 10 26 8 9 12
164 1 31 18 15 20 4 7 30 32 23 22 2 21 14 3 16 17 19 29 27 5 13 25 6 28 11 24 10 26 8 9 12
165 1 31 18 15 20 4 7 30 32 23 22 2 21 14 3 16 17 19 29 27 5 13 25 6 28 11 24 10 26 8 9 12
166 1 31 18 15 20 4 7 30 32 23 22 2 21 14 3 16 17 19 29 27 5 13 25 6 28 11 24 10 26 8 9 12
167 1 31 18 15 20 4 7 30 32 23 22 2 21 14 3 16 17 19 29 27 5 13 25 6 28 11 24 10 26 8 9 12
168 1 31 18 15 20 4 7 30 32 23 22 2 21 14 3 16 17 19 29 27 5 13 25 6 28 11 24 10 26 8 9 12
169 1 31 18 15 20 4 7 30 32 23 22 2 21 14 3 16 17 19 29 27 5 13 25 6 28 11 24 10 26 8 9 12
170 1 31 18 15 20 4 7 30 32 23 22 2 21 14 3 16 17 19 29 27 5 13 25 6 28 11 24 10 26 8 9 12
171 1 31 18 15 20 4 7 30 32 23 22 2 21 14 3 16 17 19 29 27 5 13 25 6 28 11 24 10 26 8 9 12
172 1 31 18 15 20 4 7 30 32 23 22 2 21 14 3 16 17 19 29 27 5 13 25 6 28 11 24 10 26 8 9 12
173 1 31 18 15 20 4 7 30 32 23 22 2 21 14 3 16 17 19 29 27 5 13 25 6 28 11 24 10 26 8 9 12
174 1 31 18 15 20 4 7 30 32 23 22 2 21 14 3 16 17 19 29 27 5 13 25 6 28 11 24 10 26 8 9 12
175 1 31 18 15 20 4 7 30 32 23 22 2 21 14 3 16 17 19 29 27 5 13 25 6 28 11 24 10 26 8 9 12
176 1 31 18 15 20 4 7 30 32 23 22 2 21 14 3 16 17 19 29 27 5 13 25 6 28 11 24 10 26 8 9 12
177 1 31 18 15 20 4 7 30 32 23 22 2 21 14 3 16 17 19 29 27 5 13 25 6 28 11 24 10 26 8 9 12
178 1 31 18 15 20 4 7 30 32 23 22 2 21 14 3 16 17 19 29 27 5 13 25 6 28 11 24 10 26 8 9 12
179 1 31 18 15 20 4 7 30 32 23 22 2 21 14 3 16 17 19 29 27 5 13 25 6 28 11 24 10 26 8 9 12
180 1 31 18 15 20 4 7 30 32 23 22 2 21 14 3 16 17 19 29 27 5 13 25 6 28 11 24 10 26 8 9 12
181 1 31 18 15 20 4 7 30 32 23 22 2 21 14 3 16 17 19 29 27 5 13 25 6 28 11 24 10 26 8 9 12
182 1 31 18 15 20 4 7 30 32 23 22 2 21 14 3 16 17 19 29 27 5 13 25 6 28 11 24 10 26 8 9 12
183 1 31 18 15 20 4 7 30 32 23 22 2 21 14 3 16 17 19 29 27 5 13 25 6 28 11 24 10 26 8 9 12
184 1 31 18 15 20 4 7 30 32 23 22 2 21 14 3 16 17 19 29 27 5 13 25 6 28 11 24 10 26 8 9 12
185 1 31 18 15 20 4 7 30 32 23 22 2 21 14 3 16 17 19 29 27 5 13 25 6 28 11 24 10 26 8 9 12
186 1 31 18 15 20 4 7 30 32 23 22 2 21 14 3 16 17 19 29 27 5 13 25 6 28 11 24 10 26 8 9 12
187 1 31 18 15 20 4 7 30 32 23 22 2 21 14 3 16 17 19 29 27 5 13 25 6 28 11 24 10 26 8 9 12
188 1 31 18 15 20 4 7 30 32 23 22 2 21 14 3 16 17 19 29 27 5 13 25 6 28 11 24 10 26 8 9 12
189 1 31 18 15 20 4 7 30 32 23 22 2 21 14 3 16 17 19 29 27 5 13 25 6 28 11 24 10 26 8 9 12
190 1 31 18 15 20 4 7 30 32 23 22 2 21 14 3 16 17 19 29 27 5 13 25 6 28 11 24 10 26 8 9 12
191 1 31 18 15 20 4 7 30 32 23 22 2 21 14 3 16 17 19 29 27 5 13 25 6 28 11 24 10 26 8 9 12
192 1 31 18 15 20 4 7 30 32 23 22 2 21 14 3 16 17 19 29 27 5 13 25 6 28 11 24 10 26 8 9 12
193 1 31 18 15 20 4 7 30 32 23 22 2 21 14 3 16 17 19 29 27 5 13 25 6 28 11 24 10 26 8 9 12
194 1 31 18 15 20 4 7 30 32 23 22 2 21 14 3 16 17 19 29 27 5 13 25 6 28 11 24 10 26 8 9 12
195 1 31 18 15 20 4 7 30 32 23 22 2 21 14 3 16 17 19 29 27 5 13 25 6 28 11 24 10 26 8 9 12
196 1 31 18 15 20 4 7 30 32 23 22 2 21 14 3 16 17 19 29 27 5 13 25 6 28 11 24 10 26 8 9 12
197 1 31 18 15 20 4 7 30 32 23 22 2 21 14 3 16 17 19 29 27 5 13 25 6 28 11 24 10 26 8 9 12
198 1 31 18 15 20 4 7 30 32 23 22 2 21 14 3 16 17 19 29 27 5 13 25 6 28 11 24 10 26 8 9 12
199 1 31 18 15 20 4 7 30 32 23 22 2 21 14 3 16 17 19 29 27 5 13 25 6 28 11 24 10 26 8 9 12
200 1 31 18 15 20 4 7 30 32 23 22 2 21 14 3 16 17 19 29 27 5 13 25 6 28 11 24 10 26 8 9 12
201 1 31 18 15 20 4 7 30 32 23 22 2 21 14 3 16 17 19 29 27 5 13 25 6 28 11 24 10 26 8 9 12
202 1 31 18 15 20 4 7 30 32 23 22 2 21 14 3 16 17 19 29 27 5 13 25 6 28 11 24 10 26 8 9 12
203 1 31 18 15 20 4 7 30 32 23 22 2 21 14 3 16 17 19 29 27 5 13 25 6 28 11 24 10 26 8 9 12
204 1 31 18 15 20 4 7 30 32 23 22 2 21 14 3 16 17 19 29 27 5 13 25 6 28 11 24 10 26 8 9 12
205 1 31 18 15 20 4 7 30 32 23 22 2 21 14 3 16 17 19 29 27 5 13 25 6 28 11 24 10 26 8 9 12
206 1 31 18 15 20 4 7 30 32 23 22 2 21 14 3 16 17 19 29 27 5 13 25 6 28 11 24 10 26 8 9 12
207 1 31 18 15 20 4 7 30 32 23 22 2 21 14 3 16 17 19 29 27 5 13 25 6 28 11 24 10 26 8 9 12
208 1 31 18 15 20 4 7 30 32 23 22 2 21 14 3 16 17 19 29 27 5 13 25 6 28 11 24 10 26 8 9 12
209 1 31 18 15 20 4 7 30 32 23 22 2 21 14 3 16 17 19 29 27 5 13 25 6 28 11 24 10 26 8 9 12
210 1 31 18 15 20 4 7 30 32 23 22 2 21 14 3 16 17 19 29 27 5 13 25 6 28 11 24 10 26 8 9 12
211 1 31 18 15 20 4 7 30 32 23 22 2 21 14 3 16 17 19 29 27 5 13 25 6 28 11 24 10 26 8 9 12
212 1 31 18 15 20 4 7 30 32 23 22 2 21 14 3 16 17 19 29 27 5 13 25 6 28 11 24 10 26 8 9 12
213 1 31 18 15 20 4 7 30 32 23 22 2 21 14 3 16 17 19 29 27 5 13 25 6 28 11 24 10 26 8 9 12
214 1 31 18 15 20 4 7 30 32 23 22 2 21 14 3 16 17 19 29 27 5 13 25 6 28 11 24 10 26 8 9 12
215 1 31 18 15 20 4 7 30 32 23 22 2 21 14 3 16 17 19 29 27 5 13 25 6 28 11 24 10 26 8 9 12
216 1 31 18 15 20 4 7 30 32 23 22 2 21 14 3 16 17 19 29 27 5 25 13 6 28 11 24 10 26 8 9 12
217 1 31 18 15 20 4 7 30 32 23 22 2 21 14 3 16 17 19 29 27 5 25 13 6 28 11 24 10 26 8 9 12
218 1 31 18 15 20 4 7 30 32 23 22 2 21 14 3 16 17 19 29 27 5 25 13 6 28 11 24 10 26 8 9 12
219 1 31 18 15 20 4 7 30 32 23 22 2 21 14 3 16 17 19 29 27 5 25 13 6 28 11 24 10 26 8 9 12
220 1 31 18 15 20 4 7 30 32 23 22 2 21 14 3 16 17 19 29 27 5 25 13 6 28 11 24 10 26 8 9 12
221 1 31 18 15 20 4 7 30 32 23 22 2 21 14 3 16 17 19 29 27 5 25 13 6 28 11 24 10 26 8 9 12
222 1 31 18 15 20 4 7 30 32 23 22 2 21 14 3 16 17 19 29 27 5 25 13 6 28 11 24 10 26 8 9 12
223 1 31 18 15 20 4 7 30 32 23 22 2 21 14 3 16 17 19 29 27 5 25 13 6 28 11 24 10 26 8 9 12
224 1 31 18 15 20 4 7 30 32 23 22 2 21 14 3 16 17 19 29 27 5 25 13 6 28 11 24 10 26 8 9 12
225 1 31 18 15 20 4 7 30 32 23 22 2 21 14 3 16 17 19 29 27 5 25 13 6 28 11 24 10 26 8 9 12
226 1 31 18 15 20 4 7 30 32 23 22 2 21 14 3 16 17 19 29 27 5 25 13 6 28 11 24 10 26 8 9 12
227 1 31 18 15 20 4 7 30 32 23 22 2 21 14 3 16 17 19 29 27 5 25 13 6 28 11 24 10 26 8 9 12
228 1 31 18 15 20 4 7 30 32 23 22 2 21 14 3 16 17 19 29 27 5 25 13 6 28 11 24 10 26 8 9 12
229 1 31 18 15 20 4 7 30 32 23 22 2 21 14 3 16 17 19 29 27 5 25 13 6 28 11 24 10 26 8 9 12
230 1 31 18 15 20 4 7 30 32 23 22 2 21 14 3 16 17 19 29 27 5 25 13 6 28 11 24 10 26 8 9 12
231 1 31 18 15 20 4 7 30 32 23 22 2 21 14 3 16 17 19 29 27 5 25 13 6 28 11 24 10 26 8 9 12
232 1 31 18 15 20 4 7 30 32 23 22 2 21 14 3 16 17 19 29 27 5 25 13 6 28 11 24 10 26 8 9 12
233 1 31 18 15 20 4 7 30 32 23 22 2 21 14 3 16 17 19 29 27 5 25 13 6 28 11 24 10 26 8 9 12
234 1 31 18 15 20 4 7 30 32 23 22 2 21 14 3 16 17 19 29 27 5 25 13 6 28 11 24 10 26 8 9 12
235 1 31 18 15 20 4 7 30 32 23 22 2 21 14 3 16 17 19 29 27 5 25 13 6 28 11 24 10 26 8 9 12
236 1 31 18 15 20 4 7 30 32 23 22 2 21 14 3 16 17 19 29 27 5 25 13 6 28 11 24 10 26 8 9 12
237 1 31 18 15 20 4 7 30 32 23 22 2 21 14 3 16 17 19 29 27 5 25 13 6 28 11 24 10 26 8 9 12
238 1 31 18 15 20 4 7 30 32 23 22 2 21 14 3 16 17 19 29 27 5 25 13 6 28 11 24 10 26 8 9 12
239 1 31 18 15 20 4 7 30 32 23 22 2 21 14 3 16 17 19 29 27 5 25 13 6 28 11 24 10 26 8 9 12
240 1 31 18 15 20 4 7 30 32 23 22 2 21 14 3 16 17 19 29 27 5 25 13 6 28 11 24 10 26 8 9 12
241 1 31 18 15 20 4 7 30 32 23 22 2 21 14 3 16 17 19 29 27 5 25 13 6 28 11 24 10 26 8 9 12
242 1 31 18 15 20 4 7 30 32 23 22 2 21 14 3 16 17 19 29 27 5 25 13 6 28 11 24 10 26 8 9 12
243 1 31 18 15 20 4 7 30 32 23 22 2 21 14 3 16 17 19 29 27 5 25 13 6 28 11 24 10 26 8 9 12
244 1 31 18 15 20 4 7 30 32 23 22 2 21 14 3 16 17 19 29 27 5 25 13 6 28 11 24 10 26 8 9 12
245 1 31 18 15 20 4 7 30 32 23 22 2 21 14 3 16 17 19 29 27 5 25 13 6 28 11 24 10 26 8 9 12
246 1 31 18 15 20 23 32 30 7 4 22 2 21 14 3 16 17 19 29 27 5 25 13 6 28 11 24 10 26 8 9 12
247 1 31 18 15 20 23 32 30 7 4 22 2 21 14 3 16 17 19 29 27 5 25 13 6 28 11 24 10 26 8 9 12
248 1 31 18 15 20 23 32 30 7 4 22 2 21 14 3 16 17 19 29 27 5 25 13 6 28 11 24 10 26 8 9 12
249 1 31 18 15 20 23 32 30 7 4 22 2 21 14 3 16 17 19 29 27 5 25 13 6 28 11 24 10 26 8 9 12
250 1 31 18 15 20 23 32 30 7 4 22 2 21 14 3 16 17 19 29 27 5 25 13 6 28 11 24 10 26 8 9 12
251 1 31 18 15 20 23 32 30 7 4 22 2 21 14 3 16 17 19 29 27 5 25 13 6 28 11 24 10 26 8 9 12
252 1 31 18 15 20 23 32 30 7 4 22 2 21 14 3 16 17 19 29 27 5 25 13 6 28 11 24 10 26 8 9 12
253 1 31 18 15 20 23 32 30 7 4 22 2 21 14 3 16 17 19 29 27 5 25 13 6 28 11 24 10 26 8 9 12
254 1 31 18 15 20 23 32 30 7 4 22 2 21 14 3 16 17 19 29 27 5 25 13 6 28 11 24 10 26 8 9 12
255 1 31 18 15 20 23 32 30 7 4 22 2 21 14 3 16 17 19 29 27 5 25 13 6 28 11 24 10 26 8 9 12
256 1 31 18 15 20 23 32 30 7 4 22 2 21 14 3 16 17 19 29 27 5 25 13 6 28 11 24 10 26 8 9 12
257 1 31 18 15 20 23 32 30 7 4 22 2 21 14 3 16 17 19 29 27 5 25 13 6 28 11 24 10 26 8 9 12
258 1 31 18 15 20 23 32 30 7 4 22 2 21 14 3 16 17 19 29 27 5 25 13 6 28 11 24 10 26 8 9 12
259 1 31 18 15 20 23 32 30 7 4 22 2 21 14 3 16 17 19 29 27 5 25 13 6 28 11 24 10 26 8 9 12
260 1 31 18 15 20 23 32 30 7 4 22 2 21 14 3 16 17 19 29 27 5 25 13 6 28 11 24 10 26 8 9 12
261 1 31 18 15 20 23 32 30 7 4 22 2 21 14 3 16 17 19 29 27 5 25 13 6 28 11 24 10 26 8 9 12
262 1 31 18 15 20 23 32 30 7 4 22 2 21 14 3 16 17 19 29 27 5 25 13 6 28 11 24 10 26 8 9 12
263 1 31 18 15 20 23 32 30 7 4 22 2 21 14 3 16 17 19 29 27 5 25 13 6 28 11 24 10 26 8 9 12
264 1 31 18 15 20 23 32 30 7 4 22 2 21 14 3 16 17 19 29 27 5 25 13 6 28 11 24 10 26 8 9 12
265 1 31 18 15 20 23 32 30 7 4 22 2 21 14 3 16 17 19 29 27 5 25 13 6 28 11 24 10 26 8 9 12
266 1 31 18 15 20 23 32 30 7 4 22 2 21 14 3 16 17 19 29 27 5 25 13 6 28 11 24 10 26 8 9 12
267 1 31 18 15 20 23 32 30 7 4 22 2 21 14 3 16 17 19 29 27 5 25 13 6 28 11 24 10 26 8 9 12
268 1 31 18 15 20 23 32 30 7 4 22 2 21 14 3 16 17 19 29 27 5 25 13 6 28 11 24 10 26 8 9 12
269 1 31 18 15 20 23 32 30 7 4 22 2 21 14 3 16 17 19 29 27 5 25 13 6 28 11 24 10 26 8 9 12
270 1 31 18 15 20 23 32 30 7 4 22 2 21 14 3 16 17 19 29 27 5 25 13 6 28 11 24 10 26 8 9 12
271 1 31 18 15 20 23 32 30 7 4 22 2 21 14 3 16 17 19 29 27 5 25 13 6 28 11 24 10 26 8 9 12
272 1 31 18 15 9 8 26 10 24 11 28 6 13 25 5 27 29 19 17 16 3 14 21 2 22 4 7 30 32 23 20 12
273 1 31 18 15 9 8 26 10 24 11 28 6 13 25 5 27 29 19 17 16 3 14 21 2 22 4 7 30 32 23 20 12
274 1 31 18 15 9 8 26 10 24 11 28 6 13 25 5 27 29 19 17 16 3 14 21 2 22 4 7 30 32 23 20 12
275 1 31 18 15 9 8 26 10 24 11 28 6 13 25 5 27 29 19 17 16 3 14 21 2 22 4 7 30 32 23 20 12
276 1 31 18 15 9 8 26 10 24 11 28 6 13 25 5 27 29 19 17 16 3 14 21 2 22 4 7 30 32 23 20 12
277 1 31 18 15 9 8 26 10 24 11 28 6 13 25 5 27 29 19 17 16 3 14 21 2 22 4 7 30 32 23 20 12
278 1 31 18 15 9 8 26 10 24 11 28 6 13 25 5 27 29 19 17 16 3 14 21 2 22 4 7 30 32 23 20 12
279 1 31 18 15 9 8 26 10 24 11 28 6 13 25 5 27 29 19 17 16 3 14 21 2 22 4 7 30 32 23 20 12
280 1 31 18 15 9 8 26 10 24 11 28 6 13 25 5 27 29 19 17 16 3 14 21 2 22 4 7 30 32 23 20 12
281 1 31 18 15 9 8 26 10 24 11 28 6 13 25 5 27 29 19 17 16 3 14 21 2 22 4 7 30 32 23 20 12
282 1 31 18 15 9 8 26 10 24 11 28 6 13 25 5 27 29 19 17 16 3 14 21 2 22 4 7 30 32 23 20 12
283 1 31 18 15 9 8 26 10 24 11 28 6 13 25 5 27 29 19 17 16 3 14 21 2 22 4 7 30 32 23 20 12
284 1 31 18 15 9 8 26 10 24 11 28 6 13 25 5 27 29 19 17 16 3 14 21 2 22 4 7 30 32 23 20 12
285 1 31 18 15 9 8 26 10 24 11 28 6 13 25 5 27 29 19 17 16 3 14 21 2 22 4 7 30 32 23 20 12
286 1 31 18 15 9 8 26 10 24 11 28 6 13 25 5 27 29 19 17 16 3 14 21 2 22 4 7 30 32 23 20 12
287 1 31 18 15 9 8 26 10 24 11 28 6 13 25 5 27 29 19 17 16 3 14 21 2 22 4 7 30 32 23 20 12
288 1 31 18 15 9 8 26 10 24 11 28 6 13 25 5 27 29 19 17 16 3 14 21 2 22 4 7 30 32 23 20 12
289 1 31 18 15 9 8 26 10 24 11 28 6 13 25 5 27 29 19 17 16 3 14 21 2 22 4 7 30 32 23 20 12
290 1 31 18 15 9 8 26 10 24 11 28 6 13 25 5 27 29 19 17 16 3 14 21 2 22 4 7 30 32 23 20 12
291 1 31 18 15 9 8 26 10 24 11 28 6 13 25 5 27 29 19 17 16 3 14 21 2 22 4 7 30 32 23 20 12
292 1 31 18 15 9 8 26 10 24 11 28 6 13 25 5 27 29 19 17 16 3 14 21 2 22 4 7 30 32 23 20 12
293 1 31 18 15 9 8 26 10 24 11 28 6 13 25 5 27 29 19 17 16 3 14 21 2 22 4 7 30 32 23 20 12
294 1 31 18 15 9 8 26 10 24 11 28 6 13 25 5 27 29 19 17 16 3 14 21 2 22 4 7 30 32 23 20 12
295 1 31 18 15 9 8 26 10 24 11 28 6 13 25 5 27 29 19 17 16 3 14 21 2 22 4 7 30 32 23 20 12
296 1 31 18 15 9 8 26 10 24 11 28 6 13 25 5 27 29 19 17 16 3 14 21 2 22 4 7 30 32 23 20 12
297 1 31 18 15 9 8 26 10 24 11 28 6 13 25 5 27 29 19 17 16 3 14 21 2 22 4 7 30 32 23 20 12
298 1 31 18 15 9 8 26 10 24 11 28 6 13 25 5 27 29 19 17 16 3 14 21 2 22 4 7 30 32 23 20 12
299 1 31 18 15 9 8 26 10 24 11 28 6 13 25 5 27 29 19 17 16 3 14 21 2 22 4 7 30 32 23 20 12
300 1 31 18 15 9 8 26 10 24 11 28 6 13 25 5 27 29 19 17 16 3 14 21 2 22 4 7 30 32 23 20 12
301 1 31 18 15 9 8 26 10 24 11 28 6 13 25 5 27 29 19 17 16 3 14 21 2 22 4 7 30 32 23 20 12
302 1 31 18 15 9 8 26 10 24 11 28 6 13 25 5 27 29 19 17 16 3 14 21 2 22 4 7 30 32 23 20 12
303 1 31 18 15 9 8 26 10 24 11 28 6 13 25 5 27 29 19 17 16 3 14 21 2 22 4 7 30 32 23 20 12
304 1 31 18 15 9 8 26 10 24 11 28 6 13 25 5 27 29 19 17 16 3 14 21 2 22 4 7 30 32 23 20 12
305 1 31 18 15 9 8 26 10 24 11 28 6 13 25 5 27 29 19 17 16 3 14 21 2 22 4 7 30 32 23 20 12
306 1 31 18 15 9 8 26 10 24 11 28 6 13 25 5 27 29 19 17 16 3 14 21 2 22 4 7 30 32 23 20 12
307 1 31 18 15 9 8 26 10 24 11 28 6 13 25 5 27 29 19 17 16 3 14 21 2 22 4 7 30 32 23 20 12
308 1 31 18 15 9 8 26 10 24 11 28 6 13 25 5 27 29 19 17 16 3 14 21 2 22 4 7 30 32 23 20 12
309 1 31 18 15 9 8 26 10 24 11 28 6 13 25 5 27 29 19 17 16 3 14 21 2 22 4 7 30 32 23 20 12
310 1 31 18 15 9 8 26 10 24 11 28 6 13 25 5 27 29 19 17 16 3 14 21 2 22 4 7 30 32 23 20 12
311 1 31 18 15 9 8 26 10 24 11 28 6 13 25 5 27 29 19 17 16 3 14 21 2 22 4 7 30 32 23 20 12
312 1 31 18 15 9 8 26 10 24 11 28 6 13 25 5 27 29 19 17 16 3 14 21 2 22 4 7 30 32 23 20 12
313 1 31 18 15 9 8 26 10 24 11 28 6 13 25 5 27 29 19 17 16 3 14 21 2 22 4 7 30 32 23 20 12
314 1 31 18 15 9 8 26 10 24 11 28 6 13 25 5 27 29 19 17 16 3 14 21 2 22 4 7 30 32 23 20 12
315 1 31 18 15 9 8 26 10 24 11 28 6 13 25 5 27 29 19 17 16 3 14 21 2 22 4 7 30 32 23 20 12
316 1 31 18 15 9 8 26 10 24 11 28 6 13 25 5 27 29 19 17 16 3 14 21 2 22 4 7 30 32 23 20 12
317 1 31 18 15 9 8 26 10 24 11 28 6 13 25 5 27 29 19 17 16 3 14 21 2 22 4 7 30 32 23 20 12
318 1 31 18 15 9 8 26 10 24 11 28 6 13 25 5 27 29 19 17 16 3 14 21 2 22 4 7 30 32 23 20 12
319 1 31 18 15 9 8 26 10 24 11 28 6 13 25 5 27 29 19 17 16 3 14 21 2 22 4 7 30 32 23 20 12
320 1 31 18 15 9 8 26 10 24 11 28 6 13 25 5 27 29 19 17 16 3 14 21 2 22 4 7 30 32 23 20 12
321 1 31 18 15 9 8 26 10 24 11 28 6 13 25 5 27 29 19 17 16 3 14 21 2 22 32 30 7 4 23 20 12
322 1 31 18 15 9 8 26 10 24 11 28 6 13 25 5 27 29 19 17 16 3 14 21 2 22 32 30 7 4 23 20 12
323 1 31 18 15 9 8 26 10 24 11 28 6 13 25 5 27 29 19 17 16 3 14 21 2 22 32 30 7 4 23 20 12
324 1 31 18 15 9 8 26 10 24 11 28 6 13 25 5 27 29 19 17 16 3 14 21 2 22 32 30 7 4 23 20 12
325 1 31 18 15 9 8 26 10 24 11 28 6 13 25 5 27 29 19 17 16 3 14 21 2 22 32 30 7 4 23 20 12
326 1 31 18 15 9 8 26 10 24 11 28 6 13 25 5 27 29 19 17 16 3 14 21 2 22 32 30 7 4 23 20 12
327 1 31 18 15 9 8 26 10 24 11 28 6 13 25 5 27 29 19 17 16 3 14 21 2 22 32 30 7 4 23 20 12
328 1 31 18 15 9 8 26 10 24 11 28 6 13 25 5 27 29 19 17 16 3 14 21 2 22 32 30 7 4 23 20 12
329 1 31 18 15 9 8 26 10 24 11 28 6 13 25 5 27 29 19 17 16 3 14 21 2 22 32 30 7 4 23 20 12
330 1 31 18 15 9 8 26 10 24 11 28 6 13 25 5 27 29 19 17 16 3 14 21 2 22 32 30 7 4 23 20 12
331 1 31 18 15 9 8 26 10 24 11 28 6 13 25 5 27 29 19 17 16 3 14 21 2 22 32 30 7 4 23 20 12
332 1 31 18 15 9 8 26 10 24 11 28 6 13 25 5 27 29 19 17 16 3 14 21 2 22 32 30 7 4 23 20 12
333 1 31 18 15 9 8 26 10 24 11 28 6 13 25 5 27 29 19 17 16 3 14 21 2 22 32 30 7 4 23 20 12
334 1 31 18 15 9 8 26 10 24 11 28 6 13 25 5 27 29 19 17 16 3 14 21 2 22 32 30 7 4 23 20 12
335 1 31 18 15 9 8 26 10 24 11 28 6 13 25 5 27 29 19 17 16 3 14 21 2 22 32 30 7 4 23 20 12
336 1 31 18 15 9 8 26 10 24 11 28 6 13 25 5 27 29 19 17 16 3 14 21 2 22 32 30 7 4 23 20 12
337 1 31 18 15 9 8 26 10 24 11 28 6 13 25 5 27 29 19 17 16 3 14 21 2 22 32 30 7 4 23 20 12
338 1 31 18 15 9 8 26 10 24 11 28 6 13 25 5 27 29 19 17 16 3 14 21 2 22 32 30 7 4 23 20 12
339 1 31 18 15 9 8 26 10 24 11 28 6 13 25 5 27 29 19 17 16 3 14 21 2 22 32 30 7 4 23 20 12
340 1 31 18 15 9 8 26 10 24 11 28 6 13 25 5 27 29 19 17 16 3 14 21 2 22 32 30 7 4 23 20 12
341 1 31 18 15 9 8 26 10 24 11 28 6 13 25 5 27 29 19 17 16 3 14 21 2 22 32 30 7 4 23 20 12
342 1 31 18 15 9 8 26 10 24 11 28 6 13 25 5 27 29 19 17 16 3 14 21 2 22 32 30 7 4 23 20 12
343 1 31 18 15 9 8 26 10 24 11 28 6 13 25 5 27 29 19 17 16 3 14 21 2 22 32 30 7 4 23 20 12
344 1 31 18 15 9 8 26 10 24 11 28 6 13 25 5 27 29 19 17 16 3 14 21 2 22 32 30 7 4 23 20 12
345 1 31 18 15 9 8 26 10 24 11 28 6 13 25 5 27 29 19 17 16 3 14 21 2 22 32 30 7 4 23 20 12
346 1 31 18 15 9 8 26 10 24 11 28 6 13 25 5 27 29 19 17 16 3 14 21 2 22 32 30 7 4 23 20 12
347 1 31 18 15 9 8 26 10 24 11 28 6 13 25 5 27 29 19 17 16 3 14 21 2 22 32 30 7 4 23 20 12
348 1 31 18 15 9 8 26 10 24 11 28 6 13 25 5 27 29 19 17 16 3 14 21 2 22 32 30 7 4 23 20 12
349 1 31 18 15 9 8 26 10 24 11 28 6 13 25 5 27 29 19 17 16 3 14 21 2 22 32 30 7 4 23 20 12
350 1 31 18 15 9 8 26 10 24 11 28 6 13 25 5 27 29 19 17 16 3 14 21 2 22 32 30 7 4 23 20 12
351 1 31 18 15 9 8 26 10 24 11 28 6 13 25 5 27 29 19 17 16 3 14 21 2 22 32 30 7 4 23 20 12
352 1 31 18 15 9 8 26 10 24 11 28 6 13 25 5 27 29 19 17 16 3 14 21 2 22 32 30 7 4 23 20 12
353 1 31 18 15 9 8 26 10 24 11 28 6 13 25 5 27 29 19 17 16 3 14 21 2 22 32 30 7 4 23 20 12
354 1 31 18 15 9 8 26 10 24 11 28 6 13 25 5 27 29 19 17 16 3 14 21 2 22 32 30 7 4 23 20 12
355 1 31 18 15 9 8 26 10 24 11 28 6 13 25 5 27 29 19 17 16 3 14 21 2 22 32 30 7 4 23 20 12
356 1 31 18 15 9 8 26 10 24 11 28 6 13 25 5 27 29 19 17 16 3 14 21 2 22 32 30 7 4 23 20 12
357 1 31 18 15 9 8 26 10 24 11 28 6 13 25 5 27 29 19 17 16 3 14 21 2 22 32 30 7 4 23 20 12
358 1 31 18 15 9 8 26 10 24 11 28 6 13 25 5 27 29 19 17 16 3 14 21 2 22 32 30 7 4 23 20 12
359 1 31 18 15 9 8 26 10 24 11 28 6 13 25 5 27 29 19 17 16 3 14 21 2 22 32 30 7 4 23 20 12
360 1 31 18 15 9 8 26 10 24 11 28 6 13 25 5 27 29 19 17 16 3 14 21 2 22 32 30 7 4 23 20 12
361 1 31 18 15 9 8 26 10 24 11 28 6 13 25 5 27 29 19 17 16 3 14 21 2 22 32 30 7 4 23 20 12
362 1 31 18 15 9 8 26 10 24 11 28 6 13 25 5 27 29 19 17 16 3 14 21 2 22 32 30 7 4 23 20 12
363 1 31 18 15 9 8 26 10 24 11 28 6 13 25 5 27 29 19 17 16 3 14 21 2 22 32 30 7 4 23 20 12
364 1 31 18 15 9 8 26 10 24 11 28 6 13 25 5 27 29 19 17 16 3 14 21 2 22 32 30 7 4 23 20 12
365 1 31 18 15 9 8 26 10 24 11 28 6 13 25 5 27 29 19 17 16 3 14 21 2 22 32 30 7 4 23 20 12
366 1 31 18 15 9 8 26 10 24 11 28 6 13 25 5 27 29 19 17 16 3 14 21 2 22 32 30 7 4 23 20 12
367 1 31 18 15 9 8 26 10 24 11 28 6 13 25 5 27 29 19 17 16 3 14 21 2 22 32 30 7 4 23 20 12
368 1 31 18 15 9 8 26 10 24 11 28 6 13 25 5 27 29 19 17 16 3 14 21 2 22 32 30 7 4 23 20 12
369 1 31 18 15 9 8 26 10 24 11 28 6 13 25 5 27 29 19 17 16 3 14 21 2 22 32 30 7 4 23 20 12
370 1 31 18 15 9 8 26 10 24 11 28 6 13 25 5 27 29 19 17 16 3 14 21 2 22 32 30 7 4 23 20 12
371 1 31 18 15 9 8 26 10 24 11 28 6 13 25 5 27 29 19 17 16 3 14 21 2 22 32 30 7 4 23 20 12
372 1 31 18 15 9 8 26 10 24 11 28 6 13 25 5 27 29 19 17 16 3 14 21 2 22 32 30 7 4 23 20 12
373 1 31 18 15 9 8 26 10 24 11 28 6 13 25 5 27 29 19 17 16 3 14 21 2 22 32 30 7 4 23 20 12
374 1 31 18 15 9 8 26 10 24 11 28 6 13 25 5 27 29 19 17 16 3 14 21 2 22 32 30 7 4 23 20 12
375 1 31 18 15 9 8 26 10 24 11 28 6 13 25 5 27 29 19 17 16 3 14 21 2 22 32 30 7 4 23 20 12
376 1 31 18 15 9 8 26 10 24 11 28 6 13 25 5 27 29 19 17 16 3 14 21 2 22 32 30 7 4 23 20 12
377 1 31 18 15 9 8 26 10 24 11 28 6 13 25 5 27 29 19 17 16 3 14 21 2 22 32 30 7 4 23 20 12
378 1 31 18 15 9 8 26 10 24 11 28 6 13 25 5 27 29 19 17 16 3 14 21 2 22 32 30 7 4 23 20 12
379 1 31 18 15 9 8 26 10 24 11 28 6 13 25 5 27 29 19 17 16 3 14 21 2 22 32 30 7 4 23 20 12
380 1 31 18 15 9 8 26 10 24 11 28 6 13 25 5 27 29 19 17 16 3 14 21 2 22 32 30 7 4 23 20 12
381 1 31 18 15 9 8 26 10 24 11 28 6 13 25 5 27 29 19 17 16 3 14 21 2 22 32 30 7 4 23 20 12
382 1 31 18 15 9 8 26 10 24 11 28 6 13 25 5 27 29 19 17 16 3 14 21 2 22 32 30 7 4 23 20 12
383 1 31 18 15 9 8 26 10 24 11 28 6 13 25 5 27 29 19 17 16 3 14 21 2 22 32 30 7 4 23 20 12
384 1 31 18 15 9 8 26 10 24 11 28 6 13 25 5 27 29 19 17 16 3 14 21 2 22 32 30 7 4 23 20 12
385 1 31 18 15 9 8 26 10 24 11 28 6 13 25 5 27 29 19 17 16 3 14 21 2 22 32 30 7 4 23 20 12
386 1 31 18 15 9 8 26 10 24 11 28 6 13 25 5 27 29 19 17 16 3 14 21 2 22 32 30 7 4 23 20 12
387 1 31 18 15 9 8 26 10 24 11 28 6 13 25 5 27 29 19 17 16 3 14 21 2 22 32 30 7 4 23 20 12
388 1 31 18 15 9 8 26 10 24 11 28 6 13 25 5 27 29 19 17 16 3 14 21 2 22 32 30 7 4 23 20 12
389 1 31 18 15 9 8 26 10 24 11 28 6 13 25 5 27 29 19 17 16 3 14 21 2 22 32 30 7 4 23 20 12
390 1 31 18 15 9 8 26 10 24 11 28 6 13 25 5 27 29 19 17 16 3 14 21 2 22 32 30 7 4 23 20 12
391 1 31 18 15 9 8 26 10 24 11 28 6 13 25 5 27 29 19 17 16 3 14 21 2 22 32 30 7 4 23 20 12
392 1 31 18 15 9 8 26 10 24 11 28 6 13 25 5 27 29 19 17 16 3 14 21 2 22 32 30 7 4 23 20 12
393 1 31 18 15 9 8 26 10 24 11 28 6 13 25 5 27 29 19 17 16 3 14 21 2 22 32 30 7 4 23 20 12
394 1 31 18 15 9 8 26 10 24 11 28 6 13 25 5 27 29 19 17 16 3 14 21 2 22 32 30 7 4 23 20 12
395 1 31 18 15 9 8 26 10 24 11 28 6 13 25 5 27 29 19 17 16 3 14 21 2 22 32 30 7 4 23 20 12
396 1 31 18 15 9 8 26 10 24 11 28 6 13 25 5 27 29 19 17 16 3 14 21 2 22 32 30 7 4 23 20 12
397 1 31 18 15 9 8 26 10 24 11 28 6 13 25 5 27 29 19 17 16 3 14 21 2 22 32 30 7 4 23 20 12
398 1 31 18 15 9 8 26 10 24 11 28 6 13 25 5 27 29 19 17 16 3 14 21 2 22 32 30 7 4 23 20 12
399 1 31 18 15 9 8 26 10 24 11 28 6 13 25 5 27 29 19 17 16 3 14 21 2 22 32 30 7 4 23 20 12
400 1 31 18 15 9 8 26 10 24 11 28 6 13 25 5 27 29 19 17 16 3 14 21 2 22 32 30 7 4 23 20 12
401 1 31 18 15 9 8 26 10 24 11 28 6 13 25 5 27 29 19 17 16 3 14 21 2 22 32 30 7 4 23 20 12
402 1 31 18 15 9 8 26 10 24 11 28 6 13 25 5 27 29 19 17 16 3 14 21 2 22 32 30 7 4 23 20 12
403 1 31 18 15 9 8 26 10 24 11 28 6 13 25 5 27 29 19 17 16 3 14 21 2 22 32 30 7 4 23 20 12
404 1 31 18 15 9 8 26 10 24 11 28 6 13 25 5 27 29 19 17 16 3 14 21 2 22 32 30 7 4 23 20 12
405 1 31 18 15 9 8 26 10 24 11 28 6 13 25 5 27 29 19 17 16 3 14 21 2 22 32 30 7 4 23 20 12
406 1 31 18 15 9 8 26 10 24 11 28 6 13 25 5 27 29 19 17 16 3 14 21 2 22 32 30 7 4 23 20 12
407 1 31 18 15 9 8 26 10 24 11 28 6 13 25 5 27 29 19 17 16 3 14 21 2 22 32 30 7 4 23 20 12
408 1 31 18 15 9 8 26 10 24 11 28 6 13 25 5 27 29 19 17 16 3 14 21 2 22 32 30 7 4 23 20 12
409 1 31 18 15 9 8 26 10 24 11 28 6 13 25 5 27 29 19 17 16 3 14 21 2 22 32 30 7 4 23 20 12
410 1 31 18 15 9 8 26 10 24 11 28 6 13 25 5 27 29 19 17 16 3 14 21 2 22 32 30 7 4 23 20 12
411 1 31 18 15 9 8 26 10 24 11 28 6 13 25 5 27 29 19 17 16 3 14 21 2 22 32 30 7 4 23 20 12
412 1 31 18 15 9 8 26 10 24 11 28 6 13 25 5 27 29 19 17 16 3 14 21 2 22 32 30 7 4 23 20 12
413 1 31 18 15 9 8 26 10 24 11 28 6 13 25 5 27 29 19 17 16 3 14 21 2 22 32 30 7 4 23 20 12
414 1 31 18 15 9 8 26 10 24 11 28 6 13 25 5 27 29 19 17 16 3 14 21 2 22 32 30 7 4 23 20 12
415 1 31 18 15 9 8 26 10 24 11 28 6 13 25 5 27 29 19 17 16 3 14 21 2 22 32 30 7 4 23 20 12
416 1 31 18 15 9 8 26 10 24 11 28 6 13 25 5 27 29 19 17 16 3 14 21 2 22 32 30 7 4 23 20 12
417 1 31 18 15 9 8 26 10 24 11 28 6 13 25 5 27 29 19 17 16 3 14 21 2 22 32 30 7 4 23 20 12
418 1 31 18 15 9 8 26 10 24 11 28 6 13 25 5 27 29 19 17 16 3 14 21 2 22 32 30 7 4 23 20 12
419 1 31 18 15 9 8 26 10 24 11 28 6 13 25 5 27 29 19 17 16 3 14 21 2 22 32 30 7 4 23 20 12
420 1 31 18 15 9 8 26 10 24 11 28 6 13 25 5 27 29 19 17 16 3 14 21 2 22 32 30 7 4 23 20 12
421 1 31 18 15 9 8 26 10 24 11 28 6 13 25 5 27 29 19 17 16 3 14 21 2 22 32 30 7 4 23 20 12
422 1 31 18 15 9 8 26 10 24 11 28 6 13 25 5 27 29 19 17 16 3 14 21 2 22 32 30 7 4 23 20 12
423 1 31 18 15 9 8 26 10 24 11 28 6 13 25 5 27 29 19 17 16 3 14 21 2 22 32 30 7 4 23 20 12
424 1 31 18 15 9 8 26 10 24 11 28 6 13 25 5 27 29 19 17 16 3 14 21 2 22 32 30 7 4 23 20 12
425 1 31 18 15 9 8 26 10 24 11 28 6 13 25 5 27 29 19 17 16 3 14 21 2 22 32 30 7 4 23 20 12
426 1 31 18 15 9 8 26 10 24 11 28 6 13 25 5 27 29 19 17 16 3 14 21 2 22 32 30 7 4 23 20 12
427 1 31 18 15 9 8 26 10 24 11 28 6 13 25 5 27 29 19 17 16 3 14 21 2 22 32 30 7 4 23 20 12
428 1 31 18 15 9 8 26 10 24 11 28 6 13 25 5 27 29 19 17 16 3 14 21 2 22 32 30 7 4 23 20 12
429 1 31 18 15 9 8 26 10 24 11 28 6 13 25 5 27 29 19 17 16 3 14 21 2 22 32 30 7 4 23 20 12
430 1 31 18 15 9 8 26 10 24 11 28 6 13 25 5 27 29 19 17 16 3 14 21 2 22 32 30 7 4 23 20 12
431 1 31 18 15 9 8 26 10 24 11 28 6 13 25 5 27 29 19 17 16 3 14 21 2 22 32 30 7 4 23 20 12
432 1 31 18 15 9 8 26 10 24 11 28 6 13 25 5 27 29 19 17 16 3 14 21 2 22 32 30 7 4 23 20 12
433 1 31 18 15 9 8 26 10 24 11 28 6 13 25 5 27 29 19 17 16 3 14 21 2 22 32 30 7 4 23 20 12
434 1 31 18 15 9 8 26 10 24 11 28 6 13 25 5 27 29 19 17 16 3 14 21 2 22 32 30 7 4 23 20 12
435 1 31 18 15 9 8 26 10 24 11 28 6 13 25 5 27 29 19 17 16 3 14 21 2 22 32 30 7 4 23 20 12
436 1 31 18 15 9 8 26 10 24 11 28 6 13 25 5 27 29 19 17 16 3 14 21 2 22 32 30 7 4 23 20 12
437 1 31 18 15 9 8 26 10 24 11 28 6 13 25 5 27 29 19 17 16 3 14 21 2 22 32 30 7 4 23 20 12
438 1 31 18 15 9 8 26 10 24 11 28 6 13 25 5 27 29 19 17 16 3 14 21 2 22 32 30 7 4 23 20 12
439 1 31 18 15 9 8 26 10 24 11 28 6 13 25 5 27 29 19 17 16 3 14 21 2 22 32 30 7 4 23 20 12
440 1 31 18 15 9 8 26 10 24 11 28 6 13 25 5 27 29 19 17 16 3 14 21 2 22 32 30 7 4 23 20 12
441 1 31 18 15 9 8 26 10 24 11 28 6 13 25 5 27 29 19 17 16 3 14 21 2 22 32 30 7 4 23 20 12
442 1 31 18 15 9 8 26 10 24 11 28 6 13 25 5 27 29 19 17 16 3 14 21 2 22 32 30 7 4 23 20 12
443 1 31 18 15 9 8 26 10 24 11 28 6 13 25 5 27 29 19 17 16 3 14 21 2 22 32 30 7 4 23 20 12
444 1 31 18 15 9 8 26 10 24 11 28 6 13 25 5 27 29 19 17 16 3 14 21 2 22 32 30 7 4 23 20 12
445 1 31 18 15 9 8 26 10 24 11 28 6 13 25 5 27 29 19 17 16 3 14 21 2 22 32 30 7 4 23 20 12
446 1 31 18 15 9 8 26 10 24 11 28 6 13 25 5 27 29 19 17 16 3 14 21 2 22 32 30 7 4 23 20 12
447 1 31 18 15 9 8 26 10 24 11 28 6 13 25 5 27 29 19 17 16 3 14 21 2 22 32 30 7 4 23 20 12
448 1 31 18 15 9 8 26 10 24 11 28 6 13 25 5 27 29 19 17 16 3 14 21 2 22 32 30 7 4 23 20 12
449 1 31 18 15 9 8 26 10 24 11 28 6 13 25 5 27 29 19 17 16 3 14 21 2 22 32 30 7 4 23 20 12
450 1 31 18 15 9 8 26 10 24 11 28 6 13 25 5 27 29 19 17 16 3 14 21 2 22 32 30 7 4 23 20 12
451 1 31 18 15 9 8 26 10 24 11 28 6 13 25 5 27 29 19 17 16 3 14 21 2 22 32 30 7 4 23 20 12
452 1 31 18 15 9 8 26 10 24 11 28 6 13 25 5 27 29 19 17 16 3 14 21 2 22 32 30 7 4 23 20 12
453 1 31 18 15 9 8 26 10 24 11 28 6 13 25 5 27 29 19 17 16 3 14 21 2 22 32 30 7 4 23 20 12
454 1 31 18 15 9 8 26 10 24 11 28 6 13 25 5 27 29 19 17 16 3 14 21 2 22 32 30 7 4 23 20 12
455 1 31 18 15 9 8 26 10 24 11 28 6 13 25 5 27 29 19 17 16 3 14 21 2 22 32 30 7 4 23 20 12
456 1 31 18 15 9 8 26 10 24 11 28 6 13 25 5 27 29 19 17 16 3 14 21 2 22 32 30 7 4 23 20 12
457 1 31 18 15 9 8 26 10 24 11 28 6 13 25 5 27 29 19 17 16 3 14 21 2 22 32 30 7 4 23 20 12
458 1 31 18 15 9 8 26 10 24 11 28 6 13 25 5 27 29 19 17 16 3 14 21 2 22 32 30 7 4 23 20 12
459 1 31 18 15 9 8 26 10 24 11 28 6 13 25 5 27 29 19 17 16 3 14 21 2 22 32 30 7 4 23 20 12
460 1 31 18 15 9 8 26 10 24 11 28 6 13 25 5 27 29 19 17 16 3 14 21 2 22 32 30 7 4 23 20 12
461 1 31 18 15 9 8 26 10 24 11 28 6 13 25 5 27 29 19 17 16 3 14 21 2 22 32 30 7 4 23 20 12
462 1 31 18 15 9 8 26 10 24 11 28 6 13 25 5 27 29 19 17 16 3 14 21 2 22 32 30 7 4 23 20 12
463 1 31 18 15 9 8 26 10 24 11 28 6 13 25 5 27 29 19 17 16 3 14 21 2 22 32 30 7 4 23 20 12
464 1 31 18 15 9 8 26 10 24 11 28 6 13 25 5 27 29 19 17 16 3 14 21 2 22 32 30 7 4 23 20 12
465 1 31 18 15 9 8 26 10 24 11 28 6 13 25 5 27 29 19 17 16 3 14 21 2 22 32 30 7 4 23 20 12
466 1 31 18 15 9 8 26 10 24 11 28 6 13 25 5 27 29 19 17 16 3 14 21 2 22 32 30 7 4 23 20 12
467 1 31 18 15 9 8 26 10 24 11 28 6 13 25 5 27 29 19 17 16 3 14 21 2 22 32 30 7 4 23 20 12
468 1 31 18 15 9 8 26 10 24 11 28 6 13 25 5 27 29 19 17 16 3 14 21 2 22 32 30 7 4 23 20 12
469 1 31 18 15 9 8 26 10 24 11 28 6 13 25 5 27 29 19 17 16 3 14 21 2 22 32 30 7 4 23 20 12
470 1 31 18 15 9 8 26 10 24 11 28 6 13 25 5 27 29 19 17 16 3 14 21 2 22 32 30 7 4 23 20 12
471 1 31 18 15 9 8 26 10 24 11 28 6 13 25 5 27 29 19 17 16 3 14 21 2 22 32 30 7 4 23 20 12
472 1 31 18 15 9 8 26 10 24 11 28 6 13 25 5 27 29 19 17 16 3 14 21 2 22 32 30 7 4 23 20 12
473 1 31 18 15 9 8 26 10 24 11 28 6 13 25 5 27 29 19 17 16 3 14 21 2 22 32 30 7 4 23 20 12
474 1 31 18 15 9 8 26 10 24 11 28 6 13 25 5 27 29 19 17 16 3 14 21 2 22 32 30 7 4 23 20 12
475 1 31 18 15 9 8 26 10 24 11 28 6 13 25 5 27 29 19 17 16 3 14 21 2 22 32 30 7 4 23 20 12
476 1 31 18 15 9 8 26 10 24 11 28 6 13 25 5 27 29 19 17 16 3 14 21 2 22 32 30 7 4 23 20 12
477 1 31 18 15 9 8 26 10 24 11 28 6 13 25 5 27 29 19 17 16 3 14 21 2 22 32 30 7 4 23 20 12
478 1 31 18 15 9 8 26 10 24 11 28 6 13 25 5 27 29 19 17 16 3 14 21 2 22 32 30 7 4 23 20 12
479 1 31 18 15 9 8 26 10 24 11 28 6 13 25 5 27 29 19 17 16 3 14 21 2 22 32 30 7 4 23 20 12
480 1 31 18 15 9 8 26 10 24 11 28 6 13 25 5 27 29 19 17 16 3 14 21 2 22 32 30 7 4 23 20 12
481 1 31 18 15 9 8 26 10 24 11 28 6 13 25 5 27 29 19 17 16 3 14 21 2 22 32 30 7 4 23 20 12
482 1 31 18 15 9 8 26 10 24 11 28 6 13 25 5 27 29 19 17 16 3 14 21 2 22 32 30 7 4 23 20 12
483 1 31 18 15 9 8 26 10 24 11 28 6 13 25 5 27 29 19 17 16 3 14 21 2 22 32 30 7 4 23 20 12
484 1 31 18 15 9 8 26 10 24 11 28 6 13 25 5 27 29 19 17 16 3 14 21 2 22 32 30 7 4 23 20 12
485 1 31 18 15 9 8 26 10 24 11 28 6 13 25 5 27 29 19 17 16 3 14 21 2 22 32 30 7 4 23 20 12
486 1 31 18 15 9 8 26 10 24 11 28 6 13 25 5 27 29 19 17 16 3 14 21 2 22 32 30 7 4 23 20 12
487 1 31 18 15 9 8 26 10 24 11 28 6 13 25 5 27 29 19 17 16 3 14 21 2 22 32 30 7 4 23 20 12
488 1 31 18 15 9 8 26 10 24 11 28 6 13 25 5 27 29 19 17 16 3 14 21 2 22 32 30 7 4 23 20 12
489 1 31 18 15 9 8 26 10 24 11 28 6 13 25 5 27 29 19 17 16 3 14 21 2 22 32 30 7 4 23 20 12
490 1 31 18 15 9 8 26 10 24 11 28 6 13 25 5 27 29 19 17 16 3 14 21 2 22 32 30 7 4 23 20 12
491 1 31 18 15 9 8 26 10 24 11 28 6 13 25 5 27 29 19 17 16 3 14 21 2 22 32 30 7 4 23 20 12
492 1 31 18 15 9 8 26 10 24 11 28 6 13 25 5 27 29 19 17 16 3 14 21 2 22 32 30 7 4 23 20 12
493 1 31 18 15 9 8 26 10 24 11 28 6 13 25 5 27 29 19 17 16 3 14 21 2 22 32 30 7 4 23 20 12
494 1 31 18 15 9 8 26 10 24 11 28 6 13 25 5 27 29 19 17 16 3 14 21 2 22 32 30 7 4 23 20 12
495 1 31 18 15 9 8 26 10 24 11 28 6 13 25 5 27 29 19 17 16 3 14 21 2 22 32 30 7 4 23 20 12
496 1 31 18 15 9 8 26 10 24 11 28 6 13 25 5 27 29 19 17 16 3 14 21 2 22 32 30 7 4 23 20 12
497 1 31 18 15 9 8 26 10 24 11 28 6 13 25 5 27 29 19 17 16 3 14 21 2 22 32 30 7 4 23 20 12
498 1 31 18 15 9 8 26 10 24 11 28 6 13 25 5 27 29 19 17 16 3 14 21 2 22 32 30 7 4 23 20 12
499 1 31 18 15 9 8 26 10 24 11 28 6 13 25 5 27 29 19 17 16 3 14 21 2 22 32 30 7 4 23 20 12
500 1 31 18 15 9 8 26 10 24 11 28 6 13 25 5 27 29 19 17 16 3 14 21 2 22 32 30 7 4 23 20 12
501 1 31 18 15 9 8 26 10 24 11 28 6 13 25 5 27 29 19 17 16 3 14 21 2 22 32 30 7 4 23 20 12
502 1 31 18 15 9 8 26 10 24 11 28 6 13 25 5 27 29 19 17 16 3 14 21 2 22 32 30 7 4 23 20 12
503 1 31 18 15 9 8 26 10 24 11 28 6 13 25 5 27 29 19 17 16 3 14 21 2 22 32 30 7 4 23 20 12
504 1 31 18 15 9 8 26 10 24 11 28 6 13 25 5 27 29 19 17 16 3 14 21 2 22 32 30 7 4 23 20 12
505 1 31 18 15 9 8 26 10 24 11 28 6 13 25 5 27 29 19 17 16 3 14 21 2 22 32 30 7 4 23 20 12
506 1 31 18 15 9 8 26 10 24 11 28 6 13 25 5 27 29 19 17 16 3 14 21 2 22 32 30 7 4 23 20 12
507 1 31 18 15 9 8 26 10 24 11 28 6 13 25 5 27 29 19 17 16 3 14 21 2 22 32 30 7 4 23 20 12
508 1 31 18 15 9 8 26 10 24 11 28 6 13 25 5 27 29 19 17 16 3 14 21 2 22 32 30 7 4 23 20 12
509 1 31 18 15 9 8 26 10 24 11 28 6 13 25 5 27 29 19 17 16 3 14 21 2 22 32 30 7 4 23 20 12
510 1 31 18 15 9 8 26 10 24 11 28 6 13 25 5 27 29 19 17 16 3 14 21 2 22 32 30 7 4 23 20 12
511 1 31 18 15 9 8 26 10 24 11 28 6 13 25 5 27 29 19 17 16 3 14 21 2 22 32 30 7 4 23 20 12
512 1 31 18 15 9 8 26 10 24 11 28 6 13 25 5 27 29 19 17 16 3 14 21 2 22 32 30 7 4 23 20 12
513 1 31 18 15 9 8 26 10 24 11 28 6 13 25 5 27 29 19 17 16 3 14 21 2 22 32 30 7 4 23 20 12
514 1 31 18 15 9 8 26 10 24 11 28 6 13 25 5 27 29 19 17 16 3 14 21 2 22 32 30 7 4 23 20 12
515 1 31 18 15 9 8 26 10 24 11 28 6 13 25 5 27 29 19 17 16 3 14 21 2 22 32 30 7 4 23 20 12
516 1 31 18 15 9 8 26 10 24 11 28 6 13 25 5 27 29 19 17 16 3 14 21 2 22 32 30 7 4 23 20 12
517 1 31 18 15 9 8 26 10 24 11 28 6 13 25 5 27 29 19 17 16 3 14 21 2 22 32 30 7 4 23 20 12
518 1 31 18 15 9 8 26 10 24 11 28 6 13 25 5 27 29 19 17 16 3 14 21 2 22 32 30 7 4 23 20 12
519 1 31 18 15 9 8 26 10 24 11 28 6 13 25 5 27 29 19 17 16 3 14 21 2 22 32 30 7 4 23 20 12
520 1 31 18 15 9 8 26 10 24 11 28 6 13 25 5 27 29 19 17 16 3 14 21 2 22 32 30 7 4 23 20 12
521 1 31 18 15 9 8 26 10 24 11 28 6 13 25 5 27 29 19 17 16 3 14 21 2 22 32 30 7 4 23 20 12
522 1 31 18 15 9 8 26 10 24 11 28 6 13 25 5 27 29 19 17 16 3 14 21 2 22 32 30 7 4 23 20 12
523 1 31 18 15 9 8 26 10 24 11 28 6 13 25 5 27 29 19 17 16 3 14 21 2 22 32 30 7 4 23 20 12
524 1 31 18 15 9 8 26 10 24 11 28 6 13 25 5 27 29 19 17 16 3 14 21 2 22 32 30 7 4 23 20 12
525 1 31 18 15 9 8 26 10 24 11 28 6 13 25 5 27 29 19 17 16 3 14 21 2 22 32 30 7 4 23 20 12
526 1 31 18 15 9 8 26 10 24 11 28 6 13 25 5 27 29 19 17 16 3 14 21 2 22 32 30 7 4 23 20 12
527 1 31 18 15 9 8 26 10 24 11 28 6 13 25 5 27 29 19 17 16 3 14 21 2 22 32 30 7 4 23 20 12
528 1 31 18 15 9 8 26 10 24 11 28 6 13 25 5 27 29 19 17 16 3 14 21 2 22 32 30 7 4 23 20 12
529 1 31 18 15 9 8 26 10 24 11 28 6 13 25 5 27 29 19 17 16 3 14 21 2 22 32 30 7 4 23 20 12
530 1 31 18 15 9 8 26 10 24 11 28 6 13 25 5 27 29 19 17 16 3 14 21 2 22 32 30 7 4 23 20 12
531 1 31 18 15 9 8 26 10 24 11 28 6 13 25 5 27 29 19 17 16 3 14 21 2 22 32 30 7 4 23 20 12
532 1 31 18 15 9 8 26 10 24 11 28 6 13 25 5 27 29 19 17 16 3 14 21 2 22 32 30 7 4 23 20 12
533 1 31 18 15 9 8 26 10 24 11 28 6 13 25 5 27 29 19 17 16 3 14 21 2 22 32 30 7 4 23 20 12
534 1 31 18 15 9 8 26 10 24 11 28 6 13 25 5 27 29 19 17 16 3 14 21 2 22 32 30 7 4 23 20 12
535 1 31 18 15 9 8 26 10 24 11 28 6 13 25 5 27 29 19 17 16 3 14 21 2 22 32 30 7 4 23 20 12
536 1 31 18 15 9 8 26 10 24 11 28 6 13 25 5 27 29 19 17 16 3 14 21 2 22 32 30 7 4 23 20 12
537 1 31 18 15 9 8 26 10 24 11 28 6 13 25 5 27 29 19 17 16 3 14 21 2 22 32 30 7 4 23 20 12
538 1 31 18 15 9 8 26 10 24 11 28 6 13 25 5 27 29 19 17 16 3 14 21 2 22 32 30 7 4 23 20 12
539 1 31 18 15 9 8 26 10 24 11 28 6 13 25 5 27 29 19 17 16 3 14 21 2 22 32 30 7 4 23 20 12
540 1 31 18 15 9 8 26 10 24 11 28 6 13 25 5 27 29 19 17 16 3 14 21 2 22 32 30 7 4 23 20 12
541 1 31 18 15 9 8 26 10 24 11 28 6 13 25 5 27 29 19 17 16 3 14 21 2 22 32 30 7 4 23 20 12
542 1 31 18 15 9 8 26 10 24 11 28 6 13 25 5 27 29 19 17 16 3 14 21 2 22 32 30 7 4 23 20 12
543 1 31 18 15 9 8 26 10 24 11 28 6 13 25 5 27 29 19 17 16 3 14 21 2 22 32 30 7 4 23 20 12
544 1 31 18 15 9 8 26 10 24 11 28 6 13 25 5 27 29 19 17 16 3 14 21 2 22 32 30 7 4 23 20 12
545 1 31 18 15 9 8 26 10 24 11 28 6 13 25 5 27 29 19 17 16 3 14 21 2 22 32 30 7 4 23 20 12
546 1 31 18 15 9 8 26 10 24 11 28 6 13 25 5 27 29 19 17 16 3 14 21 2 22 32 30 7 4 23 20 12
547 1 31 18 15 9 8 26 10 24 11 28 6 13 25 5 27 29 19 17 16 3 14 21 2 22 32 30 7 4 23 20 12
548 1 31 18 15 9 8 26 10 24 11 28 6 13 25 5 27 29 19 17 16 3 14 21 2 22 32 30 7 4 23 20 12
549 1 31 18 15 9 8 26 10 24 11 28 6 13 25 5 27 29 19 17 16 3 14 21 2 22 32 30 7 4 23 20 12
550 1 31 18 15 9 8 26 10 24 11 28 6 13 25 5 27 29 19 17 16 3 14 21 2 22 32 30 7 4 23 20 12
551 1 31 18 15 9 8 26 10 24 11 28 6 13 25 5 27 29 19 17 16 3 14 21 2 22 32 30 7 4 23 20 12
552 1 31 18 15 9 8 26 10 24 11 28 6 13 25 5 27 29 19 17 16 3 14 21 2 22 32 30 7 4 23 20 12
553 1 31 18 15 9 8 26 10 24 11 28 6 13 25 5 27 29 19 17 16 3 14 21 2 22 32 30 7 4 23 20 12
554 1 31 18 15 9 8 26 10 24 11 28 6 13 25 5 27 29 19 17 16 3 14 21 2 22 32 30 7 4 23 20 12
555 1 31 18 15 9 8 26 10 24 11 28 6 13 25 5 27 29 19 17 16 3 14 21 2 22 32 30 7 4 23 20 12
556 1 31 18 15 9 8 26 10 24 11 28 6 13 25 5 27 29 19 17 16 3 14 21 2 22 32 30 7 4 23 20 12
557 1 31 18 15 9 8 26 10 24 11 28 6 13 25 5 27 29 19 17 16 3 14 21 2 22 32 30 7 4 23 20 12
558 1 31 18 15 9 8 26 10 24 11 28 6 13 25 5 27 29 19 17 16 3 14 21 2 22 32 30 7 4 23 20 12
559 1 31 18 15 9 8 26 10 24 11 28 6 13 25 5 27 29 19 17 16 3 14 21 2 22 32 30 7 4 23 20 12
560 1 31 18 15 9 8 26 10 24 11 28 6 13 25 5 27 29 19 17 16 3 14 21 2 22 32 30 7 4 23 20 12
561 1 31 18 15 9 8 26 10 24 11 28 6 13 25 5 27 29 19 17 16 3 14 21 2 22 32 30 7 4 23 20 12
562 1 31 18 15 9 8 26 10 24 11 28 6 13 25 5 27 29 19 17 16 3 14 21 2 22 32 30 7 4 23 20 12
563 1 31 18 15 9 8 26 10 24 11 28 6 13 25 5 27 29 19 17 16 3 14 21 2 22 32 30 7 4 23 20 12
564 1 31 18 15 9 8 26 10 24 11 28 6 13 25 5 27 29 19 17 16 3 14 21 2 22 32 30 7 4 23 20 12
565 1 31 18 15 9 8 26 10 24 11 28 6 13 25 5 27 29 19 17 16 3 14 21 2 22 32 30 7 4 23 20 12
566 1 31 18 15 9 8 26 10 24 11 28 6 13 25 5 27 29 19 17 16 3 14 21 2 22 32 30 7 4 23 20 12
567 1 31 18 15 9 8 26 10 24 11 28 6 13 25 5 27 29 19 17 16 3 14 21 2 22 32 30 7 4 23 20 12
568 1 31 18 15 9 8 26 10 24 11 28 6 13 25 5 27 29 19 17 16 3 14 21 2 22 32 30 7 4 23 20 12
569 1 31 18 15 9 8 26 10 24 11 28 6 13 25 5 27 29 19 17 16 3 14 21 2 22 32 30 7 4 23 20 12
570 1 31 18 15 9 8 26 10 24 11 28 6 13 25 5 27 29 19 17 16 3 14 21 2 22 32 30 7 4 23 20 12
571 1 31 18 15 9 8 26 10 24 11 28 6 13 25 5 27 29 19 17 16 3 14 21 2 22 32 30 7 4 23 20 12
572 1 31 18 15 9 8 26 10 24 11 28 6 13 25 5 27 29 19 17 16 3 14 21 2 22 32 30 7 4 23 20 12
573 1 31 18 15 9 8 26 10 24 11 28 6 13 25 5 27 29 19 17 16 3 14 21 2 22 32 30 7 4 23 20 12
574 1 31 18 15 9 8 26 10 24 11 28 6 13 25 5 27 29 19 17 16 3 14 21 2 22 32 30 7 4 23 20 12
575 1 31 18 15 9 8 26 10 24 11 28 6 13 25 5 27 29 19 17 16 3 14 21 2 22 32 30 7 4 23 20 12
576 1 31 18 15 9 8 26 10 24 11 28 6 13 25 5 27 29 19 17 16 3 14 21 2 22 32 30 7 4 23 20 12
577 1 31 18 15 9 8 26 10 24 11 28 6 13 25 5 27 29 19 17 16 3 14 21 2 22 32 30 7 4 23 20 12
578 1 31 18 15 9 8 26 10 24 11 28 6 13 25 5 27 29 19 17 16 3 14 21 2 22 32 30 7 4 23 20 12
579 1 31 18 15 9 8 26 10 24 11 28 6 13 25 5 27 29 19 17 16 3 14 21 2 22 32 30 7 4 23 20 12
580 1 31 18 15 9 8 26 10 24 11 28 6 13 25 5 27 29 19 17 16 3 14 21 2 22 32 30 7 4 23 20 12
581 1 31 18 15 9 8 26 10 24 11 28 6 13 25 5 27 29 19 17 16 3 14 21 2 22 32 30 7 4 23 20 12
582 1 31 18 15 9 8 26 10 24 11 28 6 13 25 5 27 29 19 17 16 3 14 21 2 22 32 30 7 4 23 20 12
583 1 31 18 15 9 8 26 10 24 11 28 6 13 25 5 27 29 19 17 16 3 14 21 2 22 32 30 7 4 23 20 12
584 1 31 18 15 9 8 26 10 24 11 28 6 13 25 5 27 29 19 17 16 3 14 21 2 22 32 30 7 4 23 20 12
585 1 31 18 15 9 8 26 10 24 11 28 6 13 25 5 27 29 19 17 16 3 14 21 2 22 32 30 7 4 23 20 12
586 1 31 18 15 9 8 26 10 24 11 28 6 13 25 5 27 29 19 17 16 3 14 21 2 22 32 30 7 4 23 20 12
587 1 31 18 15 9 8 26 10 24 11 28 6 13 25 5 27 29 19 17 16 3 14 21 2 22 32 30 7 4 23 20 12
588 1 31 18 15 9 8 26 10 24 11 28 6 13 25 5 27 29 19 17 16 3 14 21 2 22 32 30 7 4 23 20 12
589 1 31 18 15 9 8 26 10 24 11 28 6 13 25 5 27 29 19 17 16 3 14 21 2 22 32 30 7 4 23 20 12
590 1 31 18 15 9 8 26 10 24 11 28 6 13 25 5 27 29 19 17 16 3 14 21 2 22 32 30 7 4 23 20 12
591 1 31 18 15 9 8 26 10 24 11 28 6 13 25 5 27 29 19 17 16 3 14 21 2 22 32 30 7 4 23 20 12
592 1 31 18 15 9 8 26 10 24 11 28 6 13 25 5 27 29 19 17 16 3 14 21 2 22 32 30 7 4 23 20 12
593 1 31 18 15 9 8 26 10 24 11 28 6 13 25 5 27 29 19 17 16 3 14 21 2 22 32 30 7 4 23 20 12
594 1 31 18 15 9 8 26 10 24 11 28 6 13 25 5 27 29 19 17 16 3 14 21 2 22 32 30 7 4 23 20 12
595 1 31 18 15 9 8 26 10 24 11 28 6 13 25 5 27 29 19 17 16 3 14 21 2 22 32 30 7 4 23 20 12
596 1 31 18 15 9 8 26 10 24 11 28 6 13 25 5 27 29 19 17 16 3 14 21 2 22 32 30 7 4 23 20 12
597 1 31 18 15 9 8 26 10 24 11 28 6 13 25 5 27 29 19 17 16 3 14 21 2 22 32 30 7 4 23 20 12
598 1 31 18 15 9 8 26 10 24 11 28 6 13 25 5 27 29 19 17 16 3 14 21 2 22 32 30 7 4 23 20 12
599 1 31 18 15 9 8 26 10 24 11 28 6 13 25 5 27 29 19 17 16 3 14 21 2 22 32 30 7 4 23 20 12
600 1 31 18 15 9 8 26 10 24 11 28 6 13 25 5 27 29 19 17 16 3 14 21 2 22 32 30 7 4 23 20 12
