1.2867
1.2867
0.82891
-1.39566
-1.38951
-1.38951
-1.19874
0.397668
0.397668
0.397668
0.397668
-0.555466
-0.555466
-0.555466
-0.555466
0.283373
0.283373
0.283373
0.283373
0.283373
0.283373
-1.21814
-1.21814
-0.938892
0.841973
0.841973
0.841973
0.841973
0.688671
0.688671
0.688671
0.688671
0.688671
0.688671
0.688671
0.688671
1.04818
0.597697
1.02013
0.831922
0.831922
-0.901377
1.39333
1.15372
1.0979
-0.655521
-0.655521
0.683618
0.683618
-0.518247
-0.518247
-1.17758
-1.17758
-1.49697
-1.49697
-0.150194
0.213498
0.213498
0.790052
0.790052
0.790052
0.790052
0.776202
0.776202
0.499085
0.677422
0.677422
0.677422
-0.232025
-0.360356
-0.360356
0.225973
0.225973
1.18281
-0.281065
-0.281065
-0.281065
1.44846
1.44846
1.44846
1.44846
1.03043
1.03043
1.03043
1.03043
-0.841246
-0.841246
-0.841246
-0.841246
0.23064
-0.353404
-0.353404
-0.353404
-0.634322
-0.634322
0.633947
0.633947
0.944529
0.784562
0.63326
0.560572
0.65432
-0.385312
-0.385312
-0.576303
-0.576303
-0.576303
-0.576303
-0.576303
-0.576303
0.585849
0.585849
0.585849
0.585849
0.3051
0.3051
0.3051
0.3051
0.3051
0.3051
0.3051
0.3051
0.3051
0.3051
0.3051
0.3051
0.3051
0.3051
-0.0813414
-1.19925
0.0898537
0.413022
0.413022
0.413022
0.413022
0.413022
0.413022
-0.588581
-0.649769
-0.649769
0.793335
-0.419926
-0.419926
-0.419926
-0.496295
-0.496295
-0.496295
-0.496295
0.141046
0.141046
0.141046
-1.66526
-0.43911
-0.169258
0.0561622
1.54539
1.54539
0.404905
0.404905
0.404905
0.574352
0.574352
0.629858
0.629858
0.629858
0.692197
0.692197
-0.686822
0.895203
0.895203
-0.845842
-0.289718
-0.289718
-0.289718
-0.289718
-0.0458118
-0.0458118
-0.0458118
-0.0458118
1.34112
-0.466331
-0.466331
-0.466331
-0.466331
-0.466331
1.10493
0.792192
-1.07616
-0.00445142
-0.00445142
0.534382
-0.13654
1.29236
1.29236
0.249518
-1.02939
-1.02939
0.45886
0.45886
0.45886
0.45886
0.45886
0.258421
0.258421
-0.988034
-0.988034
-0.16579
0.514215
0.514215
0.514215
0.514215
0.514215
0.753623
0.205738
-1.3828
-1.11274
1.05792
1.05792
1.05792
1.05792
-1.22739
-1.22739
-1.22739
-0.0101578
-0.0101578
-0.0101578
-0.0101578
-0.0101578
0.218451
0.218451
0.218451
0.125025
0.125025
0.125025
-0.760589
-0.760589
-1.46408
-1.46408
0.245403
-0.964203
-0.964203
-1.31944
1.36918
-1.08934
-1.08934
-1.08934
-1.08934
-1.08934
-1.47336
-1.47336
-0.32889
-0.32889
0.0609082
0.0609082
0.0609082
0.0609082
0.470733
0.470733
-1.33651
-1.32587
0.494694
0.22141
0.22141
-0.359867
-0.359867
-0.359867
-0.359867
0.212181
1.47711
1.47711
1.47711
1.47711
1.47711
-0.986388
-0.542214
-0.334449
-0.334449
-0.334449
-0.334449
-0.334449
-0.334449
-0.334449
0.818657
0.818657
0.818657
0.818657
0.964599
0.522737
0.522737
0.522737
0.522737
0.522737
-0.717534
0.786572
-0.571199
-0.571199
-0.571199
-0.571199
-0.571199
-0.571199
-0.571199
-0.571199
0.774934
0.82579
0.395621
0.395621
1.07454
1.07454
-0.655553
-0.655553
-0.655553
-0.655553
0.472084
0.472084
1.08223
1.01452
1.01452
-0.844265
-0.844265
1.16419
1.16419
1.16419
1.16419
1.16419
1.16419
-0.625136
-0.625136
-0.625136
-0.625136
0.778642
1.53463
0.176519
0.176519
0.176519
0.176519
-1.27491
0.621772
0.621772
0.621772
0.621772
-0.991784
-0.991784
-0.991784
1.53915
1.53915
1.38503
1.38503
0.780089
0.780089
0.780089
-0.777095
-0.863418
-0.863418
-0.202276
-0.202276
-0.202276
1.18847
1.3172
0.283272
-1.14713
-1.14713
1.06533
-1.41105
-0.166271
1.17857
1.17857
1.17857
-0.137608
-0.137608
-0.137608
-0.137608
-0.137608
-0.137608
-0.137608
-0.10424
-0.908067
-0.87802
-0.87802
-0.87802
0.240378
0.240378
0.240378
0.557216
0.557216
0.557216
0.160966
0.160966
-0.197148
-0.197148
-0.197148
-0.197148
0.335938
-0.699868
-0.699868
0.78068
0.78068
0.78068
0.78068
-0.0979624
-1.00036
-1.00036
-1.56174
-1.32156
-0.119734
-0.437284
-0.437284
0.233215
0.233215
0.233215
0.233215
0.233215
0.233215
0.233215
0.737424
0.737424
0.788651
1.15002
1.15002
-0.851026
0.510953
0.510953
0.510953
-0.131184
0.323206
-0.0844446
0.173257
0.798327
-0.8337
1.07054
1.07054
-1.16649
-0.937581
-0.937581
-0.937581
-0.937581
-0.937581
-0.937581
-0.937581
-0.937581
-0.514643
0.539434
-0.313764
0.425019
0.425019
1.55976
1.50488
1.50488
1.26247
1.26247
1.2469
0.783379
0.783379
-0.389669
-0.389669
-0.389669
0.646657
-0.509036
0.166182
0.166182
0.166182
0.166182
-1.41497
-1.41497
0.0838194
0.0838194
-0.709569
0.597221
0.597221
0.597221
-0.846598
-0.762542
-1.7077
-1.7077
-1.7077
-1.7077
-0.566839
0.751312
0.556966
-0.542466
-0.542466
0.185566
0.626989
0.626989
0.626989
0.626989
-0.88305
-0.390238
-1.99789
-1.99789
-1.99789
-0.644804
-0.478661
-0.478661
0.553176
0.553176
0.553176
0.553176
0.553176
0.553176
-0.775594
-0.236301
-1.21995
0.378529
0.914596
0.0174767
0.0174767
0.0174767
0.0174767
0.633779
1.00362
1.00362
1.00362
1.28642
0.727559
0.727559
0.727559
0.727559
0.727559
0.727559
-0.466933
-0.466933
0.909794
1.76857
-0.329474
-0.329474
-0.329474
-0.329474
-1.27703
-1.27703
-1.27703
-1.27703
-1.27703
1.10241
-0.1547
-0.1547
-0.1547
1.75658
1.75658
1.75658
1.75658
-0.614253
-0.441527
-0.441527
0.0714025
0.0714025
-0.946678
-0.946678
-0.946678
-0.164454
0.361753
0.699303
1.08679
1.08679
1.08679
1.08679
0.221389
0.221389
-1.33488
-1.33488
0.209362
0.209362
0.313859
-1.08543
-1.08543
-1.08543
0.658236
0.658236
0.835287
0.674694
-0.264426
-0.264426
0.0178169
0.0178169
0.0178169
0.383605
0.383605
0.389217
1.25929
1.00833
-1.38974
0.231418
0.0347432
1.2653
0.302847
0.302847
0.0719171
0.132127
-0.444651
-0.375535
-0.375535
-0.375535
-0.375535
-0.375535
-0.375535
0.917862
0.917862
0.917862
0.917862
0.516447
0.516447
-1.04051
1.10044
1.10044
-0.886459
0.839876
1.59591
1.59591
1.59591
1.59591
-0.743988
-0.743988
0.799292
0.799292
1.2349
-0.22746
-0.22746
1.56536
1.56536
1.56536
1.12211
1.12211
0.484978
0.555842
1.54245
1.74674
0.524224
0.716385
0.716385
-1.35823
0.469708
0.469708
0.469708
0.469708
-0.902314
-0.466644
-0.466644
-0.466644
-1.35556
-0.979516
-0.979516
0.645192
-0.659835
0.787615
0.787615
0.787615
0.787615
0.787615
-0.681626
0.688318
-0.272955
0.540256
-0.434464
0.433953
0.433953
0.433953
0.738864
0.738864
0.738864
0.0147283
0.0147283
0.894889
0.894889
0.155508
0.155508
0.309716
0.309716
0.909403
0.909403
0.909403
0.909403
0.909403
0.909403
-0.283772
-0.837454
-0.0849451
-0.0849451
-0.635565
-0.635565
-0.635565
0.705653
0.705653
0.705653
0.734954
0.734954
0.734954
0.734954
0.734954
0.734954
0.734954
0.734954
-0.424394
-0.847795
-0.847795
-0.847795
-0.847795
-0.847795
-0.847795
0.932985
0.922534
0.922534
0.922534
0.922534
0.922534
0.922534
0.922534
0.922534
0.682417
0.682417
0.682417
0.692368
-0.959905
-0.959905
-0.959905
-0.959905
0.480256
0.0430325
0.0357003
0.0357003
0.73511
0.688565
1.76778
-0.141133
1.06469
1.06469
1.06469
-0.484714
-1.39808
-1.39808
-1.39808
0.578829
0.578829
0.578829
0.164234
-0.857721
-0.857721
-0.857721
-0.857721
0.512018
0.512018
0.5805
0.965084
0.965084
0.965084
0.965084
0.965084
0.965084
-1.44784
-1.44784
0.973255
0.973255
0.973255
0.396114
0.125338
0.125338
0.125338
0.125338
-1.36757
-1.36757
-1.36757
-1.36757
-1.36757
-0.396382
-0.396382
-0.396382
0.177142
0.177142
-0.591552
0.971165
0.137613
-0.671819
-0.013554
-0.553462
-0.553462
-0.377341
2.17745
1.40332
1.40332
-0.623267
-0.623267
0.373953
-0.54293
-0.54293
-1.2044
-0.375492
-0.375492
-0.375492
0.0898474
0.0898474
-0.223545
-0.363145
0.455399
0.455399
-1.08287
-1.08287
-0.973956
-0.973956
-0.973956
-1.18926
-0.382612
-0.382612
-0.266115
-0.266115
0.0509481
0.674537
0.674537
0.678961
0.526072
-0.198251
-0.740094
-0.665587
0.814566
0.853304
0.853304
0.853304
0.792155
0.792155
0.0715337
0.0715337
0.0715337
-1.21032
-1.21032
-0.0792635
-0.682453
-0.682453
-0.682453
-0.682453
-0.381676
0.902438
0.902438
-0.643492
-0.643492
-1.03147
-1.03147
0.302617
0.302617
0.302617
0.290572
0.290572
0.290572
-0.0905663
-1.14356
-1.65216
-1.65216
0.432319
0.432319
0.439027
0.0227032
-0.471602
-0.471602
-0.471602
-0.277259
-0.568922
-1.3121
-0.705332
-0.705332
-1.25632
-0.847139
0.539662
0.919386
-1.22219
0.513278
0.231752
1.42565
1.15433
1.15433
1.15433
1.15433
1.3103
1.3103
-0.572657
-0.572657
-0.572657
-0.705952
-0.705952
-0.705952
-0.705952
-0.705952
1.09103
0.335247
-0.502367
-0.502367
-0.502367
-0.502367
-0.502367
-0.526586
-0.526586
-1.22027
-0.102119
-0.102119
-0.102119
1.01104
1.01104
1.01104
-0.484666
-0.484666
-0.484666
-0.484666
1.70959
1.15245
1.15245
1.15245
-0.530656
-0.530656
0.499511
0.38994
-1.44241
-1.37539
0.686886
0.943919
-0.92718
-0.92718
1.66841
1.66841
-0.723746
0.754337
0.754337
0.754337
0.754337
0.719861
0.719861
0.73308
-0.562137
-0.562137
-0.562137
-0.562137
-0.562137
-0.943976
0.783729
0.783729
0.783729
0.783729
0.783729
1.19183
1.19183
1.19183
0.0650696
0.0650696
0.0650696
-0.932283
0.653078
-1.13789
0.458332
0.458332
0.458332
0.458332
-0.917139
-0.917139
-0.575913
1.87131
1.22508
1.22508
1.22508
0.0344058
-1.7666
0.429353
-1.52187
-1.13127
-1.13127
0.00394553
0.0689456
-0.543845
0.201306
-1.22099
-1.28848
0.040812
0.040812
0.040812
-0.18163
-0.18163
-0.18163
-0.18163
-0.18163
-1.06671
-1.06671
-1.06671
0.368468
-0.966572
-0.247273
-0.247273
-0.247273
-0.247273
-0.834631
-0.834631
0.29601
0.566744
0.566744
0.822266
-0.436065
-0.575274
-0.575274
0.93445
0.401343
0.401343
0.401343
0.601512
0.601512
-0.55115
-0.208604
-0.208604
-0.208604
-0.510302
-0.510302
1.4386
1.4386
1.4386
-1.00711
-1.00711
-1.00711
-0.849931
-0.849931
0.340927
0.0921333
0.484077
0.484077
-1.17664
0.601002
-0.679211
-0.679211
1.07252
1.22592
1.22592
1.22592
0.0834964
-0.200503
1.02737
1.02737
1.02737
-0.0430835
1.06067
-0.695565
-0.679153
-1.37396
-1.29073
1.13359
1.13359
-1.49171
-1.22887
-0.42087
-0.42087
0.352518
-0.516917
-0.962427
-0.962427
0.636336
0.636336
0.847472
-0.499501
-0.499501
-1.25484
-1.25484
-1.25484
0.947118
0.947118
0.444828
0.711685
0.711685
1.23199
-1.36036
-1.36036
-1.36036
-0.438229
-0.654629
-0.538749
-0.538749
-0.538749
-0.538749
0.300389
0.300389
-1.32374
0.454741
-0.616704
-0.616704
-0.616704
-0.803689
0.426397
0.426397
-0.295307
-0.295307
-0.295307
2.15683
1.43083
1.43083
0.101426
0.860496
0.860496
1.16113
1.16113
1.16113
1.16113
1.16113
1.16113
-0.861746
-0.861746
-1.47344
-1.47344
-0.402313
-0.402313
-0.402313
-0.402313
-0.402313
-0.402313
-0.402313
0.0805674
-1.06046
1.13415
1.13415
1.13415
1.13415
1.13415
-0.466674
-0.466674
-0.466674
-0.615195
-0.615195
-0.621083
0.75062
0.75062
0.359956
0.359956
-0.214866
-0.214866
1.07046
1.07046
0.0497504
0.0497504
0.0497504
0.0497504
0.0497504
0.0497504
0.0497504
0.0497504
1.70348
0.80186
0.80186
-1.40768
-1.40768
-1.40768
-1.40768
-1.40768
-0.0653443
-0.0653443
-0.0653443
-1.39925
-1.39925
-1.39925
1.20568
1.20568
-0.910777
-0.910777
-0.910777
-0.910777
-0.910777
-0.910777
0.885584
0.885584
0.885584
0.885584
-1.02541
-1.02541
-0.190613
-0.190613
-0.0282817
-0.849819
-0.251312
-0.183936
-1.15164
-1.33678
-1.40878
1.2639
-0.779017
0.873232
0.873232
0.873232
0.873232
0.873232
-1.07177
-1.07177
-0.85675
-0.85675
-0.85675
-0.85675
-0.85675
-0.85675
-0.85675
0.616849
0.616849
0.616849
0.399679
0.839162
0.839162
0.839162
0.839162
1.38349
1.38349
-0.734147
1.32955
0.793021
-0.576548
-1.20209
1.2031
1.29015
0.599412
1.40658
1.40658
0.996306
0.996306
-0.889027
-0.889027
-0.889027
-0.305525
-0.305525
-0.305525
-0.50374
-0.50374
-1.06726
-1.06726
1.41639
1.41639
-0.437088
-0.437088
0.106186
-1.1332
-1.1332
0.0113333
0.0113333
0.895956
0.895956
0.680975
0.680975
-0.602519
-0.602519
-0.911124
-0.55069
-1.18461
-1.18461
1.1482
1.1482
-0.675977
-0.675977
-0.675977
-0.675977
-0.675977
0.603028
0.956052
0.150942
0.871874
0.871874
0.871874
0.871874
0.871874
0.181217
0.181217
0.181217
-0.0174481
0.699811
0.699811
-1.43302
-1.43302
-1.43302
1.12459
0.195189
0.706551
-0.386227
-0.386227
-0.230342
0.525351
0.525351
-1.12503
-1.12503
-1.12503
-1.12503
0.628913
-0.825013
-1.21156
-1.05443
-0.669626
-0.5528
-0.5528
-0.5528
-0.5528
-0.212398
-0.212398
-0.212398
-0.212398
-0.212398
-0.212398
-0.860366
-0.860366
-0.860366
-1.04377
-1.67488
-0.96738
-0.635794
-0.635794
-0.635794
-0.635794
-0.635794
-0.635794
-0.635794
-1.32962
-0.299992
0.742689
1.16263
1.16263
1.53724
1.53724
0.421795
0.421795
-1.05494
-1.11258
0.983666
0.413566
1.03355
1.03355
-0.264033
-0.907488
-0.907488
0.657342
0.657342
0.657342
0.657342
0.657342
0.657342
0.720445
0.720445
0.860184
0.860184
0.860184
1.39845
1.39845
0.448506
0.448506
-1.23663
-1.23663
-1.23663
-1.23663
-1.29041
0.118411
0.118411
1.20294
0.151497
0.151497
0.151497
0.151497
0.151497
-0.696621
1.00721
0.253086
0.253086
0.253086
-0.483437
-0.483437
-0.483437
-1.44021
-1.44021
-1.44021
-1.44021
-0.663092
0.983202
0.62725
0.600441
0.600441
0.600441
0.600441
0.600441
0.600441
0.600441
-0.310248
0.800787
0.800787
0.800787
0.800787
0.593668
0.593668
0.593668
0.786354
-0.649703
0.143571
-1.68646
0.597345
0.655113
0.150549
0.150549
0.150549
-1.13853
-1.13853
0.479439
0.479439
-0.651196
-0.651196
-0.651196
1.09333
1.09333
0.369681
0.369681
-0.520062
-0.520062
0.726693
0.726693
0.726693
0.726693
1.07697
-0.706457
-0.706457
-0.706457
-1.26503
1.05124
1.05124
0.0909157
0.0909157
0.832161
0.832161
0.832161
0.832161
0.832161
0.832161
0.832161
0.832161
0.832161
0.617387
0.617387
0.617387
0.617387
0.617387
1.69494
1.69494
-0.495031
-0.495031
-0.495031
-1.4604
-1.49365
-1.49365
-0.0653313
-0.0653313
0.365387
0.352856
-0.756293
-0.756293
-0.649417
-0.982008
-0.982008
-0.982008
-2.08144
-0.0475749
-0.0475749
-0.0475749
-0.0475749
-0.0475749
0.231288
0.231288
0.443245
1.14065
0.823717
0.721298
0.284113
0.284113
0.284113
-1.09327
-1.15111
0.974737
0.974737
-0.965381
0.170041
0.170041
1.18233
1.18233
1.18233
-1.08457
-1.08457
-1.08457
0.719918
-0.866424
-0.866424
-0.866424
-0.866424
-0.866424
-0.866424
-0.866424
-0.866424
1.25565
0.298462
0.298462
0.298462
0.298462
0.298462
0.298462
-0.873628
-0.873628
0.251678
-0.785818
-0.785818
0.793852
0.793852
-0.476238
0.884431
-0.42914
0.872546
0.659625
0.659625
0.945982
1.49052
-1.12875
-1.36777
-0.402341
-0.402341
-0.402341
-0.402341
-0.402341
-0.402341
-0.402341
-0.402341
-0.402341
0.473908
0.473908
0.0915131
0.0915131
-0.950587
-0.950587
-0.0833916
1.41156
1.55986
1.55986
1.29327
0.039463
0.039463
0.039463
0.039463
0.039463
-0.935016
-0.882799
-1.23989
1.28741
-0.225706
-0.225706
-0.225706
-0.225706
-0.225706
0.401331
0.447437
-0.184724
-0.184724
0.600561
0.600561
0.123936
-0.903664
-0.903664
-1.14234
1.08266
-0.963746
-0.226925
0.837053
0.837053
-0.337806
-0.337806
1.1347
-0.313391
0.255996
0.314859
0.314859
0.314859
0.314859
-1.02734
-1.02734
-1.02734
0.0817289
0.0817289
-0.90369
-0.90369
-0.90369
0.317059
0.317059
0.317059
0.317059
-1.57748
-1.57748
0.871585
0.871585
-0.611151
-0.611151
-0.611151
1.83033
0.528975
0.528975
1.17776
-0.0239826
-0.957936
-0.957936
0.273104
0.273104
0.273104
0.273104
0.273104
0.273104
0.767767
0.767767
-0.838091
-0.727205
0.834938
0.536864
0.684082
0.684082
0.684082
0.684082
-1.18952
-1.18952
0.0771066
-0.9657
0.461769
0.461769
-0.706873
-1.11936
-0.231085
-0.231085
0.325321
-0.24232
-0.499581
-0.499581
-0.0935947
-0.0935947
-0.0935947
0.24252
0.24252
0.24252
-0.484671
-0.484671
-0.484671
-1.33216
-1.33216
-1.33216
-1.33216
-1.33216
0.553115
-0.228191
-1.3152
1.16201
1.16201
0.621873
0.621873
0.621873
0.621873
-1.44513
-1.44513
-1.44513
0.153974
0.153974
0.153974
0.273718
0.273718
-1.1698
-1.1698
-1.1698
-0.405633
-0.405633
-0.405633
-0.405633
-0.657031
-0.0591994
0.76291
0.76291
0.76291
-1.38397
-1.38397
-0.430532
-0.329778
-0.329778
-0.329778
-0.15674
-0.849478
-0.0265876
-1.22964
-1.22964
-1.22964
-0.760282
-0.760282
1.19106
-0.279024
0.224992
-0.155093
-0.272169
-0.339396
-0.339396
-1.11953
0.849816
0.849816
0.849816
0.849816
-1.14796
-1.30094
0.325065
0.325065
0.325065
0.325065
0.325065
-1.06968
0.884382
0.884382
-1.6529
-1.6529
-1.6529
0.63364
-0.555549
-0.555549
-0.555549
-1.15369
-1.15369
0.0578847
0.0578847
0.0578847
0.0578847
-0.800968
-0.800968
0.725779
0.725779
0.725779
-0.339737
1.20117
0.444317
-0.0372816
0.344125
0.344125
-0.430423
-0.169574
-0.169574
-0.585818
-0.752403
-0.941396
-0.941396
-0.941396
-0.941396
-0.941396
-0.941396
-0.950325
-0.950325
-0.950325
1.04707
1.04707
0.768968
-0.104232
-1.47866
-1.47866
-0.690167
-0.690167
-0.690167
-0.191876
-0.191876
0.704021
0.704021
0.704021
-1.28965
0.231272
0.232105
-0.310756
-1.30162
-1.30162
-0.836047
0.736943
0.736943
0.736943
0.736943
0.839109
-1.41586
-1.25128
-0.471686
-0.471686
-0.471686
1.32863
1.40038
1.40038
-0.941963
0.682585
0.682585
1.58261
-0.7896
-0.265951
-0.265951
0.175884
1.23948
1.23948
0.178519
1.03417
0.719667
0.719667
-0.742934
-0.742934
-0.742934
0.0858698
-0.728371
-0.728371
-1.17275
-1.17275
-1.17275
-1.0345
-0.891123
0.54121
-0.914831
-0.914831
0.914784
-0.169187
-0.169187
-0.169187
-0.061682
-0.061682
0.318208
0.318208
0.318208
-0.877012
0.758698
0.758698
0.293725
0.537011
0.537011
0.537011
-0.461999
-0.461999
-0.226371
-0.226371
1.23866
-0.647139
-0.647139
0.850556
0.850556
-0.519252
-0.519252
-0.822634
-1.03796
-1.03796
-1.03796
-1.03796
-1.03796
-0.818865
1.202
0.819784
0.819784
0.819784
-1.20732
0.833823
0.833823
0.833823
0.833823
0.833823
1.15137
0.726207
0.654657
0.654657
0.654657
0.654657
0.38069
0.38069
-0.848398
-0.848398
-0.848398
-2.07056
-0.175486
-1.35442
-1.35442
0.754417
-0.847512
0.169302
0.169302
0.169302
0.169302
0.169302
0.169302
0.169302
0.169302
0.0631044
0.0631044
0.0631044
0.0631044
0.680957
-0.513272
-0.513272
-0.513272
-0.513272
-0.513272
1.29548
1.51131
0.0494737
-0.407053
-0.586678
-0.586678
-0.586678
0.661688
0.661688
0.661688
0.661688
0.661688
0.661688
0.661688
0.661688
0.661688
0.661688
0.722456
0.722456
-1.11551
-1.07384
-0.640515
-0.640515
0.573357
0.573357
-1.12038
1.25288
1.25288
-1.33116
1.13373
1.13373
1.13373
1.13373
1.13373
1.13373
-0.920752
-0.524036
-0.2705
-0.563333
-0.563333
-0.563333
-0.0771802
0.594795
0.594795
0.594795
-0.547995
-0.547995
1.00818
1.00818
-0.141676
0.504225
0.504225
0.504225
0.504225
1.27899
1.19596
1.49229
0.963613
0.963613
-0.467686
-0.467686
-0.467686
-0.467686
-0.467686
-0.467686
-0.467686
-0.807174
0.223617
0.223617
0.223617
-0.847051
-0.847051
1.0184
1.0184
-1.04963
-1.04963
-1.2592
-0.999658
0.882517
0.882517
-0.254465
-0.254465
-0.254465
-0.143587
-0.143587
1.00418
1.00418
1.00418
1.29947
1.29947
-1.33967
-1.33967
-1.33967
-1.33967
-1.72705
-1.72705
-1.72705
-1.47377
-1.45164
-1.45164
-1.45164
-1.45164
-1.45164
-1.45164
-1.63961
-1.63961
-0.244729
-0.244729
-0.364829
-0.364829
-0.364829
0.453813
0.942264
0.942264
0.942264
-1.22811
-1.22811
0.635462
0.635462
0.635462
0.635462
1.13056
-0.550101
0.417368
0.417368
-1.14948
-1.14948
-0.168187
-0.168187
-1.39471
-1.39471
-1.39471
-1.39471
0.756764
0.756764
-0.256483
0.744007
0.744007
0.744007
0.744007
-0.892921
-0.892921
-0.892921
-0.906257
-0.906257
-0.520479
-0.520479
-0.520479
-0.520479
-0.520479
-0.520479
-0.520479
0.693445
0.693445
0.693445
0.693445
0.693445
-0.369309
-0.369309
-1.23515
-1.23515
-0.528652
-0.528652
-0.528652
-0.528652
0.976563
-0.465358
0.503292
-0.391453
0.889185
0.889185
0.889185
-0.888584
1.02317
-0.236802
-0.236802
-0.236802
-0.236802
-1.01837
1.1326
-0.279441
0.523642
0.523642
0.523642
0.523642
-0.230681
-0.279895
-0.613736
1.69145
1.69145
0.177526
0.277662
0.277662
0.277662
-1.58063
-0.338325
-0.338325
-0.338325
-0.338325
-0.338325
1.08221
-0.826967
-0.826967
-0.826967
-0.876584
-0.822409
-0.822409
-0.822409
0.903035
0.903035
0.903035
0.903035
-1.29372
-1.24527
-0.417641
-0.417641
0.455674
0.455674
-0.992261
0.973282
0.973282
0.973282
0.973282
0.110043
-0.728848
0.20404
0.852626
0.79832
1.48421
1.3945
1.3945
1.31529
1.31529
1.31529
1.31529
-0.747425
-0.662172
0.345766
0.345766
0.345766
0.345766
-0.430009
-0.451709
-0.155349
-0.155349
-0.191815
-0.191815
1.10746
-1.17678
-1.17678
-0.0804374
-0.0804374
1.309
1.309
1.309
1.309
1.309
0.666234
0.666234
-1.71915
0.749557
0.749557
0.749557
0.749557
0.749557
0.375754
-0.830466
-0.830466
-0.830466
-1.18263
-1.18263
-1.18263
-1.18263
-0.483856
-0.483856
-0.483856
-0.117835
1.18554
1.18554
1.18554
0.107082
0.107082
0.107082
-0.535398
-1.89609
-1.89609
-1.89609
-1.89609
0.161475
0.161475
0.161475
0.510717
0.510717
0.510717
0.459156
0.459156
0.0782494
0.997376
1.64027
0.464511
-0.481963
-1.79684
-1.30024
-1.12954
-0.15142
-0.15142
-0.15142
-0.15142
-0.707356
-0.707356
-0.707356
-0.707356
1.5971
1.5971
-0.496708
-0.496708
-0.585517
-0.585517
-0.585517
0.609968
0.340699
0.340699
-0.347616
-0.109962
-0.109962
-0.109962
0.847908
0.345406
0.345406
-1.05421
-0.413863
-0.413863
0.777953
1.14507
0.839793
0.839793
0.881465
0.881465
0.881465
-0.148398
-0.148398
-0.148398
-0.148398
-0.148398
0.233879
0.233879
0.233879
-1.08363
1.08958
0.358821
0.358821
0.358821
0.358821
0.358821
0.358821
1.33308
1.33308
1.3755
1.3755
1.3755
1.3755
0.149492
1.16105
-0.91194
-0.91194
-0.0351608
-0.0351608
-0.0351608
-1.36074
0.898815
0.898815
0.898815
0.248625
0.248625
0.248625
0.248625
1.09682
1.09682
1.09682
-0.446307
-0.167694
-0.167694
-0.563552
-0.563552
2.11491
2.02912
-0.091845
-0.091845
-0.514816
-0.514816
-0.125472
0.450213
0.362892
0.211738
1.24231
1.24231
0.135157
-1.63246
-1.63246
-1.63246
-1.63246
0.819927
0.605907
-0.702591
-0.702591
-0.702591
0.532284
0.532284
0.532284
0.532284
0.532284
0.532284
-1.81793
-0.707001
-0.707001
1.69454
1.69454
1.60431
1.60431
1.60431
-0.0962379
-0.0962379
-0.0962379
-0.515455
0.395704
0.395704
0.395704
0.395704
0.395704
0.395704
0.395704
-0.159734
0.531258
-0.612101
-0.150539
-0.150539
0.660669
1.17771
-0.111664
1.42343
-0.453434
-0.453434
-1.50153
-1.50153
-1.50153
-1.50153
-1.50153
-0.818845
-0.818845
-0.902557
0.994727
0.994727
0.994727
0.994727
0.994727
0.994727
-0.841848
-0.841848
-0.623971
-0.229188
-1.15184
1.27668
1.27668
0.595721
-1.14587
-1.43601
-1.43601
-1.27679
-0.520184
-0.520184
0.510914
0.931391
0.931391
0.931391
1.08992
1.08992
1.08992
-0.621767
1.18354
1.18354
-0.103777
0.924077
0.924077
0.263214
-0.996042
0.440015
0.440015
0.440015
0.440015
0.61203
0.61203
0.61203
0.216799
-0.604757
-1.05538
-1.05538
0.699822
-0.47201
-0.298018
-0.298018
1.04112
-0.14279
-0.965125
-0.965125
-0.565339
-0.290389
-0.290389
0.114271
-0.00340875
-0.80354
-0.592716
0.462381
0.462381
0.462381
-1.18994
0.848374
0.848374
0.111209
-1.30923
-1.30923
-1.30923
-0.822427
0.699089
-0.280702
-0.280702
-0.280702
-0.642069
-0.642069
-0.642069
0.076329
0.783891
1.53781
1.38952
1.38952
0.498236
0.498236
0.498236
-0.931793
-0.0640561
-0.0640561
-0.0640561
0.610194
1.19114
1.19114
-0.657358
-0.657358
-0.657358
-0.944852
-0.944852
-0.690128
-0.690128
-0.768978
-0.768978
-0.199949
1.13445
1.7178
1.7178
0.276813
0.276813
0.179677
0.179677
-0.0301362
-0.791649
-0.791649
-0.791649
-0.791649
0.433235
-0.752789
-0.752789
-0.752789
-0.752789
0.903483
-0.999916
1.3481
-0.33436
-0.33436
-0.33436
-0.496032
1.20784
1.20784
1.20784
1.20784
-1.23863
-1.23863
-1.23863
-1.1526
1.06151
0.336932
0.253806
0.253806
-0.41297
-0.952538
-0.952538
-0.884446
-0.0182597
-0.0182597
-0.0182597
-1.85849
-1.85849
-1.54064
0.729586
0.729586
-0.661533
-0.661533
-0.661533
0.0164539
0.728329
0.728329
-0.342975
1.64233
1.64233
-0.208341
-0.208341
-0.208341
-0.698596
-0.698596
-0.698596
0.721195
-1.52702
1.08425
1.08425
1.08425
1.08425
0.458039
0.458039
0.261735
0.261735
0.261735
0.261735
0.261735
0.579528
0.579528
0.579528
-1.20977
-1.20977
-1.20977
-1.20977
-1.20977
-1.20977
1.35199
-0.491591
-0.491591
1.12783
1.12783
1.12783
1.12783
1.12783
1.05488
-0.135497
0.218517
0.827614
0.800149
-0.607426
-0.607426
-0.607426
0.0991093
-0.37241
-0.37241
-0.533355
0.0830347
0.0830347
-1.16612
0.328051
0.328051
0.328051
0.328051
1.32235
1.32235
1.32235
0.55496
0.55496
0.55496
-0.892825
-0.892825
0.505043
-0.976575
-0.274551
-0.73055
1.48486
-0.297531
-0.297531
0.763721
0.809684
0.809684
0.815735
0.289683
1.40004
0.219905
0.219905
0.219905
0.219905
1.18773
-0.485434
-0.485434
-0.485434
1.12175
1.12175
-0.700118
-0.700118
-0.700118
-0.75014
-0.75014
-0.75014
-0.75014
1.79676
1.79676
1.79676
0.891714
0.891714
0.891714
1.34185
0.124264
0.124264
0.124264
0.124264
0.124264
-0.708202
-0.0326382
-0.0326382
-1.50427
-1.50427
-0.971998
-0.971998
-0.971998
-0.386759
0.489863
-1.32824
-1.32824
-0.0160254
1.08261
1.08261
1.08261
-0.250165
-0.867619
-0.867619
0.545612
-0.687823
-0.687823
-0.687823
1.0389
1.0389
-0.953823
0.179886
0.849692
0.849692
0.849692
-1.39459
-1.39459
-1.44267
-1.20193
-0.520917
-0.965004
-0.965004
0.613911
0.613911
0.613911
0.983972
0.983972
0.983972
-0.333893
-0.333893
-0.333893
-0.333893
1.25688
1.25688
0.883592
-0.342998
0.471543
0.471543
0.404356
0.404356
0.565059
1.16071
1.16071
1.16071
-1.19436
-0.949232
-0.949232
-0.949232
-0.949232
0.707498
0.707498
0.690069
0.690069
-1.07778
-1.10736
-0.297074
-0.869568
-0.869568
-0.869568
-0.869568
-0.715878
0.533862
0.456767
0.456767
0.456767
0.743428
0.614526
1.42259
1.42259
1.42259
1.42259
-0.87213
-0.87213
-0.87213
-0.40689
-0.40689
-0.98631
-0.98631
0.372787
0.372787
0.825138
0.825138
0.825138
0.386558
0.386558
1.75007
-0.275074
-0.275074
-0.275074
0.480027
-0.284385
-0.284385
-0.284385
-0.284385
-0.284385
0.423323
-1.05485
1.10038
1.10038
-1.2768
-1.2768
-1.2768
-1.2768
-1.2768
-0.91847
-0.909497
0.485093
0.485093
0.485093
0.478794
0.478794
0.471994
0.471994
0.471994
-0.0482643
-0.236319
-0.236319
-0.236319
-0.236319
0.893158
0.497156
0.497156
0.497156
0.497156
0.497156
0.497156
0.497156
0.497156
0.586776
0.97957
0.507474
0.507474
0.507474
0.507474
-0.648625
-0.648625
-0.648625
-0.648625
-0.648625
-0.648625
0.799548
0.799548
0.799548
0.799548
0.799548
1.11862
1.11862
1.11862
1.11862
1.11862
1.11862
1.11862
1.11862
1.11862
1.11862
1.11862
-0.636299
-0.636299
-0.636299
-0.526445
-0.649913
-0.649913
0.566476
0.566476
-0.788921
-1.21192
-1.21192
-0.268616
-0.707647
-0.159415
-0.31055
-0.31055
0.0311975
0.0311975
0.0311975
0.0311975
0.0311975
-1.04978
-1.49066
0.874687
0.874687
0.498296
0.498296
0.777882
-1.02337
-1.02337
-1.02337
-1.02337
-1.02337
1.11478
0.0112031
0.0112031
0.0112031
0.44886
0.44886
0.44886
-0.235763
0.349604
0.349604
0.349604
-0.880139
0.0602486
0.0602486
-0.0853133
-0.0853133
-0.730484
-0.730484
-0.730484
-0.730484
1.12262
0.50581
0.50581
-0.490242
1.04148
0.591278
-0.0812211
-0.749647
-0.695689
-0.695689
0.809881
0.809881
0.758237
0.758237
1.26728
1.66467
1.66467
1.66467
2.0131
2.0131
2.0131
2.0131
2.0131
2.0131
2.0131
2.0131
1.02877
0.708235
-0.669599
-0.398566
0.576554
-1.05336
0.413837
0.283279
-0.416426
-0.416426
0.865149
-0.858696
-0.814464
-0.814464
-1.46166
-0.483973
1.75272
1.11894
-1.05808
1.14354
0.976288
-0.363779
0.915586
0.915586
0.915586
-0.815628
-0.815628
-0.815628
1.07645
-0.988494
-0.988494
-0.988494
-0.988494
-0.988494
-0.988494
-0.260706
1.38875
1.38875
0.95626
0.95626
0.95626
0.186008
0.186008
0.186008
1.12798
-0.0575906
0.590322
-0.0709843
-0.0709843
0.414175
0.189698
1.82722
1.82722
1.82722
1.82722
1.17754
1.71457
0.123041
0.123041
-0.390428
0.386831
-0.879004
-0.150095
-0.150095
1.15928
-0.0346117
-0.135965
-1.00332
-1.32395
-1.32395
-1.32395
0.189414
0.189414
0.189414
0.845429
-0.342691
-0.342691
-0.342691
0.506496
0.506496
0.506496
-0.287772
-0.287772
-1.0195
-1.0195
-1.0195
-1.0195
-1.0195
0.936669
0.806688
0.806688
0.806688
0.806688
1.01827
1.01827
1.01827
1.01827
-0.0321241
0.673711
0.992534
-1.14032
-1.53073
0.326596
0.326596
0.326596
0.326596
0.326596
0.326596
0.326596
0.262809
0.262809
-0.266087
1.06936
-0.782607
0.940151
0.940151
1.15561
-0.856233
-0.717052
-0.717052
-0.717052
-1.26357
-1.26357
0.934885
0.934885
0.608675
0.668086
0.37827
0.37827
0.523576
0.0358173
-0.923384
-0.923384
-0.923384
-0.923384
-0.923384
1.07803
-0.643609
-0.643609
-0.643609
-0.643609
-0.643609
-0.643609
-0.643609
-0.643609
-0.643609
-0.643609
0.179845
0.34432
0.34432
0.34432
-0.502804
-0.502804
-0.502804
-0.495387
1.60373
0.566308
0.440527
0.720671
-0.74553
-0.74553
-0.665688
-0.665688
-0.304256
-0.304256
-2.32661
-2.32661
-0.737585
-0.737585
0.484734
0.484734
0.484734
0.484734
-0.911306
-0.911306
-0.911306
-0.911306
-0.410614
0.606063
0.606063
0.606063
0.606063
-0.0263042
-0.1257
-0.1257
-0.1257
-0.75907
-0.75907
-0.581118
-1.04955
-1.04955
-1.92647
-1.92647
-1.92647
-1.92647
-1.92647
-1.6777
-1.6777
-1.19162
-0.794072
0.407615
0.863717
0.781007
0.781007
0.781007
-0.237021
1.25073
1.86225
1.86225
1.87853
1.42255
-0.746105
-0.746105
-0.746105
-0.746105
0.296836
-0.45986
-0.45986
-0.45986
-0.45986
-0.45986
-0.45986
-0.45986
-0.432851
-0.964732
-0.964732
-0.964732
1.44991
1.44991
0.561471
0.561471
0.593373
0.593373
1.69209
-0.629781
1.03826
-0.592047
1.43033
-0.701742
0.640274
0.640274
0.640274
0.640274
0.640274
0.640274
-0.178195
-0.178195
0.268855
0.268855
-0.729652
-0.942903
-0.942903
0.992419
-0.279153
-0.279153
-0.279153
-0.279153
-0.279153
-0.279153
-0.380369
-0.380369
-0.380369
0.598471
0.788986
0.788986
0.788986
-1.54497
-1.54497
-1.54497
-1.54497
-1.54497
0.542941
0.542941
0.542941
0.200693
0.200693
0.200693
-0.788871
0.100827
-0.306649
-0.306649
-0.306649
0.746007
-0.317377
-0.317377
-0.317377
0.228887
0.882542
0.316301
1.2526
1.2526
0.411563
0.15125
-0.659036
0.789544
0.486089
0.486089
0.486089
0.838583
0.140647
0.140647
0.821992
0.821992
0.821992
0.709535
0.709535
-0.367615
0.783291
0.0304163
0.0304163
-1.38007
0.640925
0.640925
0.631676
0.631676
0.572644
-0.29477
-0.29477
1.17742
1.17742
1.10785
-0.398411
-0.398411
-0.398411
-0.398411
-0.398411
-0.398411
-0.398411
-0.398411
-0.398411
-0.398411
-0.398411
-0.398411
-0.398411
-0.575775
-0.74604
-0.74604
-0.74604
-0.74604
-0.74604
1.07149
-0.674751
-0.674751
-0.674751
-0.674751
0.982528
0.412628
-1.04833
0.0641205
0.0641205
0.0641205
0.0641205
0.0641205
-1.01656
0.0258418
0.409785
0.409785
0.409785
1.37146
1.33628
-0.617034
0.344756
0.344756
0.99477
0.560408
0.303844
0.303844
-0.231761
-0.231761
0.351664
0.351664
-0.0679216
1.27312
1.27312
1.27312
1.27312
1.35834
-1.09342
-1.14441
-1.14441
-1.14441
-1.14441
-1.14441
-1.14441
-0.644649
-0.644649
-0.644649
-0.644649
-1.63614
-1.63614
-1.63614
-1.63614
-1.63614
-1.39634
-1.39634
-1.39634
-1.39634
-1.39634
-1.39634
-1.39634
-0.35917
-0.35917
-0.517812
-0.517812
-0.517812
-0.517812
-0.517812
-0.517812
-0.517812
-0.517812
-0.517812
-0.232876
0.706755
0.706755
0.706755
0.706755
0.706755
0.706755
0.54345
0.54345
0.808375
-0.66577
-0.0962413
-0.0962413
1.53968
0.926039
0.926039
1.26329
1.51635
1.51635
1.51635
0.64311
-0.973695
-0.973695
-0.973695
-0.973695
-0.968824
-0.968824
0.908576
-0.944552
-0.944552
-0.944552
-1.03655
-1.03655
-0.929673
-0.361121
-0.361121
1.29847
0.914264
0.914264
-0.53226
-0.618392
-0.618392
-0.618392
-0.618392
-0.618392
-0.908603
0.115125
1.1671
1.1435
1.1435
-1.34077
-1.34077
-1.34077
-1.34077
-0.815374
-0.774142
-0.774142
-0.774142
-0.0808486
0.385332
0.385332
1.46091
1.72853
-0.47692
-0.47692
0.507057
0.507057
0.1002
-0.0857555
-0.0857555
-0.0857555
-0.0857555
-0.181695
-0.181695
-0.844911
1.05247
0.395882
-0.14532
-0.14532
-0.14532
-0.14532
1.04604
1.6617
0.662071
0.662071
1.12393
0.669179
-0.832386
-0.832386
-0.832386
-0.832386
-0.832386
0.951928
0.951928
0.951928
0.951928
0.951928
-0.171865
-0.171865
0.253561
0.253561
-0.27235
0.311072
0.773052
0.923462
0.795087
-0.29792
-0.29792
-0.29792
-0.0978545
-0.0978545
0.3912
-0.827391
-0.827391
-0.827391
-0.827391
-0.827391
-0.827391
-0.827391
-0.827391
-0.827391
1.01989
1.01989
1.01989
1.01989
1.01989
1.01989
1.01989
1.01989
0.211758
-0.0365795
-0.0365795
-0.0365795
-0.0365795
-1.49527
-1.49527
0.915538
0.915538
1.08835
1.08835
0.171958
0.171958
0.171958
0.171958
0.602668
-0.666483
0.735351
-1.50628
-1.50628
-1.02284
-1.02284
-1.02284
-1.02284
-1.02284
-1.02284
-1.02284
-0.0275674
-0.0275674
-1.30609
-1.30609
0.315417
0.315417
0.315417
0.658855
0.658855
0.658855
0.658855
0.658855
0.942813
-1.12121
-1.12121
0.269318
0.269318
0.269318
-0.894998
-0.894998
-0.894998
1.04023
1.04023
-0.679019
0.760719
-0.158848
-0.53611
-0.53611
-0.53611
0.984913
1.04977
1.04977
1.08668
1.08668
1.08668
0.322225
-0.432818
-0.432818
-1.13972
0.933033
0.933033
0.933033
0.933033
-1.48693
-1.48693
-1.27826
-0.944736
-0.944736
-0.944736
-0.944736
-0.792409
0.563525
0.563525
0.655927
-0.825866
-0.825866
0.125624
0.125624
0.911552
0.919499
0.919499
0.0341603
0.0341603
0.0341603
0.0341603
0.0341603
-0.620889
-0.620889
0.757359
-0.577075
0.0889046
0.0889046
0.726503
-1.27185
-1.27185
1.33533
-0.37477
-0.37477
-0.37477
-0.814406
-1.11338
-1.11338
-1.11338
-1.11338
-1.11338
-1.11338
-1.4926
-0.305814
0.0852991
-0.120731
0.806218
0.806218
0.806218
0.806218
0.806218
0.03581
0.43058
0.43058
0.43058
0.43058
-0.927837
-0.927837
-0.532958
0.983322
0.983322
0.983322
0.478677
0.488231
0.488231
0.488231
0.488231
0.488231
-0.859588
-0.859588
-0.867631
-0.867631
-0.867631
-0.867631
0.435621
0.435621
0.656632
1.11012
0.457294
0.457294
-0.817055
-0.817055
-0.817055
-0.817055
-0.817055
-0.817055
-0.925933
-0.925933
-0.925933
-0.925933
-0.925933
-0.925933
-1.02328
-1.02328
-1.02328
0.691884
0.691884
-0.759734
-0.0590877
0.117534
-0.0576567
0.179094
0.179094
0.179094
0.179094
0.179094
0.179094
0.179094
0.179094
0.488179
0.488179
0.488179
-0.463133
1.88833
1.74874
1.74874
1.74874
1.50486
1.86131
-0.10741
-0.715707
-1.20031
-1.16165
-0.229176
1.5102
-0.829663
0.910124
0.910124
0.910124
0.613706
-0.437785
-0.437785
0.709528
-0.7355
-0.7355
-0.7355
-0.914209
-1.27138
-0.578263
-0.578263
0.248515
0.248515
0.248515
0.749259
0.969585
0.969585
0.969585
-0.598242
-0.598242
-0.598242
-0.736351
-0.736351
-0.736351
-0.736351
-0.912001
-0.912001
-0.912001
-0.912001
-0.912001
-0.912001
0.497305
0.497305
0.497305
0.326698
0.326698
0.326698
0.326698
0.215056
0.215056
0.627977
-0.650354
-0.650354
-0.650354
-1.01499
-0.0761847
-0.250067
-0.250067
-0.250067
-0.250067
-0.250067
-0.0409177
0.829561
0.829561
-0.245806
-0.245806
-1.31897
-1.31897
0.160669
0.160669
0.160669
-0.217909
0.485197
0.485197
0.485197
0.485197
0.485197
0.485197
0.485197
0.485197
0.517055
1.3357
1.3357
1.3357
1.3357
0.750361
0.750361
0.750361
0.750361
-1.88494
-1.51881
-0.906638
-0.906638
0.0293
-0.888391
0.87861
0.87861
0.838403
0.838403
0.21707
-0.366085
-0.366085
-0.366085
-0.366085
-1.2517
-1.82685
-1.82685
-1.15572
0.0247502
-1.19635
-1.31364
-1.31364
0.954014
-0.409134
-0.409134
-0.409134
-0.409134
-0.409134
-0.409134
-0.409134
-0.270975
-0.270975
-1.30086
0.108978
0.108978
-1.07434
-0.279424
-0.279424
-0.279424
-0.451566
-0.451566
-0.993708
-0.993708
-0.993708
0.977826
0.977826
0.719314
0.719314
0.719314
-0.592482
0.652252
0.652252
0.652252
-1.5621
0.399313
0.399313
-0.655475
0.0898623
0.0898623
0.864536
0.864536
-0.780946
-0.780946
-0.780946
0.44182
0.739933
-0.952059
0.640839
-0.98947
-0.98947
0.688846
0.560647
0.202776
0.202776
0.202776
-0.606211
-0.735437
-0.909768
-0.909768
-0.909768
-0.909768
-0.909768
-0.909768
-0.708306
0.675097
0.675097
0.675097
0.675097
0.675097
0.675097
-0.364742
-1.12478
-0.203732
-1.00946
0.00459457
-0.807338
-0.807338
-0.840714
-0.840714
-0.430005
0.436822
0.436822
0.436822
0.436822
-1.73683
-0.398716
-0.398716
-0.398716
-0.398716
1.12452
1.12452
-1.09197
-1.09197
-1.0275
-1.0275
-1.0275
-1.01352
-1.55533
-1.55533
-0.0312647
-0.107553
0.848341
0.848341
0.848341
0.848341
0.848341
0.299567
0.299567
0.299567
0.221491
0.221491
0.891959
0.227498
0.227498
0.227498
0.227498
0.227498
0.227498
-1.2538
-1.2538
1.29368
1.29368
1.39938
0.861568
1.57432
1.57432
1.57432
1.57432
1.57432
1.57432
0.369745
1.12048
0.896166
-0.839148
-0.718123
0.712218
0.635593
0.635593
0.635593
0.635593
0.635593
-0.883533
-0.883533
0.69283
0.297135
0.297135
1.62076
1.62076
1.62076
0.165799
0.7233
0.89006
0.89006
-0.459242
0.502973
-0.613086
-0.613086
-0.613086
0.804929
-0.215634
0.854271
0.854271
0.854271
0.854271
-0.915076
-0.672389
-0.672389
-0.672389
-0.672389
0.111345
0.111345
-0.644207
-0.644207
-0.644207
-0.644207
-0.658185
-0.658185
-0.658185
-0.506078
-0.72426
0.564625
0.564625
0.564625
0.564625
1.06916
1.10086
-0.32821
-1.16309
-1.16309
-0.0244209
1.13015
1.13015
1.13015
1.13015
1.13015
1.13015
1.48011
1.48011
1.48011
1.24673
1.84447
1.84447
1.84447
1.84447
1.84447
0.633318
0.633318
0.633318
0.426944
0.511378
-1.09181
-1.09181
0.0974439
1.02426
1.02426
-0.925239
-0.925239
-0.925239
-0.925239
0.444258
0.444258
-0.775729
-0.576925
0.179856
0.179856
0.979707
0.157487
0.157487
0.388114
1.53089
1.53089
-0.981292
-0.981292
-0.981292
-0.981292
-0.981292
0.484375
-1.15227
0.63338
0.63338
0.63338
-1.46669
0.0955516
0.0955516
0.0955516
0.0955516
0.0184023
-0.312592
-1.01919
-1.01919
-0.470507
-0.470507
1.20303
1.20303
1.20303
0.0243137
0.0243137
0.0243137
0.0243137
-1.24438
-1.24438
-1.24438
-0.351319
0.99365
1.29613
0.930615
1.01039
1.01039
1.01039
1.01039
-0.980543
-0.980543
-0.980543
-0.980543
-0.980543
-1.31663
-0.757352
-1.24992
-0.76385
-0.76385
0.871184
0.54829
0.454005
1.41683
0.814236
0.814236
-0.808852
-0.808852
-0.199573
0.585952
0.864323
-1.0912
-1.0912
-1.0912
0.343119
2.0256
2.0256
2.0256
2.0256
0.192682
1.20073
-0.494163
-0.494163
0.969433
-0.967042
-0.444905
-0.33718
-0.33718
-0.33718
-0.33718
-0.33718
-0.328136
0.347768
0.347768
0.281658
0.281658
0.281658
0.360372
0.360372
1.40748
1.40748
0.504965
0.504965
0.935382
-0.111469
0.715155
0.715155
-1.33538
-0.207189
-0.207189
0.661864
0.661864
0.661864
0.661864
0.661864
0.661864
-0.799296
-0.799296
-0.799296
-0.799296
-0.799296
-0.799296
1.12167
1.12167
1.12167
1.12167
0.481684
0.481684
0.481684
0.481684
0.481684
0.481684
-0.39641
-0.39641
0.898294
0.898294
0.898294
0.898294
0.898294
1.42269
1.42269
1.42269
1.42269
1.42269
1.42269
-0.1693
-0.1693
-1.08342
-1.08342
-1.08342
-0.0702129
-1.62811
0.310135
0.310135
0.248888
-0.734514
-0.734514
1.20086
1.16354
-0.868339
-0.868339
-0.868339
1.02831
1.02831
0.0451753
0.0451753
0.0451753
1.94435
-0.465406
-0.254954
-0.254954
-0.254954
0.530259
0.530259
-1.40928
1.0245
1.0245
1.0245
1.0245
1.0245
1.0245
-0.614656
-0.622085
1.11232
1.11232
1.11232
1.63363
1.63363
1.63363
1.63363
1.63363
0.117006
0.117006
0.655693
0.655693
0.655693
-0.899086
-0.0576482
-0.85108
0.0832783
0.0832783
0.541828
0.541828
-0.0520913
-0.0520913
-0.738893
-0.738893
-0.738893
1.05071
-0.137345
-0.137345
-0.137345
-0.137345
1.01587
1.01587
1.01587
0.652963
0.652963
1.65883
-0.116649
-1.47062
-1.13803
-1.13803
-0.924286
0.851776
0.960788
-0.774927
0.897954
0.897954
-0.738454
-0.738454
1.13281
-1.15358
-1.15358
0.0860194
1.22386
0.915014
0.915014
0.915014
-0.206412
0.748352
0.748352
-1.1744
1.07909
1.07909
1.07909
-0.133169
-0.868887
-0.868887
-0.612112
0.519395
0.404521
-0.918466
-0.918466
-0.918466
-0.918466
-0.918466
0.795497
0.795497
0.795497
-1.03553
-1.03553
-1.33335
-0.279708
-0.279708
-0.279708
-1.11491
-1.73818
0.815025
0.415094
-0.402588
0.095297
0.781616
0.781616
0.781616
0.781616
-0.19455
0.504575
0.504575
-1.62804
1.05735
1.19613
1.19613
-0.184648
0.212041
0.212041
0.212041
-1.21986
-1.34415
-1.34415
-0.0382148
-0.0382148
-0.0382148
-0.0382148
-0.0382148
-0.0382148
-0.0382148
-0.950736
-0.950736
-0.950736
-0.950736
-0.950736
-0.950736
-0.950736
0.953293
0.953293
0.953293
-0.949193
-0.949193
-0.949193
-0.949193
-0.949193
-0.216241
0.134995
0.134995
0.134995
1.35867
0.804018
1.21197
1.21197
-0.382926
-0.382926
-0.382926
-0.382926
-0.382926
-0.382926
-0.382926
-0.382926
-0.382926
0.544245
0.544245
0.544245
0.544245
0.561342
-1.2061
1.08769
0.157147
1.07005
0.570747
0.570747
0.570747
-0.972056
0.581
0.581
0.581
0.581
0.581
0.209118
0.209118
-0.278443
0.949643
-1.18567
-1.18567
-1.18567
-1.18567
-1.88922
-1.88922
-1.79953
-1.79953
0.616678
0.616678
0.616678
0.748365
-0.763939
-0.763939
-0.936811
-1.56638
-1.37958
-1.37958
-1.37958
-1.37958
-1.37958
-1.08811
-1.29455
0.947797
0.947797
0.947797
0.947797
0.947797
1.15241
0.969104
0.545328
0.545328
-1.06067
1.56697
-0.0845792
-0.470951
-0.470951
-0.470951
-0.470951
-0.470951
-0.470951
-0.470951
-0.290663
0.84453
1.43449
1.44229
1.44229
1.11981
-0.144476
-0.144476
-0.461711
-0.461711
1.07779
0.271375
-1.40058
-0.687152
-0.687152
0.317302
0.317302
0.317302
0.317302
0.317302
-1.2831
-0.00319884
-0.375938
-0.375938
0.624145
0.760646
0.760646
1.20609
1.00999
-1.67143
0.503479
-1.17581
-1.17581
0.699482
0.699482
0.699482
0.699482
0.699482
0.699482
0.699482
0.699482
0.699482
0.699482
0.699482
0.635161
0.635161
0.635161
0.635161
0.546727
0.546727
-0.539244
-0.539244
-0.539244
-0.539244
-0.539244
-0.539244
-1.40287
1.05098
1.05098
1.22977
2.06668
2.06668
2.06668
2.06668
2.06668
2.06668
2.16841
2.16841
2.16841
2.16841
2.0128
2.0128
2.0128
2.0128
1.58454
1.46381
1.46381
1.0628
1.09167
1.09167
-0.773384
0.209067
0.209067
0.209067
0.678273
0.678273
0.678273
0.678273
0.678273
0.678273
0.678273
0.678273
0.678273
0.678273
0.678273
0.678273
0.678273
0.678273
-0.560074
-0.560074
-0.560074
0.892895
0.892895
0.892895
0.892895
-0.888158
-0.280675
0.649214
0.649214
0.649214
1.20636
1.20636
1.20636
1.03629
1.03629
-0.110906
-0.110906
0.877894
0.877894
-0.148325
1.40348
0.273515
1.04946
0.115017
-0.386104
-0.386104
-0.0791583
-1.44783
-0.269597
-0.823662
-0.823662
0.813284
-0.678094
-0.449345
-0.449345
-0.449345
-0.449345
0.480874
0.480874
-0.426027
-0.476345
-0.476345
-0.476345
-0.408549
-0.408549
0.127127
-0.705357
-0.705357
-0.705357
-1.7847
-1.7847
-1.7847
0.646434
0.477286
0.546353
0.870851
0.870851
1.31422
1.31422
1.31422
1.59488
0.127654
0.127654
0.230689
-0.8678
-0.8678
-0.8678
-0.8678
-0.8678
-0.8678
-1.08583
-1.354
0.956423
0.956423
0.956423
0.956423
1.66137
1.66137
1.55781
0.344495
0.344495
0.344495
-0.776655
-0.804816
0.577396
0.455483
0.455483
0.455483
0.455483
-1.10611
-1.10611
-0.618044
-0.618044
-0.618044
-0.618044
-0.617849
-0.617849
-0.617849
0.756561
0.756561
-0.543169
-0.543169
-0.543169
0.940036
0.940036
0.940036
0.199265
-0.235897
-0.235897
0.293384
0.784289
0.784289
0.784289
0.784289
0.784289
0.784289
-0.709725
-0.709725
-0.709725
-1.80851
-0.96689
-1.34099
-1.02967
1.41427
-0.252423
-0.252423
-0.252423
-0.252423
-0.252423
-0.252423
0.364916
0.364916
0.364916
0.364916
-0.571233
-0.571233
-0.571233
-0.571233
-0.571233
-1.45474
-1.45474
-1.42325
-1.42325
1.10027
0.983132
0.983132
0.793006
0.793006
0.793006
0.793006
0.601099
0.601099
0.601099
0.601099
0.601099
-1.09836
0.957681
0.957681
0.957681
0.957681
0.957681
0.957681
0.957681
0.957681
0.957681
0.957681
-0.776324
0.508331
0.508331
0.930909
0.930909
1.05719
1.20563
-1.25576
-1.11198
-1.11198
-0.303348
-0.303348
-0.303348
1.55285
-0.736401
1.04236
0.498597
0.498597
0.498597
-0.53757
-0.53757
-0.53757
0.38026
0.428556
0.428556
-0.743261
1.6065
-0.833219
0.686173
0.622231
0.451818
0.0241933
0.0241933
0.0241933
0.233058
0.233058
-0.817092
-0.817092
-0.614037
-0.555129
0.737564
0.737564
-0.54383
0.275313
0.275313
-0.673622
0.485407
0.485407
-1.51732
-0.0925717
0.993148
0.993148
0.993148
-1.48516
0.611993
0.69551
0.69551
-0.305245
-0.305245
0.107179
-0.300351
-1.19741
-0.264491
-0.264491
-1.12705
-0.920092
-0.920092
-0.920092
-0.514342
-0.284208
-0.284208
-0.284208
-0.946879
-0.946879
-0.95909
-0.95909
-0.95909
-0.95909
-0.95909
0.569521
0.569521
0.569521
0.569521
0.569521
0.925356
0.925356
0.977774
1.35214
1.35214
-1.14382
1.28875
1.28875
0.77358
0.77358
0.77358
0.762334
-0.591048
-0.591048
0.339265
-0.713499
0.778221
0.778221
-1.09978
-1.03562
-1.03562
-1.03562
-1.03562
0.373531
-1.51883
-0.0670627
-0.0670627
-0.0670627
-1.42313
0.842455
-0.93963
-0.992803
-0.992803
-0.992803
-0.992803
-0.992803
-0.992803
0.0153293
0.925399
0.925399
1.12741
-0.960828
0.0761459
1.12446
1.12446
-0.553985
-0.553985
0.398596
0.0404549
-1.45025
-1.55844
-1.55844
-0.122179
-0.626577
-0.626577
-1.06811
-1.06811
-1.06811
-0.479058
-0.479058
-0.479058
-0.479058
-0.479058
-0.479058
-0.479058
-1.06183
-0.827628
-0.827628
0.810766
0.661743
0.0137466
-0.092405
1.7634
1.14298
-0.625117
-0.625117
0.236679
-0.0820325
-1.07017
0.849267
0.849267
0.544317
0.544317
1.65162
0.606303
0.235864
0.235864
0.235864
-1.38727
0.493273
0.493273
1.03132
-0.491295
-0.491295
-0.491295
-0.491295
0.13064
0.885102
-1.42247
-1.04606
-1.04606
0.465094
0.465094
0.465094
0.465094
0.465094
0.465094
0.465094
0.465094
0.465094
-0.881317
-0.134084
0.379713
0.379713
0.705468
-0.281197
-0.134869
-0.134869
-0.897142
0.936059
0.936059
-0.487712
-0.487712
-0.674787
-0.303357
-1.33758
-0.591021
-0.591021
-1.09791
-0.355345
0.871388
0.875691
0.129507
0.129507
0.0333668
0.885052
0.885052
0.885052
-0.0789673
0.587729
0.17568
0.17568
0.627651
0.919253
0.919253
0.109836
2.39028
0.855711
0.855711
-0.492659
-0.251617
-0.251617
0.678875
0.678875
-0.228905
-0.228905
-0.228905
-0.228905
-0.698834
-0.698834
-0.698834
-1.21169
-1.21169
-0.841367
0.24545
0.24545
-0.431459
-0.431459
0.195885
-0.215407
0.710368
0.710368
0.710368
0.458473
-0.477529
-0.477529
-0.477529
-0.477529
0.153229
0.153229
0.255066
0.89118
1.2046
-0.143763
0.294991
0.294991
0.294991
0.294991
0.563719
0.563719
-0.7052
-0.7052
-0.7052
-0.7052
1.7423
1.47488
1.47488
1.11314
-0.899758
-0.899758
0.768982
0.768982
0.768982
0.768982
0.768982
0.798273
1.72394
-0.663644
-0.663644
0.481997
0.481997
0.00214597
-1.10687
-1.10687
-0.302385
0.806016
0.806016
0.672948
0.672948
-0.383321
0.642349
0.642349
0.642349
0.642349
0.642349
0.642349
0.981869
0.981869
0.981869
0.981869
0.981869
0.981869
-0.420253
0.148949
0.22492
0.22492
0.22492
-0.374936
-0.374936
-1.12551
-1.12551
-0.0366257
-0.0366257
0.70006
0.35318
0.935338
0.935338
-0.816182
0.653001
0.0467268
-0.834209
-0.834209
-0.834209
-0.834209
1.16244
1.16244
0.480607
0.480607
0.480607
0.480607
0.0636794
0.844259
0.844259
-0.312774
0.730422
0.730422
0.730422
0.730422
0.730422
-0.696082
0.275989
0.275989
0.275989
0.275989
-0.319778
-0.319778
-1.18415
-0.0686876
0.88815
0.88815
0.895658
-1.18351
-1.15588
0.257563
0.257563
0.257563
-0.6316
-0.143677
-0.143677
0.479282
0.479282
-0.616855
-0.616855
0.788599
0.82167
0.82167
-0.0792048
-0.0792048
-0.0792048
-0.0792048
-0.0792048
-0.379561
0.396997
0.396997
1.05917
1.05917
-0.830915
-0.830915
-0.176858
-0.176858
-0.176858
-0.176858
-1.35951
-0.139169
1.64253
1.64253
-1.03748
0.150918
-0.295586
0.376288
1.44514
1.44514
1.44514
1.39168
1.19379
1.3667
1.15102
-1.41084
-0.147637
0.869032
0.297489
0.297489
0.297489
0.297489
-0.120613
0.39434
0.39434
0.233916
0.269919
-0.236732
0.830047
0.944093
0.944093
-0.617198
0.688253
-0.941348
-0.630529
-0.630529
0.485802
-1.39518
-1.39518
-1.39518
-1.39518
-1.39518
0.877091
0.877091
0.877091
0.877091
1.36737
0.438036
-0.0887979
0.454879
0.454879
0.454879
0.454879
0.454879
0.454879
1.26946
1.26946
-0.975378
-0.975378
-0.975378
-0.975378
-0.975378
0.316749
0.351633
-0.873528
-0.873528
-0.873528
-0.970007
-1.12469
-1.12469
1.27938
-0.343856
0.101308
0.181538
0.181538
0.181538
0.730622
0.730622
-0.56991
0.0219425
1.66603
1.66603
1.66603
0.840759
0.840759
-0.604523
-0.604523
-0.604523
-0.604523
-0.604523
0.0556442
0.0556442
0.0556442
1.28246
-1.41038
-1.41038
0.201519
0.133026
0.132658
0.132658
-0.168102
-1.30998
-1.30998
-1.23098
-1.08011
-0.933172
1.40835
0.328118
0.340166
0.340166
1.68474
0.150187
0.150187
0.150187
0.150187
-0.19622
-0.19622
-0.19622
-1.32741
-1.32741
0.264444
-0.258446
-0.258446
1.21472
0.077812
0.304497
0.304497
0.304497
0.304497
0.304497
-0.459758
-0.459758
-0.459758
0.259411
-0.410063
0.711402
-0.314862
-0.314862
-0.964572
-0.964572
-0.964572
-0.964572
-1.24125
-1.24125
-1.24125
1.04822
1.04822
0.413285
-0.28129
0.193472
1.83106
-0.646505
-0.646505
-0.646505
-0.646505
-0.646505
-1.24259
-1.24259
-0.629217
0.610212
0.610212
1.11485
1.11485
1.11485
1.11485
-1.13363
1.3986
-1.00763
0.182223
0.26467
-1.4479
-0.535405
-0.535405
-0.535405
-0.356032
-0.356032
-0.356032
-0.205156
0.192665
0.234185
0.986134
0.127607
0.127607
0.127607
0.425425
0.425425
1.02837
1.02837
1.02837
1.11193
1.11193
1.11193
1.11193
-0.154578
-0.154578
1.21288
1.05771
1.05771
0.139948
0.328747
0.328747
-0.671321
1.11581
-0.526472
-0.526472
-0.0241552
-0.0241552
-0.894115
-0.894115
-1.345
-1.345
-1.345
-0.135403
1.30636
1.30636
1.30636
1.30636
1.30636
1.30636
1.30636
1.30636
1.30636
0.806373
0.806373
0.367411
-0.770233
-0.770233
-0.770233
0.163464
0.163464
0.194569
-1.15625
0.522523
0.522523
0.522523
0.522523
1.69548
1.71934
-0.568128
0.905536
0.534149
0.534149
0.353685
0.353685
0.531607
0.531607
0.531607
0.531607
0.531607
0.531607
0.531607
0.531607
-1.51262
-1.51262
-1.51262
-0.25266
0.995511
0.995511
0.995511
-0.532489
0.482251
-1.09719
1.2661
0.379869
-1.00744
-1.00744
0.782244
-0.469644
-0.469644
0.726159
0.726159
-0.692704
1.49471
0.551815
0.551815
0.551815
-1.10509
-1.10509
-1.32993
-1.21491
0.0299016
0.854135
0.854135
0.854135
-1.165
-1.165
-1.165
0.205236
0.205236
0.205236
0.205236
0.205236
0.485058
0.485058
0.485058
-0.150803
0.435502
0.435502
0.435502
0.435502
0.435502
-0.96988
1.21392
-0.372391
-1.17758
-1.17758
-1.17758
-1.17758
0.249993
0.416701
1.28574
-0.979418
0.108977
0.108977
0.108977
0.108977
-0.528997
-1.74286
-1.74286
-1.65261
-1.65261
-1.65261
-1.54135
0.119702
0.939071
1.11072
1.11072
0.281773
-0.960906
0.268995
0.67194
-0.440894
-0.440894
-0.440894
1.0066
-1.09441
0.625958
-0.276312
-0.167762
0.20739
-0.052951
-0.220209
-0.220209
-1.08579
-1.08579
-1.08579
0.414352
0.414352
0.414352
0.414352
0.414352
-0.209203
-0.209203
-0.209203
-0.298987
-0.298987
0.722989
1.21346
-1.201
1.33997
1.33997
1.33997
1.33997
1.33997
1.33997
1.32442
1.32442
-0.672923
-0.672923
-0.672923
-0.672923
-0.22027
-1.19713
-1.19713
0.974949
0.974949
0.974949
0.974949
0.974949
-0.827525
-0.827525
0.540888
-1.21393
1.08253
0.308859
0.308859
0.308859
0.308859
0.308859
-0.269438
-0.269438
0.79306
0.290781
-1.09819
-0.0723429
-0.0723429
-0.0723429
0.757518
0.757518
0.657218
0.555102
0.555102
-0.0418759
-0.0418759
-0.0349939
2.15027
1.85267
1.85267
1.85267
-0.452705
-0.452705
1.56529
1.56529
1.56529
0.37477
0.37477
0.292337
0.980068
0.0405452
-1.63296
-1.63296
-1.63296
-0.592976
-0.592976
-0.398772
-0.398772
-0.398772
-0.398772
-0.398772
1.44263
0.676732
0.676732
0.676732
-0.623236
-0.623236
-0.623236
-0.623236
-0.623236
-0.763426
-0.763426
-0.763426
-0.763426
-0.962171
-0.962171
1.1828
1.1828
1.1828
-1.124
-1.124
1.0203
1.0203
1.0203
0.378774
0.378774
0.378774
0.378774
0.378774
0.378774
0.378774
0.378774
0.378774
-1.43281
-1.43281
-1.48287
1.18774
1.18774
1.18774
1.02107
0.934785
0.934785
0.934785
0.934785
-0.542161
-0.542161
-0.542161
-0.542161
-0.198433
0.26025
0.26025
0.26025
0.343908
0.757857
0.00475627
0.00475627
0.00475627
-1.08327
0.955168
0.955168
0.955168
0.350709
0.350709
0.350709
0.350709
0.350709
-0.659669
-1.21606
0.208982
0.208982
0.217675
0.829005
0.829005
0.829005
-0.184599
-1.32394
-0.6093
-0.6093
-0.6093
0.426385
0.808893
0.808893
-1.12499
-0.163697
-0.163697
-0.469706
-0.469706
0.110055
0.110055
0.302795
0.302795
-0.881089
-0.721104
-0.721104
-0.721104
-0.340093
-0.872057
-1.36917
0.574281
-0.971184
-0.0198825
-0.0198825
-0.0198825
-0.803192
-0.825226
-0.825226
-0.825226
1.07475
1.07475
1.07475
1.07475
-1.08838
-1.08838
-0.952334
-0.952334
-0.952334
-0.952334
-0.952334
-0.952334
-0.969916
-0.969916
-0.969916
-0.969916
0.584838
-0.778173
-0.778173
-0.778173
-0.778173
-0.778173
-0.778173
1.03303
-0.489895
0.187494
1.20656
1.20656
0.863999
1.81068
1.81068
1.66204
1.66204
1.66204
-0.491161
-0.491161
-0.491161
-0.491161
-1.18966
-1.18966
-1.18966
-1.18966
0.461623
0.461623
0.461623
0.461623
0.984381
0.590683
0.590683
0.590683
0.590683
-1.22114
-1.22114
-1.22114
-0.933242
-0.933242
-0.933242
1.06914
-0.0759095
0.579437
0.556558
0.0103415
0.0103415
0.0103415
0.0103415
-0.854731
-0.854731
-0.854731
-0.854731
-0.854731
-0.151837
0.268161
-0.0962455
-0.0962455
-0.0962455
-0.0962455
-0.0474987
-1.01606
-0.00816604
-0.00816604
-0.00816604
-1.15461
-1.15461
-1.15461
-1.10944
-1.10944
-0.973907
-0.413312
-0.413312
-0.0797863
-0.386334
-0.386334
-0.147507
-1.43472
-1.19497
1.19206
-0.911974
-0.911974
-0.911974
-0.911974
-0.911974
-0.911974
-1.48034
-1.07509
-1.07509
-0.821077
-1.23092
-1.23092
-1.23092
-1.83773
-1.83773
-1.09976
0.958104
-0.892122
-0.892122
-0.892122
-0.892122
1.13668
0.91451
0.91451
0.91451
0.91451
0.91451
-0.117776
-0.117776
0.601402
0.601402
0.601402
0.601402
-0.862254
0.517321
0.517321
0.396873
-0.318111
-0.318111
-1.05486
-1.31842
-1.31842
0.677606
0.677606
0.677606
0.677606
0.677606
0.498784
0.498784
0.498784
-0.373776
0.23408
0.117297
-0.888908
0.185116
0.531543
0.531543
0.531543
-0.543462
-0.543462
1.59866
0.898668
0.979025
0.725122
0.725122
0.725122
-0.496145
-0.496145
-0.496145
-0.496145
1.15878
-1.01594
-1.01594
0.596223
-0.790795
0.573958
0.573958
0.573958
0.573958
0.573958
0.573958
0.618649
0.618649
0.618649
0.618649
1.2674
1.2674
1.2674
1.2674
-0.394131
0.480296
0.155989
-0.38068
-0.38068
-0.00487695
-0.0851129
-0.0851129
-0.0851129
-0.0851129
-0.822651
-0.101748
-0.101748
-0.101748
-0.101748
-0.612841
-0.615797
-0.0463157
-0.0463157
1.08224
1.08224
0.314893
-1.08631
0.706298
0.725153
0.580314
0.580314
-0.873394
-0.464763
0.320154
0.320154
-1.10496
-1.10496
-1.10496
0.900647
0.900647
0.900647
-0.219346
-1.33025
-0.477079
-0.477079
1.01577
1.01577
1.01577
0.297401
0.297401
0.757182
0.757182
-1.14851
-1.14851
-1.14851
-1.14851
-1.14851
-1.14851
0.564115
1.06985
1.06985
1.30295
-0.745865
-0.629177
-0.629177
-0.629177
0.93121
0.93121
0.715166
0.715166
0.715166
0.749046
0.749046
-0.744897
-0.744897
-0.744897
-1.62977
-0.184873
-0.184873
-0.184873
-0.446039
1.23225
1.23225
1.23225
1.23225
1.23225
1.23225
1.23225
-1.17521
-1.17521
0.182818
0.182818
0.699485
0.699485
0.986661
-0.369302
-0.369302
-0.369302
-0.369302
0.499002
0.499002
0.499002
-0.476466
-0.476466
-0.476466
-0.22586
-0.22586
-1.13597
0.116894
0.116894
-1.64017
-1.64017
-1.64017
0.269106
0.269106
0.269106
0.269106
1.15566
1.15566
1.15566
1.15566
0.8286
0.8286
0.8286
0.8286
0.566991
1.68384
1.47327
-0.407491
-0.407491
-0.407491
-0.407491
-0.407491
-0.407491
-0.407491
-0.407491
-0.579307
-0.579307
0.512756
-0.38618
-0.61547
-0.61547
-0.61547
-0.61547
-1.11652
-0.579881
-0.969113
-0.969113
0.806051
0.806051
0.806051
-0.061042
-0.061042
-0.061042
-0.73674
-0.73674
-0.0128638
0.733986
0.733986
0.733986
-0.77618
-1.16003
-1.16003
-1.16003
-1.16003
-1.16003
0.868485
0.0405296
0.082916
-1.17609
0.357032
0.334608
-0.613044
-0.613044
-0.613044
-0.613044
-1.63585
0.807076
0.807076
-1.20298
0.216665
0.187874
0.187874
0.187874
0.83923
0.83923
0.83923
0.83923
-0.75197
-0.853114
1.27201
1.27201
1.27201
1.0373
-0.217954
-0.217954
-0.217954
-0.217954
-0.217954
-0.217954
-0.546444
-0.546444
-0.546444
-0.352707
-0.352707
-1.2959
-1.2959
-1.66933
-1.29486
0.358275
-1.39033
-1.39033
0.222815
0.222815
0.222815
0.16381
0.16381
0.16381
0.16381
-1.22941
-1.22941
-0.836943
-0.386941
-0.386941
0.558376
-0.406514
-0.406514
-1.03708
0.784558
0.774892
0.0486262
0.0486262
1.02972
-1.24584
-1.24584
-1.24584
-1.24584
-1.24584
-0.576412
-0.576412
-0.576412
-0.576412
-0.576412
-0.617105
-0.617105
-0.0344666
-0.0344666
0.0882417
-0.652982
-0.652982
0.0347813
-1.27467
-1.27467
-0.79101
0.80681
0.80681
0.80681
0.80681
1.19829
1.19829
0.483689
0.483689
0.483689
0.483689
0.483689
0.483689
0.483689
0.483689
0.153992
0.153992
0.424234
0.746967
0.746967
0.746967
0.746967
0.533088
0.533088
-0.287839
-0.287839
0.334338
0.334338
0.025798
0.025798
0.871429
-0.269524
1.36956
0.731232
0.731232
0.731232
0.731232
0.663779
0.663779
-0.247981
-0.247981
-0.247981
-0.247981
-0.204287
0.0818742
0.0818742
-1.31889
-0.302162
-0.110206
-0.110206
0.249723
0.249723
0.463451
0.463451
-0.405463
-0.969683
-0.969683
-0.999717
-0.999717
-0.546673
-0.632419
-0.632419
-0.632419
1.04191
-1.16933
-1.16933
-1.16933
-0.101121
-0.317347
-0.317347
-0.317347
1.10338
1.10338
1.10338
-0.408263
-0.408263
-0.408263
-0.408263
1.31893
0.187388
0.187388
0.787612
0.994297
0.994297
0.994297
0.994297
0.953605
0.953605
-0.352671
-0.352671
-0.352671
-0.352671
-1.49845
-0.602121
-0.602121
-0.602121
-0.923255
-0.923255
0.199901
-0.32253
-1.22
0.649817
0.649817
0.649817
0.00477218
0.00477218
0.780704
0.780704
0.891518
0.891518
-0.0153054
-0.0153054
-0.0153054
-1.21682
-1.21682
-1.05403
-1.05403
1.11711
1.11711
1.11711
1.11711
0.197933
0.197933
0.569151
-0.263115
-0.263115
-0.849336
-0.849336
-0.849336
0.906493
-0.171715
0.917564
-0.677951
-0.677951
-0.677951
-0.677951
-1.24261
-1.24261
-1.23906
-1.23906
0.885202
1.01137
1.01137
0.834753
-0.997604
-0.997604
0.0732431
0.0732431
0.0732431
0.0732431
0.0732431
-1.34149
-1.16256
0.653975
-0.742021
-0.742021
-0.502595
-0.476046
-0.476046
-1.04211
-1.04211
0.518486
0.518486
0.518486
0.518486
0.518486
0.518486
0.518486
0.518486
-0.658688
1.3098
1.3098
0.679794
0.115907
0.448895
0.448895
0.188569
-0.134028
0.0864691
1.18009
-0.134783
-1.54137
-1.54137
-1.54137
-1.84392
-1.5649
-1.5649
1.01243
0.934905
0.934905
0.934905
-0.205144
-0.205144
-1.62573
0.595211
0.595211
0.595211
0.595211
0.595211
0.595211
0.595211
0.595211
0.595211
0.595211
0.595211
0.280716
0.261035
0.261035
0.261035
0.261035
0.261035
0.261035
0.808115
0.808115
0.808115
0.808115
0.808115
0.478446
0.478446
0.423943
-0.597273
0.495502
0.702223
0.702223
0.702223
0.702223
0.702223
1.23605
1.11659
1.11659
1.11659
1.11659
-1.36654
-0.986941
-0.986941
-0.2905
-0.680786
-0.680786
0.0248587
0.370941
-0.48349
-0.586295
-0.586295
-0.240923
-1.27935
-0.381975
-0.381975
-0.381975
0.370624
0.370624
0.370624
0.370624
0.370624
0.370624
0.370624
0.370624
0.370624
0.689587
0.689587
0.689587
0.689587
-1.22885
-1.22885
-1.22885
-1.22885
1.06798
-0.359185
-1.12977
-0.0941864
0.914078
0.914078
-0.695267
-0.695267
-0.481837
0.387728
0.387728
0.387728
0.387728
-0.420073
-0.806001
-0.806001
-1.76637
-1.76637
0.502981
-0.552943
-0.552943
1.30755
-0.315195
-0.315195
-1.27432
-1.27432
-1.27432
0.501542
-0.786504
-0.786504
-0.786504
-0.786504
1.30125
1.30125
0.777978
-1.18406
1.019
-0.70258
-0.70258
-0.70258
-0.70258
-0.592142
-0.592142
-0.592142
-1.10298
0.871714
0.871714
0.871714
0.871714
0.871714
0.641147
0.641147
-0.91431
-0.91431
-0.91431
-0.91431
0.901615
-1.33493
0.863239
-0.331488
-0.331488
-1.01346
-1.01346
-0.454085
-0.432219
-0.432219
-0.432219
-0.432219
-0.432219
-0.432219
-0.432219
1.1492
-0.163765
1.64778
1.64778
1.40674
1.40674
1.40674
1.63328
1.63328
0.648995
0.648995
0.648995
-1.11636
0.680059
0.201798
0.201798
0.201798
0.201798
-1.40844
-0.0462968
0.782366
0.782366
-0.5721
-0.5721
0.56538
0.733049
-0.840972
-1.09223
-1.0801
0.65033
-1.46329
-1.5655
-1.5655
-1.5655
-0.663539
1.18787
0.121237
0.264916
0.264916
0.589792
-0.894839
-0.755102
0.0868315
0.0868315
0.0868315
0.0868315
0.0868315
0.0868315
0.0868315
0.0868315
0.0868315
0.0868315
0.0868315
0.0868315
-0.156635
0.314042
-0.971744
0.614246
-0.958189
-0.958189
-0.958189
-0.958189
-0.958189
-0.958189
-0.290912
0.109992
0.433561
0.433561
0.483113
0.483113
0.483113
0.483113
0.394747
0.721336
0.721336
0.721336
0.721336
0.721336
0.721336
-0.541817
-0.541817
0.954871
0.53018
0.53018
0.53018
0.605492
0.605492
0.469795
0.55114
0.55114
0.55114
0.55114
-0.322286
-1.19432
0.825573
1.18958
0.778881
-1.21753
-1.21753
-1.21753
-1.21753
0.174567
1.3822
0.33058
0.33058
0.0874765
0.521617
1.5278
1.5278
1.5278
0.928527
-0.476843
0.266633
-0.465769
-0.465769
0.455181
-0.734475
0.130606
-1.15116
-1.15116
0.529495
0.529495
0.529495
-0.926191
0.657261
0.657261
0.657261
-0.963078
0.918501
0.515635
0.515635
-0.0330963
-0.0330963
-0.0330963
-0.0330963
-0.105663
-0.105663
-1.18114
-0.755075
-0.64918
0.202647
-0.254127
-0.254127
0.447404
-0.480943
-0.480943
-0.480943
-0.563715
-0.563715
-0.563715
-0.563715
-0.79372
-1.01204
-1.01204
-0.0638232
-0.0638232
0.436251
0.453653
0.453653
0.453653
0.453653
0.690088
0.690088
-0.214096
-0.214096
-1.30472
1.33013
1.33013
0.408583
0.408583
0.408583
0.408583
-1.27703
-1.265
-0.341469
-0.36181
-0.36181
-0.36181
0.640186
0.640186
-0.231428
-0.231428
-0.951842
-0.951842
-0.951842
-0.951842
-0.343701
1.33209
-0.495951
-0.452206
-0.953353
0.502863
0.309106
0.309106
-0.381086
-0.381086
-0.868631
-0.868631
-0.868631
-0.868631
-0.868631
0.304895
0.99508
0.99508
0.99508
-1.25352
1.20973
1.08945
1.08945
0.674582
0.674582
0.674582
0.674582
-0.00929946
0.355413
-0.354327
0.717833
-1.16105
1.41715
-0.4035
0.459852
0.459852
0.28638
0.28638
0.28638
0.28638
-0.121912
-0.121912
0.51504
1.21677
1.05138
1.05138
0.404171
0.404171
0.102171
-0.801769
-0.572093
-0.572093
0.738208
0.431304
0.431304
-0.79895
-0.79895
0.310678
0.317038
0.949771
-0.295063
-0.715798
0.423227
0.423227
-0.755991
-0.0625317
-0.0625317
0.677021
0.677021
0.677021
0.148866
-1.01702
0.410559
0.410559
-0.949809
1.29462
-0.11089
-0.953076
0.642317
0.642317
0.642317
0.642317
0.34366
0.188237
0.188237
0.95225
-1.06262
-1.06262
-1.06262
-0.802203
-0.802203
-0.802203
-0.802203
-0.802203
-0.802203
-0.802203
-0.802203
-0.802203
0.244366
-0.920077
-0.920077
1.62351
-0.619908
0.555698
-0.943985
-1.59386
-0.0378791
-0.943695
-0.943695
-0.943695
-0.943695
-0.943695
-0.943695
-0.943695
-0.943695
-0.943695
-0.943695
-1.7421
0.407703
-0.929004
0.985069
0.985069
0.759967
0.975148
0.975148
1.46988
-0.947027
0.90689
0.90689
0.90689
0.90689
-0.723341
-0.723341
-0.723341
1.12178
0.672389
0.672389
0.672389
0.672389
0.672389
-0.511671
-0.511671
-0.511671
1.15279
1.21672
1.21672
1.21672
-1.07856
0.179272
0.179272
1.23994
-1.43388
-0.596695
-1.36457
1.07004
1.07004
1.19731
-0.951627
-0.951627
-0.341215
1.05584
-1.22037
1.04645
1.04645
1.04645
1.04645
1.04645
0.4143
-1.06536
-1.06536
-1.06536
1.05263
1.05263
0.421516
0.421516
0.421516
0.501328
0.501328
-0.544845
-0.544845
-0.544845
-0.544845
-0.544845
-0.544845
-0.829283
-1.23626
-0.751875
-0.92336
-0.92336
0.0995846
0.0995846
0.564807
-1.04092
-1.04092
-1.04092
0.237947
-0.435409
0.990581
1.10704
1.10704
1.10704
1.10704
1.10704
1.10704
-0.705053
-0.705053
0.941034
0.941034
-0.518172
1.28305
-0.821719
0.165512
-0.84695
-0.84695
0.433242
0.433242
0.433242
0.433242
-1.23756
-0.930232
-0.930232
-0.930232
-0.930232
0.426352
1.26771
-1.37622
1.03943
-0.270109
-0.840687
-0.840687
-0.840687
-0.840687
-0.840687
0.301848
0.301848
0.400078
0.400078
0.400078
0.400078
-0.345412
-0.345412
-0.345412
-0.345412
1.18673
1.84585
1.29718
1.29718
1.29718
-0.762011
-0.762011
-0.762011
-1.03648
-1.03648
-1.05427
-0.733787
-0.733787
0.260985
-0.310639
-1.14717
-1.14717
-1.14717
0.388172
0.388172
0.388172
0.388172
0.350635
-0.679497
-1.09195
0.204906
1.51544
1.51544
1.51544
1.51544
1.51544
-0.749826
-0.749826
-0.749826
-0.749826
-0.0631113
-0.0631113
0.268884
0.268884
-0.949871
0.26758
0.26758
0.26758
-0.684785
-0.684785
-0.930866
0.558473
-1.69499
-1.9429
0.392726
0.663194
1.74148
1.75682
1.75682
0.424768
-0.649767
-0.649767
-0.649767
-0.649767
-0.865519
-1.43339
0.639462
1.06682
-0.0280102
-0.0280102
1.3143
1.3143
-0.86831
-0.86831
0.916766
0.916766
-0.631726
-0.544565
-0.544565
-0.544565
-0.544565
-0.362333
0.782826
-0.892354
-0.892354
-0.892354
-0.892354
0.616513
-0.82529
0.788101
0.788101
0.788101
0.788101
1.03529
0.324532
0.324532
0.324532
0.49624
0.49624
0.49624
0.49624
0.49624
-1.02887
-1.02887
-1.02887
-1.02887
-0.0482347
-0.958582
1.31475
-0.395936
-0.395936
-0.395936
-1.13826
-1.13826
-1.13826
0.599941
0.599941
0.212993
0.911288
-0.474919
0.985143
0.985143
0.985143
0.643006
0.643006
-0.534978
-0.534978
0.283024
0.283024
-0.815327
-0.815327
-0.815327
-0.815327
-0.815327
0.13654
0.13654
-0.509567
0.987147
0.987147
-1.42058
-0.224411
-0.214407
-0.214407
-0.199077
-0.288624
-0.288624
-0.288624
-0.288624
-0.503607
-0.503607
0.523188
0.523188
-0.261653
1.54606
-0.938513
-0.938513
-0.938513
0.70308
-0.737886
1.16695
1.16695
-0.979226
-0.357382
-0.357382
-0.357382
1.50518
1.50518
1.50518
-0.671857
-0.671857
-0.671857
-0.671857
-0.671857
-0.671857
1.16142
1.16142
0.644629
0.644629
-1.51257
-1.51257
-1.51257
-1.51257
-0.312404
-0.312404
-0.312404
-0.312404
-0.523593
-0.523593
-0.523593
0.848452
-1.42644
1.21574
1.21574
-0.360533
0.357148
0.601085
-0.89388
-0.614299
0.677473
0.888909
0.888909
0.364401
0.364401
1.55684
-0.812338
-0.812338
-0.812338
1.02414
-0.986045
0.828117
0.828117
0.828117
0.828117
0.35208
-1.43835
1.12478
1.24311
0.593329
0.593329
0.891609
0.891609
0.891609
0.891609
0.891609
0.937838
0.937838
0.937838
0.180152
0.180152
0.800591
0.800591
0.800591
0.800591
0.800591
0.800591
-0.767818
-0.767818
-0.767818
-0.767818
-0.767818
0.747839
0.747839
-0.678974
-0.849926
-0.849926
0.309758
0.309758
0.309758
1.15508
1.15508
1.15508
-1.30734
-1.30734
-0.8409
-0.232996
0.823476
0.124922
0.124922
0.124922
0.124922
0.710486
0.710486
0.710486
0.710486
0.710486
0.0126772
0.0126772
0.0126772
1.32979
0.958722
0.893343
0.893343
0.893343
0.893343
0.893343
-0.83872
0.529805
-0.920159
-0.819384
-0.819384
-0.819384
-0.819384
-0.373961
1.12783
0.863685
0.863685
0.332688
0.332688
0.332688
0.792426
1.42817
1.42817
-0.106435
-0.106435
-0.588539
-0.19488
-0.19488
-0.19488
-0.19488
-0.773904
-0.773904
0.920705
-0.395599
0.73704
0.73704
-0.873318
-1.01834
-1.01834
0.10963
-0.818339
-0.818339
1.16384
-1.52312
-1.52312
0.976436
0.976436
0.12921
0.12921
0.12921
0.12921
0.12921
0.12921
0.12921
0.993204
-0.691057
-0.691057
-0.951566
0.84596
0.84596
0.84596
0.421212
-0.779481
1.08196
0.265898
0.265898
0.7006
0.7006
-0.223367
-0.223367
-0.223367
1.32607
0.806202
0.806202
-0.794917
-1.69827
-1.69525
-1.69525
-1.70357
-1.70357
-0.896739
-0.896739
-0.896739
-0.896739
-1.19806
-1.19806
0.923776
1.40256
-1.23597
1.37213
1.37213
1.37213
1.37213
1.37213
1.37213
1.21326
1.21326
1.21326
0.976506
-1.04899
0.396157
0.396157
0.918565
-0.517323
-0.517323
-0.517323
-0.517323
0.818671
0.900381
0.900381
0.380169
0.380169
0.380169
0.380169
0.0968393
0.0968393
0.0968393
0.720584
-1.31105
-1.31105
0.25524
0.5339
0.418351
0.418351
-0.611346
-0.611346
0.714763
-0.282799
1.11021
0.066971
0.066971
0.688
0.688
0.688
0.688
0.688
0.688
0.688
0.688
0.688
0.289944
0.289944
0.289944
-0.128032
-0.976704
-0.976704
-0.976704
-0.870038
-0.545428
-0.545428
-0.87914
-0.87914
0.818819
0.818819
0.818819
0.892288
-0.790594
-1.35599
-0.0238636
-0.0238636
-0.4547
-0.4547
-0.4547
-0.4547
0.241957
0.241957
0.241957
0.241957
1.19223
1.7824
1.62862
0.499674
0.499674
-0.171331
-0.171331
0.217124
0.217124
0.401842
0.401842
-0.669484
-0.669484
-0.408287
0.245924
1.28656
0.683434
0.683434
0.683434
0.683434
0.759202
0.759202
0.641781
-0.459721
0.483768
0.706504
-1.59045
0.644319
0.365073
0.365073
1.25814
0.226237
0.226237
0.226237
-0.378392
-0.00692229
-0.00692229
0.113907
0.212845
0.212845
0.742807
1.14878
0.319873
-0.248468
-0.248468
-0.248468
-0.248468
-0.457596
-0.457596
-0.457596
-0.457596
-0.914615
-0.914615
0.310222
-0.680163
1.31188
1.31188
-0.747783
-0.747783
-0.927568
-0.329863
0.344072
0.937772
0.62206
0.62206
0.211817
-1.03767
-1.03767
-0.937651
-0.502676
0.936566
-0.382018
-0.382018
-1.08991
-1.11624
-1.52523
0.479472
-1.05055
-1.01887
-1.01887
0.1016
1.31515
-0.426704
-1.46895
-1.46895
-0.308914
-0.308914
-0.693648
0.869709
-1.5268
-1.5268
-1.5268
0.350844
0.350844
-0.567681
-0.567681
-0.567681
-0.567681
-0.567681
0.741298
0.741298
-1.03984
-1.03984
-1.03984
-1.40466
-1.40466
-1.40466
0.524931
-0.603159
0.259085
-0.0664552
0.308655
-0.835421
-0.835421
-0.835421
-0.835421
-0.835421
1.47006
1.47006
1.47006
1.47006
1.47006
1.47006
-0.869429
-0.869429
-0.869429
-0.869429
-0.869429
1.42256
1.42256
1.42256
1.42256
1.42256
-0.484183
-0.448026
-0.448026
-0.448026
-0.448026
-0.448026
0.297434
0.297434
0.297434
0.297434
1.02152
-0.586561
-0.586561
-0.586561
-0.586561
0.757563
-1.26424
0.840039
-0.946825
-0.946825
-0.946825
-1.70579
-1.70579
-1.70579
0.492404
0.9023
-0.197477
1.57858
-0.888385
-0.787397
-0.787397
0.200043
0.200043
0.00484453
-0.917597
0.716862
0.716862
1.26467
0.304312
0.304312
0.304312
-0.736368
-0.5136
-1.4796
-1.4796
-1.50114
-1.50114
-0.108892
-0.108892
-0.167462
-0.167462
-0.167462
-0.959877
-0.150878
0.991437
-0.615404
-0.615404
0.28459
0.28459
0.28459
0.884235
0.884235
0.884235
0.884235
0.801376
0.801376
0.801376
0.439736
0.439736
1.08642
1.08642
1.08642
1.08642
1.08642
1.08642
1.08642
-0.925634
-0.925634
-0.925634
-1.24348
-1.24348
-1.45056
-1.45056
-0.799103
-0.799103
0.600928
0.600928
0.600928
-1.38364
-0.908288
0.361018
0.361018
1.3074
-0.119322
-0.119322
-0.750031
-0.750031
0.520236
0.520236
0.0780225
0.0780225
-1.0994
-1.0994
1.0136
0.601763
0.601763
1.49103
1.49103
0.682312
0.682312
0.682312
0.682312
0.682312
0.682312
1.18163
1.18163
1.18163
-0.312326
-1.80998
0.177757
0.177757
0.177757
-0.028178
-0.38579
-0.680877
-0.672191
-0.305379
-0.305379
-0.305379
0.233275
0.233275
0.233275
0.233275
-0.736015
-0.736015
-0.736015
0.444044
0.444044
-0.604491
-0.604491
-0.604491
0.110953
0.110953
0.110953
0.110953
1.24402
-0.163462
-0.697053
-0.697053
-0.697053
-0.697053
-1.73721
0.506597
0.506597
0.506597
0.506597
0.506597
0.506597
0.506597
0.506597
0.506597
0.506597
0.689163
0.974347
0.974347
0.974347
-0.849718
-0.849718
-0.849718
-0.849718
0.682883
0.682883
0.58625
0.58625
1.31536
1.31536
0.767483
0.767483
-0.466366
-0.466366
-0.466366
-0.466366
-0.466366
-1.05919
0.970913
0.970913
-1.47022
-1.47022
-1.47022
1.04778
1.04778
1.04778
1.04778
0.559853
0.559853
-0.658035
-0.658035
-0.658035
-0.436718
-0.436718
-1.26078
-1.26078
0.33453
0.33453
1.37371
1.37371
1.37371
1.37371
-0.389794
-0.0960866
-0.840015
-0.840015
-0.840015
0.866926
-0.978887
-0.978887
0.350237
-1.78751
-1.78751
-1.78751
-1.78751
-1.78751
-1.78751
-0.214489
0.0273677
0.0273677
0.0273677
0.0273677
0.0273677
-0.707093
-0.707093
-0.707093
0.103105
-0.185279
0.415534
0.874975
0.217897
-0.406247
-0.406247
-0.534759
-0.534759
-0.534759
1.21265
-0.665057
-0.093508
0.923407
-0.00265359
-0.00265359
0.863933
0.863933
0.89257
0.764636
0.0578872
0.0578872
-1.00261
1.11853
0.470516
0.470516
-0.305618
-0.0128613
0.532238
1.18319
1.18319
2.03861
0.684924
0.684924
0.684924
0.684924
1.12784
1.12784
-1.46854
0.926448
0.926448
0.926448
-0.133736
-0.133736
-0.133736
0.761093
0.761093
0.761093
0.761093
0.761093
0.756507
0.756507
0.756507
0.756507
-0.607704
-0.607704
-1.986
0.348442
-0.602746
-0.602746
1.39592
-0.675094
-0.675094
-1.00145
1.48515
-0.330341
-0.330341
-0.330341
1.02672
-0.39352
-0.866752
-0.866752
-0.866752
-1.33697
1.27571
0.115229
0.115229
0.115229
1.20655
-0.840139
-0.840139
-0.840139
-0.840139
1.06253
-0.946892
-0.946892
-0.946892
-0.946892
-0.946892
-0.946892
-0.946892
-0.790047
-0.790047
-0.790047
-0.560232
-0.560232
-0.87081
-0.87081
-1.06054
-1.06054
-0.221177
-0.221177
-0.120095
-0.883493
-0.883493
0.658537
-0.551062
-0.551062
-1.4338
-0.377091
-0.377091
-0.377091
-1.26786
-0.997432
-0.997432
0.228464
0.228464
0.228464
-1.30948
-1.3575
-1.3575
-1.3575
-0.694061
-0.694061
-0.694061
0.675701
0.675701
0.675701
0.675701
0.730338
0.509734
0.743718
0.743718
-1.11528
-1.11528
-1.11528
-0.495111
0.376615
0.376615
0.376615
0.704368
0.704368
0.704368
0.704368
-0.826864
1.29068
0.245408
-1.17758
-1.17758
-1.17758
-1.17758
-1.17758
-0.837569
0.564821
0.878446
0.878446
0.878446
0.878446
0.245449
-0.0672462
-0.36703
-0.36703
-0.36703
-1.22513
-1.22513
-0.267562
0.0965931
-0.586154
-0.586154
-0.586154
-0.586154
-0.586154
-0.612443
-0.612443
-0.612443
-0.612443
1.2011
-0.975102
0.356186
-0.554001
1.7638
1.7638
1.21384
1.21384
-0.789701
-0.478812
-0.478812
-0.478812
-0.650794
-0.650794
-0.650794
-1.22825
-0.917262
1.22505
-1.15127
-1.15127
-0.999043
0.449701
0.449701
-1.88932
-1.64777
0.474116
0.474116
-0.443443
0.753171
0.753171
0.368004
0.368004
0.368004
0.368004
0.368004
0.368004
0.703653
0.666455
0.850354
0.850354
0.850354
0.850354
0.850354
0.216154
0.216154
0.216154
-0.154639
-0.154639
0.30321
0.149399
0.149399
-1.0952
-0.799841
-0.799841
-0.799841
-0.799841
-0.799841
-0.799841
-0.799841
0.0932248
0.0932248
-1.32841
-1.32841
-1.0185
-1.04968
0.860093
1.35305
1.35305
-1.02477
-1.02477
0.955035
-0.301285
-1.05722
0.345907
-0.248356
-0.137737
-0.137737
-0.137737
-0.755365
0.775547
-0.135305
-0.135305
-0.135305
0.233388
0.233388
-0.254539
-0.302269
-0.302269
-1.41569
-1.41569
-1.41569
-1.41569
-1.20878
-0.906191
-0.906191
-0.906191
0.178321
0.178321
0.178321
0.178321
0.178321
-0.155058
-1.34431
-1.41273
-1.16279
0.863462
-1.22822
-1.22822
-0.243697
-0.243697
0.397949
1.08609
0.0992619
0.0992619
0.565493
0.565493
0.565493
0.422796
0.422796
-0.675142
1.16434
-1.18743
-0.0564734
-0.0564734
-0.997005
-0.121827
-0.121827
0.769527
0.433305
0.433305
0.559553
0.833201
0.833201
1.93561
1.93561
1.93561
0.860076
-0.148673
0.00463966
0.173853
0.173853
1.00147
1.00147
1.00147
1.03364
1.03364
0.959915
0.959915
0.959915
0.959915
0.959915
-0.30872
0.100714
-0.318552
0.28465
-0.089715
-0.089715
0.603085
0.603085
0.588704
0.588704
0.588704
0.588704
1.11252
-0.123058
-0.201656
-0.201656
-1.39276
-0.44811
-0.44811
-0.44811
-0.135503
0.52605
-0.645861
-0.645861
-0.645861
-0.4696
-0.863229
0.253872
0.253872
-1.19733
-0.579014
-0.119824
1.72442
1.80003
1.22902
0.651936
0.0268569
0.0268569
1.22193
1.22193
1.22193
-1.15987
-1.15987
-1.15987
-0.706149
-0.706149
-0.899062
-0.899062
-0.899062
-0.899062
-0.899062
0.447918
0.447918
0.447918
0.447918
0.447918
0.447918
0.0854332
1.1474
1.36878
0.735323
-0.129149
0.0374573
1.07304
0.564548
0.564548
0.564548
0.119432
0.119432
1.60516
1.60516
1.60516
1.60516
-0.708879
-0.219197
-0.219197
-0.219197
-0.219197
0.628719
0.628719
-0.768096
-0.208878
0.772039
-0.811425
-0.904509
-0.904509
-0.904509
-0.904509
-0.899204
-0.899204
-0.899204
-0.899204
-0.899204
-0.458372
-0.458372
-0.458372
-0.458372
0.193942
0.193942
0.193942
-0.487615
-0.487615
-0.487615
0.552798
-0.681014
-0.681014
0.616465
0.410699
0.410699
0.410699
0.410699
-0.463988
1.058
0.721724
0.465189
0.465189
0.465189
0.465189
-0.693142
1.22335
1.22335
1.22335
0.823191
0.823191
0.823191
0.823191
0.986421
0.986421
-0.389948
0.647281
-1.01202
-1.01202
-1.01202
0.0951156
0.0951156
0.372904
0.561256
-0.00281628
-0.00281628
1.21142
0.149316
0.149316
-0.804429
-0.804429
-0.804429
0.0476753
0.0476753
-0.591023
-0.591023
-0.591023
-0.591023
-0.591023
-0.591023
-0.591023
-0.591023
-0.383174
1.37404
1.37404
1.37404
1.37404
1.32051
1.20559
1.20559
1.20559
-0.506561
-0.506561
-0.506561
-0.0727733
-0.0727733
-0.0727733
-0.0727733
-0.0727733
-0.0727733
-0.0727733
0.491665
0.491665
-0.528583
-0.528583
-0.983631
-0.983631
-0.290915
1.08228
0.854675
0.854675
0.129771
-1.00534
1.22481
0.453986
-0.240119
0.93159
-0.567129
-0.567129
-0.567129
-0.567129
-0.567129
-0.689622
-0.689622
-0.689622
-0.689622
-0.312945
-0.848839
-0.848839
0.761164
-0.0248875
-0.840649
-0.840649
-0.840649
0.226779
0.226779
-0.455672
-0.455672
1.15723
-1.04024
-0.587048
-0.587048
-0.634287
0.43981
-1.72196
0.274437
1.08115
1.08115
1.08115
1.08115
0.844439
-0.324934
-0.627955
-0.627955
-0.627955
-0.627955
-0.627955
-0.0605235
-0.593599
-0.593599
-0.853815
-0.663094
-0.663094
0.652729
0.652729
-0.699457
-0.699457
1.74788
-0.507629
-0.507629
-0.507629
-0.507629
-0.926341
-0.728151
-0.728151
-0.728151
-0.728151
-0.728151
-0.0716064
-1.00959
-1.00959
-0.107502
-0.840342
-0.840342
-0.840342
-0.697522
-0.682388
0.234221
0.234221
0.80608
0.80608
0.80608
0.80608
-1.63864
0.450359
0.0760167
-0.990413
-0.990413
1.20667
1.20667
1.20667
0.938274
0.938274
0.67453
0.533404
0.533404
0.533404
0.169751
0.169751
-1.04993
-0.0921668
0.673123
0.673123
0.673123
-0.682396
-0.682396
-0.682396
-0.682396
-1.54031
0.505382
0.505382
0.505382
0.505382
0.505382
0.505382
0.505382
0.505382
0.505382
0.505382
0.748625
-0.376084
-0.376084
-0.876101
-0.876101
0.898634
0.898634
-0.633738
-0.633738
0.288583
0.288583
0.0237335
0.0237335
-1.38348
-0.942977
-0.942977
-0.911059
0.290434
0.290434
0.0997257
-1.32361
-1.32361
-1.32361
-1.32361
-1.32361
-1.32361
-0.588264
-0.588264
0.787991
0.787991
-1.55403
-0.385825
-0.385825
-0.385825
0.563341
0.563341
0.563341
0.563341
0.197643
0.197643
0.618511
0.948595
-0.63372
-0.63372
-1.08824
-1.08824
0.267989
0.501172
0.501172
0.501172
0.501172
-1.18498
0.351652
0.351652
0.40809
-0.012459
1.07535
1.16637
-0.919243
-0.919243
-0.919243
-0.459104
-0.177534
-0.177534
-0.297531
0.454028
0.454028
1.22335
0.141733
0.141733
-0.316441
1.31941
1.31941
1.31941
-0.672547
-0.429853
-0.429853
-0.429853
0.479991
-0.542165
0.947329
0.947329
0.947329
-0.613147
1.42161
1.42161
1.21387
0.0235138
0.0235138
0.0235138
0.0235138
0.0235138
-0.814204
-0.814204
-0.814204
-0.814204
-0.814204
-0.814204
-0.814204
-0.448586
-0.0517707
-0.0517707
-1.12946
-1.12946
0.960222
-1.23344
0.0981738
0.888976
-0.977324
0.341512
0.724923
0.724923
0.724923
0.0944108
0.199356
1.19009
1.19009
-0.840126
-0.840126
-0.840126
-0.840126
-0.840126
-0.840126
-0.840126
-0.840126
-0.840126
-0.395711
0.607614
0.607614
0.607614
0.607614
-1.30639
-1.30639
-1.20588
1.40913
1.40913
1.40913
1.40913
0.646859
0.646859
0.646859
0.646859
0.646859
0.646859
0.646859
0.646859
-0.856142
-0.856142
-0.856142
1.17329
-0.318349
-0.318349
-0.872005
0.507505
0.507505
-1.2076
-0.999792
-0.53766
-0.53766
-0.53766
0.958351
0.958351
0.958351
0.599862
0.599862
-1.20157
-1.20157
-1.20157
-1.20157
-1.20157
-1.20157
-1.16353
-1.16353
-1.16353
-1.16353
0.759598
0.709588
0.709588
0.709588
0.709588
0.709588
0.709588
0.709588
-0.946094
0.917096
0.917096
0.454814
0.454814
0.454814
-0.804165
0.520184
-0.557888
-0.557888
-0.557888
1.42219
0.835205
0.835205
0.835205
-0.699699
1.08273
-0.615827
-0.615827
-0.615827
-0.962223
-0.962223
-0.782158
-0.782158
-0.782158
-0.782158
-0.782158
0.69618
0.69618
0.69618
-0.121329
0.50258
0.881912
0.881912
0.881912
0.819872
-1.60715
-1.60715
-1.60715
-1.60715
-1.60715
-1.60715
-1.60715
0.296744
0.296744
0.296744
0.296744
0.296744
-0.0487928
-0.0487928
-0.0487928
1.32744
-0.267682
0.676162
0.676162
0.676162
0.676162
0.676162
0.676162
1.16891
0.681108
0.681108
0.681108
-1.11547
-1.11547
-1.11547
-1.11547
-0.228891
-0.304401
0.33109
0.33109
-0.51022
-0.159968
-0.159968
-0.159968
-0.251742
-0.251742
-0.251742
1.05201
1.05201
0.232506
0.413447
0.413447
0.413447
-0.490319
-0.490319
-0.490319
-0.490319
0.608875
0.748936
-0.532935
-0.532935
-0.532935
-0.532935
-0.532935
0.706274
0.706274
0.706274
0.706274
0.706274
0.602135
0.602135
0.602135
0.602135
1.33592
0.871793
0.871793
0.871793
0.871793
0.871793
0.871793
-0.501576
-0.501576
-0.790944
-0.790944
1.07046
1.07046
0.679709
0.679709
0.679709
-0.792194
-0.792194
-0.792194
-1.17805
-1.17805
1.07171
1.07171
0.157133
0.157133
0.157133
0.157133
1.11413
-0.0409477
-0.252266
-0.252266
-0.252266
-1.21861
-1.04769
0.246643
0.246643
0.0692627
0.0692627
0.0692627
-1.46319
-1.78834
-1.78834
-1.78834
-1.78834
0.360574
0.360574
0.360574
0.360574
-0.167104
-0.167104
-0.0983296
-0.0983296
-1.09328
-1.09328
-1.09328
-0.141806
0.410462
-0.538773
0.950327
0.950327
0.950327
0.81026
0.0453358
-1.09417
0.12401
-1.17033
-1.17033
-1.17033
-1.31104
-1.31104
-1.31104
-1.31104
-1.31104
0.533296
0.533296
0.896409
-0.650472
-0.650472
-0.650472
-0.650472
-0.650472
-0.650472
-0.650472
0.894965
1.26171
1.26171
-0.140459
-1.05753
0.497295
-1.09754
0.234434
-1.15984
-1.15984
0.881823
0.881823
0.881823
0.881823
-1.59467
-1.59467
-0.108842
0.65746
0.65746
-1.1734
1.44486
0.851419
-1.15795
-0.0647664
0.718336
0.718336
0.718336
-1.5107
0.873548
0.873548
0.873548
0.873548
1.05723
1.05723
1.0805
0.935949
0.935949
0.935949
0.353258
-0.393992
-0.338846
-0.0266296
0.925886
-1.4416
-0.427215
-0.427215
0.427833
0.942785
0.514754
-1.42048
-0.969734
-0.969734
-0.969734
-0.969734
-0.969734
-0.051697
0.995639
-0.118921
-0.597164
-0.597164
0.839759
0.370704
0.370704
-1.36856
-1.36856
1.06692
0.59489
-0.375486
0.714573
-1.15438
0.605916
-0.535101
-0.535101
0.0373188
0.0373188
0.0373188
-0.0275685
0.839825
0.839825
1.09448
1.09448
1.09448
0.719253
1.4342
-1.04823
0.278454
0.278454
-0.0555473
-1.38487
-1.38487
-1.17461
-0.35177
-0.35177
1.62524
-0.990736
-0.990736
0.736222
0.736222
0.861993
-0.842482
-0.977227
0.181655
0.181655
-0.746421
-0.746421
-0.746421
-0.746421
-0.827858
-0.827858
-0.827858
-0.827858
-0.827858
-0.827858
-0.827858
-0.827858
-1.547
-1.40609
-1.40609
-1.40609
-1.40609
-0.63305
-1.31888
-0.357178
0.546799
0.546799
0.546799
0.546799
0.546799
0.546799
0.546799
-1.58679
-1.58679
-1.42019
-0.750485
-0.750485
0.853757
0.853757
0.853757
0.853757
0.853757
0.853757
0.853757
0.30272
0.30272
0.30272
0.30272
0.30272
1.45006
1.45006
1.45006
-0.0510578
-0.0510578
-0.0510578
-1.27388
-0.632273
-0.516919
0.828304
-1.06593
-1.06593
0.780819
0.780819
0.780819
-1.34647
-1.41573
1.01746
1.01746
-0.00767607
-0.469919
-0.469919
1.21977
1.21977
-0.687886
-0.687886
1.29341
1.29341
1.808
1.808
1.808
1.11184
1.11184
-0.559579
-0.559579
-0.559579
0.565537
-0.554792
-0.773264
-0.773264
-0.773264
-0.773264
-0.923984
-1.08318
1.23019
1.23019
1.02046
1.02046
1.02046
-0.254081
-1.01044
-1.01044
-0.00925799
-0.00925799
-0.0565924
-0.0565924
-0.872086
-0.872086
-0.872086
-0.872086
-0.872086
0.288358
0.288358
0.394905
0.394905
-0.421178
-0.421178
-0.421178
0.87079
0.87079
0.87079
0.87079
-0.296447
0.801386
0.801386
0.801386
0.708559
0.708559
0.708559
0.708559
0.794754
-1.1993
-0.259936
-0.833262
0.714589
0.714589
0.714589
-1.06254
1.36488
1.36488
-1.15503
0.380479
1.11118
1.11118
-0.645569
-0.305124
-0.305124
-0.305124
-0.305124
-0.305124
-0.305124
1.26957
0.583495
-1.05434
-0.604583
-0.604583
-0.604583
-0.604583
-0.604583
0.195833
0.195833
-0.27775
-0.27775
-0.157532
-0.731252
-0.731252
-0.731252
-1.24155
1.32967
1.32967
-1.36719
-0.995279
0.927566
-1.75044
-1.75044
-1.66015
-0.953191
-0.953191
-0.398118
0.251381
0.251381
0.251381
0.251381
1.33316
0.507684
0.507684
1.30707
1.30707
1.30707
1.30707
1.30707
1.30707
1.30707
-1.34678
-1.00878
-1.53107
-1.53107
-1.53107
-2.33729
-2.33729
-2.33729
0.0946232
0.0539314
-1.03071
-1.03071
-0.0136308
-0.0136308
1.7411
1.7411
1.7411
1.7411
1.7411
0.113899
1.26418
1.13193
0.452963
0.452963
-1.30715
0.020034
0.020034
0.020034
0.020034
0.020034
1.11185
1.165
1.165
0.0633432
0.0633432
0.0633432
0.0633432
-0.0142243
0.262797
-0.661724
-0.661724
-1.06232
-1.07207
-1.07207
0.0984939
0.0984939
0.0984939
0.0984939
-0.279877
0.402467
0.402467
0.402467
0.402467
0.227384
0.227384
-0.801874
-0.801874
0.56524
1.13582
-0.943889
-0.943889
-1.58226
0.0544091
0.808101
0.808101
0.808101
0.808101
0.808101
0.808101
-1.54331
0.311923
0.889807
-0.392567
-1.01961
-1.01961
-1.01961
0.680876
0.680876
0.680876
-0.424456
-0.424456
1.5247
1.7391
-0.620165
-0.802454
-0.802454
-0.802454
-0.802454
-1.19758
-1.31575
-0.115831
-0.362493
-1.23827
-1.23827
0.399114
0.522249
0.507692
-0.931176
0.928798
0.928798
0.928798
0.3435
0.3435
1.32601
1.32601
1.32601
1.32601
-0.878956
1.57628
0.31161
-0.477074
-0.477074
-0.477074
-1.50203
-1.37877
-1.37877
-0.410377
0.344559
0.344559
-0.664777
-0.664777
-0.761893
-0.503981
-0.503981
-0.503981
-0.503981
0.429896
0.429896
-1.54232
-1.32727
-1.32727
-1.19405
0.331011
-1.01471
-1.01471
-1.01471
-1.07673
-0.786492
-0.786492
-0.786492
-0.786492
-0.786492
-0.786492
-0.786492
-0.786492
-0.786492
-0.786492
-0.786492
0.574855
-0.860936
-0.860936
-0.860936
-0.827753
-0.827753
-0.827753
-0.827753
-1.01481
-1.01481
0.291334
1.1894
1.1894
-1.32773
-1.32773
-1.32773
-0.0296507
-1.16008
1.39599
1.39599
0.276895
0.276895
0.276895
0.276895
-0.365957
1.30693
1.30693
-0.902147
-1.11107
-1.11107
-1.11107
-0.340061
-0.303625
0.880377
1.02854
-1.10198
-1.10198
0.37423
-1.38765
-0.296856
-0.296856
-1.07114
-1.07114
-1.07114
-1.07114
-0.236112
-0.236112
-1.10455
-0.466566
-0.466566
-0.466566
0.995613
-0.385827
-0.0283445
-1.06515
-1.06515
-1.35334
0.757809
-0.781645
-0.781645
-0.781645
0.0260156
0.0260156
0.0260156
0.95735
0.51657
-0.616065
-0.0465699
-0.0465699
-0.848314
1.23059
1.23059
0.696468
0.696468
0.696468
0.696468
0.696468
-0.646294
1.10614
-0.959972
-0.714677
-0.714677
-0.980319
-0.980319
-0.980319
0.889401
-0.134482
-0.134482
-0.603986
-0.557451
-0.728339
-0.728339
-0.192108
0.263891
0.125875
1.17906
1.17906
-1.28557
-0.775005
-0.775005
-0.775005
1.57166
0.168872
-0.157065
1.02465
-0.74392
0.370536
0.370536
0.578979
0.578979
0.52219
-0.505114
-0.505114
-0.505114
-0.866314
0.438855
-1.22111
1.11185
1.11185
1.11185
1.11185
1.11185
0.832773
0.832773
0.832773
0.832773
0.970405
0.970405
0.970405
0.970405
1.89122
0.486762
0.486762
0.486762
-0.530103
-0.530103
-0.333768
1.10849
1.10849
-0.970235
0.510514
0.510514
0.510514
0.31841
-1.00037
-1.00037
-0.941876
-0.347473
0.132412
0.178095
0.178095
0.148593
0.148593
0.148593
1.48467
-0.349874
-0.349874
-0.22069
-1.04621
-1.04621
-1.04621
-1.04621
0.650401
0.650401
0.597127
0.597127
0.597127
0.597127
0.597127
0.597127
0.597127
0.597127
0.597127
0.597127
0.597127
0.597127
0.597127
0.597127
0.597127
-0.946743
0.978962
0.55331
0.55331
0.55331
0.318899
-0.582332
-0.582332
-0.582332
0.0669696
-1.39164
-1.39164
-1.26946
-1.26946
-1.26946
-1.26946
-1.26946
-1.26946
-0.731328
-0.731328
-0.731328
-1.0625
-1.0625
-0.573862
0.581569
0.581569
-0.568645
-0.154083
-0.154083
-0.154083
0.0771196
-0.576452
-0.409366
-1.7556
-0.412043
-0.412043
-0.243335
0.355352
0.00110016
0.00110016
0.00110016
0.00110016
-0.286224
-0.200424
1.36441
0.709925
-0.856561
-0.856561
-0.856561
1.18205
1.18205
0.457903
0.178415
0.178415
0.178415
-1.26739
-1.26739
-1.26739
-1.26739
-0.819476
-0.819476
-0.819476
-0.819476
-0.819476
-0.789696
-1.16075
-1.16075
-1.15485
-1.15485
-1.15485
-1.15485
-0.918654
-0.496195
-0.496195
-0.360979
-0.289713
-1.58539
0.11932
0.11932
0.11932
0.908327
0.908327
0.585342
0.585342
-0.968147
-0.0816041
-1.08737
-1.08737
-0.246099
-0.908798
-0.908798
-0.908798
0.961169
-0.0149083
-0.0149083
-0.0149083
-0.0149083
0.939393
0.939393
0.362474
0.362474
0.362474
-0.316513
-0.316513
-0.0106307
-0.050112
-1.0221
1.37954
-0.584338
-0.584338
-0.584338
-0.584338
1.05921
-0.787332
0.837665
0.837665
0.837665
0.137437
0.137437
0.22598
0.22598
0.22598
-0.447755
0.867516
0.867516
1.20398
0.973381
-0.721998
-1.16883
-0.648092
-0.648092
-0.648092
-0.371438
-0.371438
-0.371438
-0.371438
-1.06764
-1.06764
-1.06764
-1.06764
-1.06764
0.131577
0.131577
0.279992
0.279992
0.279992
0.279992
-0.815525
-0.539285
-0.539285
-1.10936
-0.794399
-1.3223
0.884284
0.884284
0.884284
-1.80167
-0.188268
-0.188268
1.52157
0.925158
0.925158
0.925158
0.925158
0.925158
0.925158
1.03194
1.03194
0.601156
0.601156
0.601156
0.601156
0.64257
0.64257
0.64257
0.64257
0.64257
0.64257
0.64257
0.64257
0.64257
0.64257
-0.105316
-0.105316
-0.105316
-0.105316
-0.105316
-0.131602
-0.131602
1.30352
-1.14649
-0.165489
-0.165489
-1.0883
0.411854
-0.210995
0.642623
0.642623
1.35764
0.736822
0.736822
0.736822
0.87691
-0.523003
-0.523003
0.576658
-0.261275
-0.55576
-0.55576
0.784697
0.784697
0.784697
-1.29206
-1.29206
-1.29206
0.926068
0.926068
0.926068
0.926068
0.926068
0.818763
0.818763
0.818763
0.818763
0.0117933
-0.353641
-0.897391
-0.897391
1.12268
0.828681
0.828681
1.29658
1.16172
1.14754
1.121
1.121
1.121
-1.10424
-1.10424
-1.10424
-1.10424
0.847516
0.847516
0.847516
0.847516
-1.12759
0.993071
0.302906
0.302906
-0.540717
-0.540717
-0.476175
-0.476175
0.445245
0.445245
0.445245
0.989229
0.989229
0.989229
0.989229
0.989229
0.989229
1.49146
-1.11414
-1.1349
0.428067
0.428067
0.428067
0.428067
0.428067
0.428067
-0.0568097
-0.348397
-0.348397
1.20127
-1.42043
-1.42043
-0.159447
-0.159447
-0.159447
-0.159447
1.18539
1.18539
1.18539
-0.416675
-0.416675
-0.931953
-1.24136
-1.24136
-0.492802
1.47753
1.33572
0.0110857
-0.0256293
-0.0256293
-0.0256293
-0.0256293
-0.184374
-0.842095
-0.842095
-0.842095
-0.842095
-0.842095
-0.842095
-0.842095
-0.842095
-0.498853
0.0567907
0.0567907
0.0567907
-1.18246
-1.18246
-0.012615
-0.012615
0.12613
1.06459
1.06459
0.270524
-0.896134
0.110677
1.22533
1.22533
-0.499294
-0.499294
0.499208
0.499208
0.499208
0.744891
-0.905351
-0.905351
-0.994487
-0.994487
-0.994487
0.230962
-0.442115
-0.442115
-0.442115
1.72515
1.72515
1.72515
1.72515
-0.846833
-0.952091
-0.277304
-1.42032
-1.42032
-1.42032
0.985972
0.470899
0.470899
-0.752166
-0.752166
-0.752166
-0.752166
-0.752166
-0.752166
0.829841
0.497284
0.497284
0.921424
0.921424
0.921424
0.921424
0.921424
-0.433595
-0.433595
-1.39575
0.314887
0.314887
0.138129
0.138129
-0.99107
-0.99107
0.0141231
-0.675114
0.747295
0.24775
0.676932
0.676932
0.676932
0.676932
0.676932
0.676932
0.676932
0.676932
-0.813683
-0.996114
1.24323
1.24323
-1.17647
0.910528
0.910528
0.910528
-0.224422
2.21718
2.21718
2.43506
2.25251
0.616137
0.947496
0.578681
0.578681
0.583269
-0.380123
-0.851452
0.147754
0.147754
-0.981538
-0.981538
-0.981538
-0.981538
-1.43713
0.922283
-1.03789
0.237534
0.4301
0.782668
0.782668
0.0182136
0.649006
0.649006
0.649006
0.649006
-1.10352
-1.12213
-1.85314
0.021644
0.021644
0.021644
0.021644
-1.24712
-1.24712
-1.24712
-1.24712
-1.07036
0.077133
0.077133
0.0638125
0.0638125
-1.28653
0.735927
1.20635
1.20635
1.20635
1.16674
-0.729511
-0.729511
-0.729511
-0.378674
-1.02878
0.435085
-1.01299
-1.01299
-1.01299
-1.01299
-1.01299
-1.01299
-1.01299
-0.398648
-0.398648
-0.398648
-0.398648
-0.398648
-0.398648
1.47748
0.220482
0.220482
-0.796863
1.09453
-0.158035
-1.20393
1.09258
-1.30639
-1.48957
-1.48957
-1.48957
-1.02429
-1.02429
0.654907
0.108621
-0.999927
0.242544
0.958629
-0.104369
-0.104369
-0.104369
-0.980824
-0.980824
-0.980824
-0.425127
-0.425127
-1.06099
-0.827963
-0.827963
-0.827963
-0.827963
-1.0382
-1.0382
0.836971
0.836971
1.13577
1.13577
1.13577
0.259946
-1.58608
-1.83164
-1.83164
0.712653
-0.189062
0.603533
-1.20412
-1.41907
-1.46301
0.611547
-1.07099
-1.07099
-1.07099
0.0772125
1.18115
-0.590368
-1.22555
1.06076
1.06076
1.06076
1.06076
1.06076
-0.136793
-1.55575
0.141645
0.141645
0.141645
-0.626853
-0.626853
-0.626853
1.32404
-0.0864519
-0.872673
-0.872673
-0.872673
-0.872673
-0.872673
0.366066
0.228554
0.228554
0.228554
0.228554
0.228554
1.03075
-0.634832
-0.634832
-0.634832
-0.634832
-0.375694
0.441173
1.54333
1.54333
1.42353
1.42353
0.788344
-0.247943
-0.247943
-0.247943
-0.247943
-0.247943
0.515163
0.185165
0.185165
0.746925
0.746925
0.746925
0.746925
0.746925
0.746925
-0.247338
-0.419186
-0.419186
-0.723611
-0.396054
-0.396054
-0.396054
0.342039
0.342039
1.21993
1.21993
1.21993
1.21796
1.21796
0.762725
0.762725
-1.75689
0.382954
0.564131
0.564131
1.4313
1.4313
0.685859
-0.17464
0.335363
-0.857035
-0.166147
-0.166147
0.718991
0.718991
0.73519
0.73519
-0.246606
-0.246606
-0.246606
-0.246606
-0.246606
-0.246606
-0.246606
0.744518
-1.3936
-0.705874
-0.705874
-0.705874
-0.705874
-0.705874
0.977779
0.977779
0.977779
-0.719198
-0.719198
-0.719198
-1.3487
-1.3487
-0.662963
-0.662963
-0.662963
0.158675
-1.36541
-1.36541
1.29409
1.29409
-0.293895
-0.293895
-1.16074
0.489017
0.489017
-0.365935
-0.365935
-0.884316
-0.884316
-0.629553
-0.629553
-0.995753
-0.995753
-0.995753
-0.681451
-0.681451
-0.681451
-0.681451
-0.681451
-0.681451
-0.681451
-0.681451
-1.06774
-1.06774
-1.47727
0.861498
0.861498
0.861498
0.861498
-0.158828
-0.810372
-0.810372
-0.810372
0.00851264
1.08562
-0.848773
-0.848773
-0.848773
-0.848773
-0.848773
-0.848773
-0.848773
-0.848773
-0.555199
-0.555199
0.0798527
0.0798527
-0.850906
-0.850906
-0.0161385
1.45242
-0.531583
-0.531583
-0.531583
-0.531583
0.158118
0.158118
0.158118
-1.34514
1.32072
1.32072
1.32072
0.216003
1.46715
1.96778
-0.352886
-0.352886
-0.80064
-1.27353
-1.79354
-1.79354
0.889737
0.889737
0.889737
-0.963618
-0.666462
-0.428758
-0.428758
-0.428758
-0.428758
-0.428758
0.329588
1.55489
-1.12494
0.77131
0.0938723
0.0938723
0.595772
0.595772
0.595772
0.893409
0.893409
1.02177
1.02177
1.02177
0.901824
0.901824
-0.584582
-0.584582
0.512902
0.512902
0.512902
0.512902
-1.72068
-1.60469
-1.60469
-1.60469
0.225354
0.225354
0.503639
-0.7335
-0.7335
-0.7335
-0.7335
-0.7335
1.14322
0.986375
0.433866
0.433866
0.406794
-0.717333
-0.717333
-0.717333
-0.717333
-0.717333
-0.280689
-1.10233
-1.06
-1.06
-0.20598
-1.33582
-0.823643
0.881169
0.644415
0.632188
0.632188
-0.627021
-0.627021
-0.151155
-0.151155
-0.151155
-0.151155
-0.45792
-0.814766
-0.814766
-0.814766
0.509407
0.509407
0.509407
0.509407
0.509407
-1.66378
0.95259
0.735064
0.735064
0.735064
0.735064
0.735064
0.735064
-0.627753
-0.627753
0.86541
0.449769
0.957748
0.390834
0.390834
0.390834
0.390834
0.390834
0.390834
0.390834
0.390834
0.390834
0.390834
-0.222636
-0.935766
-0.343301
-1.28107
-1.28107
-1.28107
-1.28107
0.21096
0.933929
-0.52209
-0.52209
-1.23166
-1.23166
1.1192
1.1192
-0.269322
-0.269322
1.10159
-1.29105
-0.535814
-0.535814
-0.535814
0.501147
-0.866376
-0.866376
0.426695
0.426695
-0.350257
0.272849
0.272849
0.272849
0.182891
0.182891
1.66213
1.66213
1.66213
0.994731
-0.478174
-0.478174
-0.478174
-0.478174
-0.478174
-0.478174
-0.561854
-0.450439
-0.450439
-1.10814
-1.10814
1.43539
0.957513
-0.511253
-0.511253
-0.166412
-1.4065
-1.23228
-1.26981
0.332901
0.332901
0.332901
0.332901
-0.855943
1.70021
1.70021
0.55509
0.55509
0.55509
0.55509
0.383673
0.383673
0.383673
0.383673
0.383673
0.383673
-1.40294
-1.40294
-1.40294
-1.40294
-1.40294
-0.0159271
0.267924
0.267924
0.267924
-1.35789
-1.35789
0.108248
0.108248
-1.16046
0.227222
