-0.333831   0.207125   0.101749
0.47056   0.11587   0.338286
-0.156536   -0.452527   -0.181475
-0.00853955   0.486759   -0.478464
0.206176   0.335494   -0.0101589
0.484476   0.321738   0.313917
-0.226623   -0.492816   -0.369969
0.373309   -0.494752   -0.109744
-0.274386   -0.240998   0.015465
-0.0471055   0.397105   -0.0289522
-0.119322   -0.199259   -0.434765
-0.435774   0.461202   -0.0649745
-0.28311   0.371354   -0.142496
-0.445134   0.256112   -0.120236
-0.444109   -0.31676   0.354662
-0.380678   0.161731   -0.301728
-0.489982   -0.304928   -0.0708923
0.0487978   0.443485   0.143149
-0.0842107   -0.27529   -0.1048
0.156344   -0.0510298   -0.179512
0.473097   0.391706   -0.296836
-0.0471851   -0.161344   -0.249266
-0.453032   -0.107928   -0.149989
0.467119   -0.416684   0.170813
-0.0815549   0.0716276   -0.158852
0.287565   0.464424   0.138058
0.0908921   0.261916   0.126293
-0.0260103   -0.0474717   0.0114067
0.285772   -0.00721703   0.270137
0.347265   -0.0707484   -0.04218
0.406416   -0.162326   0.308377
-0.0313435   -0.368268   -0.337001
0.0433806   0.381123   0.381285
0.0333957   0.172079   -0.302266
0.485991   -0.0153152   0.168282
0.251011   0.34238   0.285842
0.0975552   -0.0666138   0.403183
-0.325734   -0.402432   0.110569
-0.0908826   0.16545   0.0105154
0.245163   0.17241   -0.200964
0.270632   -0.357438   0.2201
0.0921999   -0.42012   0.000594307
-0.206417   -0.355799   0.256063
0.193222   0.44792   -0.375851
-0.444467   0.0481884   -0.0235479
0.274035   -0.340797   -0.0299673
-0.193661   0.118801   -0.392584
0.219947   0.057639   0.0623762
-0.391252   0.399691   0.184876
0.0291648   0.11295   0.470104
0.347144   -0.103989   -0.302549
0.264475   -0.342654   -0.378947
0.0690782   0.235945   -0.0986664
-0.117436   0.284195   0.186067
0.385672   0.199765   -0.418565
-0.435207   -0.0681237   0.350396
0.469242   0.304303   0.0809653
0.40815   0.138489   0.000671247
0.333372   0.184096   0.197376
-0.279948   0.327567   -0.412941
-0.171836   0.410822   0.42406
0.208878   0.0586969   -0.368906
-0.0306464   0.416283   -0.259471
-0.367271   -0.279458   -0.430089
-0.0136321   -0.0300894   -0.409485
-0.218751   -0.0635914   -0.309323
-0.119089   0.464933   0.238327
-0.0754299   -0.144731   0.358951
0.149962   0.485397   -0.173778
-0.32617   0.164918   0.466808
0.115614   0.111077   0.274207
0.221895   -0.21774   0.368217
-0.234761   0.0213197   0.331473
0.255101   0.165478   0.407272
-0.404533   -0.436   -0.247492
-0.185174   -0.377499   0.474716
0.101768   -0.103305   0.193261
0.0786196   -0.312743   0.221285
0.304143   0.352731   -0.218979
0.353049   -0.183941   0.121261
0.0330482   -0.337511   0.447541
-0.309015   -0.0352642   -0.480456
-0.240984   -0.0228187   -0.063784
0.46657   -0.264046   -0.276141
0.179929   -0.175835   -0.412385
-0.102402   -0.387942   0.0740593
0.150292   -0.185369   0.000274201
0.136443   0.267081   -0.463328
0.127452   -0.304027   -0.205931
0.385995   -0.399345   0.366758
-0.274796   -0.181169   0.37417
-0.0797962   0.0635533   0.197299
-0.103551   0.232234   0.379837
0.479759   -0.417061   -0.412434
0.433353   0.0987129   -0.181908
0.331761   -0.0234196   0.464581
-0.463652   0.308498   -0.481138
-0.231556   0.416639   0.0574163
-0.452528   -0.21183   0.141158
-0.386796   0.489268   0.428519
0.39454   -0.197329   -0.480523
-0.488512   -0.0011972   -0.376748
-0.105381   -0.210565   0.166689
0.347288   0.410602   -0.495867
-0.0540762   0.286085   -0.430351
-0.300894   -0.2341   -0.222911
0.204877   -0.456538   0.398229
-0.313155   -0.00668051   0.148959
