0.000000e+00  0.000000e+00  0.000000e+00
2.564964e-02  0.000000e+00  0.000000e+00
5.129928e-02  0.000000e+00  0.000000e+00
7.694892e-02  0.000000e+00  0.000000e+00
1.025986e-01  0.000000e+00  0.000000e+00
1.282482e-01  0.000000e+00  0.000000e+00
1.538978e-01  0.000000e+00  0.000000e+00
1.795475e-01  0.000000e+00  0.000000e+00
2.051971e-01  0.000000e+00  0.000000e+00
2.308468e-01  0.000000e+00  0.000000e+00
2.564964e-01  0.000000e+00  0.000000e+00
2.821460e-01  0.000000e+00  0.000000e+00
3.077957e-01  0.000000e+00  0.000000e+00
3.334453e-01  0.000000e+00  0.000000e+00
3.590949e-01  0.000000e+00  0.000000e+00
3.847446e-01  0.000000e+00  0.000000e+00
4.103942e-01  0.000000e+00  0.000000e+00
4.360439e-01  0.000000e+00  0.000000e+00
4.616935e-01  0.000000e+00  0.000000e+00
4.873431e-01  0.000000e+00  0.000000e+00
5.129928e-01  0.000000e+00  0.000000e+00
5.386424e-01  0.000000e+00  0.000000e+00
5.642921e-01  0.000000e+00  0.000000e+00
5.899417e-01  0.000000e+00  0.000000e+00
6.155913e-01  0.000000e+00  0.000000e+00
6.412410e-01  0.000000e+00  0.000000e+00
6.668906e-01  0.000000e+00  0.000000e+00
6.925403e-01  0.000000e+00  0.000000e+00
7.181899e-01  0.000000e+00  0.000000e+00
7.438395e-01  0.000000e+00  0.000000e+00
7.694892e-01  0.000000e+00  0.000000e+00
7.951388e-01  0.000000e+00  0.000000e+00
8.207885e-01  0.000000e+00  0.000000e+00
8.464381e-01  1.069876e-05  5.847955e-06
8.720877e-01  1.353569e-03  5.956198e-05
8.977374e-01  2.409021e-02  2.353716e-04
9.233870e-01  1.649277e-01  7.701971e-04
9.490367e-01  5.635865e-01  1.829632e-03
9.746863e-01  1.202306e+00  2.587256e-03
1.000336e+00  1.860790e+00  3.021038e-03
1.025986e+00  2.333492e+00  2.553198e-03
1.051635e+00  2.552698e+00  2.033447e-03
1.077285e+00  2.550108e+00  1.986415e-03
1.102934e+00  2.410899e+00  2.109242e-03
1.128584e+00  2.199273e+00  2.039460e-03
1.154234e+00  1.974619e+00  2.362429e-03
1.179883e+00  1.755951e+00  2.046127e-03
1.205533e+00  1.560920e+00  1.843029e-03
1.231183e+00  1.389984e+00  1.889322e-03
1.256832e+00  1.245293e+00  1.665170e-03
1.282482e+00  1.122688e+00  1.405342e-03
1.308132e+00  1.023523e+00  1.269228e-03
1.333781e+00  9.396256e-01  1.349262e-03
1.359431e+00  8.733198e-01  1.266803e-03
1.385081e+00  8.161272e-01  1.143517e-03
1.410730e+00  7.717951e-01  9.807109e-04
1.436380e+00  7.378905e-01  9.004129e-04
1.462029e+00  7.111134e-01  9.259859e-04
1.487679e+00  6.911641e-01  9.741843e-04
1.513329e+00  6.789949e-01  8.605291e-04
1.538978e+00  6.726737e-01  1.028753e-03
1.564628e+00  6.709785e-01  1.015629e-03
1.590278e+00  6.755793e-01  9.693774e-04
1.615927e+00  6.869886e-01  8.670425e-04
1.641577e+00  7.026508e-01  9.443607e-04
1.667227e+00  7.236049e-01  1.011014e-03
1.692876e+00  7.507385e-01  1.009127e-03
1.718526e+00  7.806887e-01  1.026251e-03
1.744175e+00  8.145381e-01  1.069711e-03
1.769825e+00  8.519400e-01  9.902860e-04
1.795475e+00  8.930306e-01  1.034033e-03
1.821124e+00  9.344426e-01  1.019207e-03
1.846774e+00  9.771634e-01  1.000700e-03
1.872424e+00  1.016267e+00  1.013374e-03
1.898073e+00  1.057949e+00  1.025774e-03
1.923723e+00  1.095601e+00  9.378619e-04
1.949373e+00  1.129722e+00  9.278927e-04
1.975022e+00  1.161453e+00  9.476244e-04
2.000672e+00  1.184966e+00  9.065985e-04
2.026321e+00  1.203422e+00  8.063256e-04
2.051971e+00  1.213709e+00  7.941210e-04
2.077621e+00  1.216736e+00  9.250255e-04
2.103270e+00  1.209721e+00  9.901164e-04
2.128920e+00  1.195024e+00  9.746559e-04
2.154570e+00  1.176284e+00  1.062679e-03
2.180219e+00  1.151400e+00  1.046802e-03
2.205869e+00  1.125161e+00  1.023346e-03
2.231519e+00  1.096136e+00  1.050905e-03
2.257168e+00  1.067702e+00  9.078025e-04
2.282818e+00  1.039594e+00  9.226387e-04
2.308468e+00  1.012501e+00  9.437671e-04
2.334117e+00  9.875396e-01  7.206240e-04
2.359767e+00  9.665491e-01  7.466399e-04
2.385416e+00  9.470871e-01  7.120107e-04
2.411066e+00  9.305607e-01  7.374389e-04
2.436716e+00  9.186580e-01  8.145853e-04
2.462365e+00  9.084465e-01  7.461538e-04
2.488015e+00  8.941450e-01  8.003748e-04
2.513665e+00  8.853765e-01  8.806994e-04
2.539314e+00  8.851125e-01  8.732605e-04
