           1     1.30132     1.30132           0
           2     1.24759     1.27446   0.0268626
           3     1.34262     1.29718   0.0275087
           4     1.34466     1.30905   0.0227881
           5     1.45524     1.33829   0.0341541
           6     1.28932     1.33013   0.0290563
           7     1.38225     1.33757   0.0256612
           8     1.37351     1.34206   0.0226726
           9     1.40084      1.3486   0.0210349
          10     1.50566      1.3643   0.0245086
          11     1.32865     1.36106   0.0224044
          12     1.48473     1.37137   0.0229021
          13     1.46269     1.37839   0.0222071
          14     1.34819     1.37623   0.0206727
          15     1.25026     1.36784   0.0209979
          16     1.38147     1.36869   0.0196602
          17     1.44555     1.37321    0.019013
          18     1.33693     1.37119   0.0180385
          19     1.36043     1.37063   0.0170722
          20     1.30643     1.36742    0.016511
          21     1.52518     1.37493   0.0174094
          22     1.27118     1.37021   0.0172561
          23     1.33398     1.36864   0.0165639
          24     1.39435     1.36971   0.0158948
          25     1.38566     1.37035   0.0152591
          26     1.23966     1.36532   0.0154982
          27     1.47182     1.36927    0.015426
          28     1.25171     1.36507   0.0154464
          29     1.37866     1.36554   0.0149116
          30     1.28723     1.36293   0.0146405
          31     1.40171     1.36418   0.0142156
          32     1.32425     1.36293   0.0138206
          33     1.33026     1.36194   0.0134318
          34     1.36464     1.36202    0.013031
          35     1.49114     1.36571     0.01318
          36     1.50395     1.36955   0.0133719
          37     1.39847     1.37033    0.013029
          38      1.3809     1.37061   0.0126845
          39     1.22399     1.36685   0.0129143
          40     1.37158     1.36697   0.0125878
          41     1.30107     1.36536   0.0123817
          42     1.37702     1.36564   0.0120865
          43     1.56068     1.37017   0.0126437
          44     1.31174     1.36884   0.0124242
          45     1.60773     1.37415   0.0132545
          46     1.31337     1.37283   0.0130303
          47     1.48815     1.37529    0.012984
          48     1.59141     1.37979   0.0134846
          49     1.36221     1.37943   0.0132114
          50     1.48894     1.38162   0.0131285
          51     1.31267     1.38027   0.0129393
          52     1.49644      1.3825   0.0128832
          53     1.35016     1.38189   0.0126525
          54     1.47375     1.38359    0.012532
          55     1.39019     1.38371   0.0123026
          56     1.46079     1.38509   0.0121591
          57     1.31126     1.38379   0.0120139
          58     1.36995     1.38356   0.0118073
          59     1.41773     1.38413   0.0116199
          60     1.48517     1.38582   0.0115481
          61     1.49165     1.38755   0.0114889
          62      1.3104     1.38631   0.0113704
          63       1.545     1.38883   0.0114685
          64     1.33196     1.38794   0.0113228
          65     1.41274     1.38832   0.0111538
          66     1.20433     1.38553   0.0113318
          67     1.51746      1.3875   0.0113337
          68     1.43641     1.38822   0.0111889
          69     1.44499     1.38904   0.0110562
          70     1.45961     1.39005   0.0109437
          71     1.33327     1.38925    0.010818
          72     1.57628     1.39185   0.0109785
          73     1.33796     1.39111   0.0108522
          74     1.42832     1.39161   0.0107163
          75     1.45387     1.39244    0.010605
          76     1.47777     1.39357   0.0105246
          77     1.40493     1.39371   0.0103881
          78     1.37325     1.39345   0.0102574
          79     1.24497     1.39157   0.0102996
          80     1.43582     1.39213   0.0101851
          81     1.27873     1.39073   0.0101555
          82     1.61666     1.39348   0.0104025
          83     1.40317      1.3936    0.010277
          84     1.39697     1.39364    0.010154
          85     1.56681     1.39568   0.0102386
          86     1.40883     1.39583     0.01012
          87     1.49022     1.39691   0.0100617
          88     1.48781     1.39795   0.0100002
          89     1.45488     1.39859  0.00990785
          90     1.36421      1.3982  0.00980458
          91     1.44995     1.39877   0.0097129
          92     1.33607     1.39809   0.0096309
          93     1.43147     1.39845  0.00953354
          94     1.34528     1.39788  0.00944852
          95     1.35355     1.39742  0.00936017
          96     1.25837     1.39597  0.00937472
          97     1.26394     1.39461  0.00937688
          98     1.27856     1.39342  0.00935596
          99     1.38311     1.39332  0.00926155
         100     1.37057     1.39309  0.00917129
