-0.310086   -0.443219   0.183684   -0.310124   -0.44319   0.183635
0.186099   -0.283305   0.0434768   0.186024   -0.283341   0.0434551
-0.230139   0.150373   0.272329   -0.230101   0.1504   0.272303
0.44817   -0.199728   -0.484644   0.448185   -0.199697   -0.484619
0.486269   0.00274257   -0.198245   0.486319   0.00272483   -0.198234
0.236778   0.0745947   0.0234659   0.236819   0.074527   0.0234421
0.0375418   -0.146176   -0.277667   0.0375552   -0.146196   -0.277674
-0.251096   -0.0206555   -0.0810528   -0.251102   -0.0206883   -0.0810239
0.229503   -0.295393   -0.353635   0.229517   -0.295418   -0.353616
-0.143768   0.0966083   0.0712632   -0.143747   0.0965271   0.0712319
0.464838   0.0055391   0.340702   0.464839   0.00552939   0.340722
-0.0390911   0.196964   0.259954   -0.0390739   0.196954   0.259933
-0.127984   0.0884594   -0.256489   -0.12792   0.0884881   -0.256469
0.00530002   -0.167422   -0.365734   0.00540274   -0.16745   -0.365711
0.269311   0.186233   -0.385473   0.26931   0.18624   -0.385498
0.349178   0.225545   -0.442558   0.349182   0.225633   -0.442529
-0.0625839   -0.0263085   0.28798   -0.0625051   -0.0262548   0.287959
0.279209   -0.127209   -0.297469   0.279136   -0.127302   -0.29744
-0.146335   -0.48586   -0.199178   -0.146319   -0.485928   -0.199191
0.340871   0.37366   -0.299382   0.340898   0.373709   -0.299378
-0.417313   0.26939   0.187273   -0.417235   0.26943   0.187261
0.329249   -0.310732   0.096946   0.32927   -0.310726   0.0969726
0.113171   0.000348061   0.0393265   0.113132   0.000430006   0.0392808
-0.110996   -0.294349   0.391527   -0.111011   -0.294403   0.391501
-0.156349   -0.190751   -0.425886   -0.156364   -0.190692   -0.425864
0.390222   -0.0130833   0.379904   0.390148   -0.0131149   0.37986
-0.00449945   0.402296   -0.110553   -0.00450764   0.402258   -0.110527
0.116562   -0.11866   0.40278   0.116547   -0.118681   0.402809
-0.328493   -0.365507   0.41638   -0.328546   -0.36554   0.416351
-0.497685   -0.292764   0.123576   -0.497744   -0.292754   0.123507
-0.30851   -0.318414   0.0327084   -0.308538   -0.3184   0.0326262
0.183642   0.495197   -0.163723   0.183685   0.495205   -0.16377
0.22038   -0.48923   -0.4596   0.220379   -0.489152   -0.459637
0.37728   0.273146   0.254102   0.377304   0.273138   0.254135
-0.348469   0.0955346   0.217582   -0.348505   0.0955486   0.217527
0.403783   0.148084   -0.224271   0.40376   0.148168   -0.224305
0.115263   0.111203   0.158434   0.11519   0.111216   0.158394
-0.328643   0.058778   -0.277549   -0.328691   0.0587791   -0.277516
-0.309076   -0.110232   0.441236   -0.30907   -0.110224   0.441293
0.110905   0.431464   -0.271832   0.110862   0.431465   -0.271784
-0.373534   0.482546   -0.139185   -0.373527   0.482609   -0.139132
-0.440974   0.197057   -0.132921   -0.440969   0.197088   -0.132956
-0.332328   0.147868   -0.467002   -0.332319   0.147874   -0.467009
-0.370437   -0.260158   -0.0822926   -0.370457   -0.26022   -0.0823075
-0.196199   0.196268   0.209253   -0.196225   0.196326   0.209266
-0.388864   -0.080585   -0.292825   -0.388946   -0.0805872   -0.2928
0.281055   0.385962   0.318314   0.280986   0.385926   0.318295
0.142593   0.047868   0.106062   0.14261   0.0478292   0.106051
0.0851462   0.0972873   0.383711   0.0851347   0.0974095   0.383739
-0.122475   -0.236495   0.0664527   -0.122514   -0.236439   0.0664682
0.336532   -0.0289153   0.176157   0.336595   -0.0289128   0.176148
-0.0417091   0.0399835   -0.0562735   -0.041678   0.0400072   -0.0562972
-0.234142   -0.238657   -0.37588   -0.234103   -0.238683   -0.375889
-0.369581   -0.17694   -0.45087   -0.369563   -0.176959   -0.450927
-0.479009   -0.131463   -0.496613   -0.479031   -0.131479   -0.496656
0.0590086   -0.257075   -0.150896   0.0590494   -0.257039   -0.150871
0.0386928   0.343139   -0.197531   0.0387279   0.343103   -0.197574
0.390004   0.08961   0.48685   0.390089   0.0896179   0.486841
0.0525976   0.0897988   0.307303   0.0524869   0.0898548   0.30728
0.242997   -0.328089   -0.185763   0.242892   -0.328142   -0.185764
0.134744   -0.18421   0.155864   0.134775   -0.184224   0.155802
0.386001   -0.225355   -0.238126   0.386036   -0.225396   -0.238155
0.31209   0.234333   0.169589   0.312049   0.234309   0.169613
0.29687   0.15475   0.0389608   0.296889   0.154746   0.0389247
-0.464951   0.216308   -0.205575   -0.464998   0.216329   -0.205606
-0.460729   0.10611   0.000187648   -0.460671   0.106102   0.000156264
-0.0345402   0.321668   0.348074   -0.0345765   0.321672   0.348085
-0.228945   0.0598673   0.0496801   -0.228911   0.05987   0.0496417
-0.407951   0.0112206   -0.275097   -0.407934   0.0111498   -0.275101
0.40847   0.231251   -0.036883   0.408506   0.231255   -0.0368411
-0.0291421   0.251464   0.414439   -0.0291554   0.251508   0.414546
0.00787178   0.0908073   0.184759   0.00790618   0.0907884   0.184746
-0.203555   -0.0842646   -0.436385   -0.203568   -0.0842743   -0.436435
0.478222   0.0762503   -0.0807736   0.47824   0.0762539   -0.0807586
-0.230941   0.264598   0.457772   -0.230909   0.264604   0.457781
-0.0969909   0.415404   -0.0854661   -0.0969396   0.41537   -0.0853949
-0.0682811   -0.16244   -0.196607   -0.0683014   -0.162392   -0.196567
-0.439618   0.168651   -0.0512888   -0.439608   0.168585   -0.0512741
-0.0271498   0.0307967   -0.37571   -0.0271431   0.0308028   -0.375703
-0.271808   -0.309299   0.486651   -0.271824   -0.309251   0.486692
0.24103   0.443332   -0.120475   0.240933   0.44332   -0.120487
0.415631   -0.457241   -0.102325   0.415587   -0.45727   -0.102237
0.339194   0.283558   -0.278279   0.339247   0.283581   -0.27821
-0.364662   0.0610049   0.0868929   -0.364623   0.0609542   0.0868887
-0.197814   -0.25542   0.02991   -0.197811   -0.255423   0.0298936
0.056771   0.183127   0.309178   0.0567104   0.183093   0.309207
-0.452879   0.119076   0.109791   -0.45287   0.119083   0.109862
0.421253   0.405696   -0.392681   0.421296   0.405702   -0.392629
0.282044   -0.364124   0.207183   0.282103   -0.364087   0.207123
0.343483   0.431997   0.274144   0.343478   0.432037   0.274209
0.358654   0.246833   0.0493173   0.358635   0.246875   0.0493297
0.155803   0.0168847   0.177616   0.155851   0.0168845   0.177584
-0.299847   -0.134767   0.362039   -0.299901   -0.134807   0.362048
0.237689   0.124863   0.154048   0.237706   0.124864   0.154052
-0.418267   -0.186887   0.0458628   -0.418261   -0.18687   0.0457914
-0.153485   -0.164871   0.135989   -0.153502   -0.16485   0.136055
-0.0477507   -0.118582   0.054517   -0.0477376   -0.118574   0.0544945
-0.494451   -0.205906   0.00396428   -0.494451   -0.205924   0.00396525
0.0369692   0.0555947   0.0434425   0.0370291   0.0556314   0.0435012
-0.102805   -0.380674   0.380829   -0.102827   -0.380695   0.380803
0.14204   -0.206913   -0.123053   0.142034   -0.206921   -0.123063
-0.4733   0.410818   -0.333365   -0.473312   0.410835   -0.333344
0.221069   0.424939   0.0417152   0.221116   0.424985   0.0416921
-0.0668112   -0.0670175   -0.316498   -0.0668073   -0.0671287   -0.316395
-0.0485024   -0.454104   -0.013135   -0.0485509   -0.45418   -0.0131049
-0.241212   0.0636071   -0.0813044   -0.24113   0.0635848   -0.0812964
-0.324072   0.118843   -0.0193234   -0.324111   0.118842   -0.0193911
0.0895834   0.139075   0.480985   0.0895128   0.139069   0.480976
