-0.482599   -0.458073   -0.46606   -0.482598   -0.458045   -0.46604
-0.28968   -0.285439   -0.477582   -0.289687   -0.285421   -0.47758
-0.476783   -0.302264   -0.298116   -0.476794   -0.302262   -0.29814
-0.302692   -0.481361   -0.287571   -0.302679   -0.481355   -0.287574
-0.14698   -0.457113   -0.454973   -0.146986   -0.457116   -0.454986
0.0322009   -0.289596   -0.441706   0.0321863   -0.289603   -0.441719
-0.151103   -0.29766   -0.282337   -0.151102   -0.297673   -0.282329
0.0359453   -0.456727   -0.317919   0.0359491   -0.456724   -0.317919
0.216512   -0.444356   -0.458985   0.216513   -0.444349   -0.458996
0.372339   -0.288866   -0.47682   0.372327   -0.288868   -0.47683
0.210288   -0.29616   -0.306451   0.210279   -0.296154   -0.306469
0.36325   -0.46444   -0.281684   0.363249   -0.464444   -0.281681
-0.465619   -0.117836   -0.491227   -0.465635   -0.11783   -0.491217
-0.297886   0.0264775   -0.445263   -0.297883   0.0264733   -0.445256
-0.466323   0.0572467   -0.271386   -0.466331   0.0572445   -0.271379
-0.299872   -0.130169   -0.301928   -0.299883   -0.130185   -0.301927
-0.115089   -0.120097   -0.454406   -0.115089   -0.120081   -0.454404
0.0391688   0.0358845   -0.458563   0.0391534   0.0358849   -0.45856
-0.147258   0.0276635   -0.275595   -0.147274   0.0276722   -0.275606
0.0458643   -0.109964   -0.290692   0.0458778   -0.109963   -0.290684
0.189677   -0.143406   -0.470185   0.189678   -0.143407   -0.470176
0.381874   0.034886   -0.474813   0.381866   0.0348795   -0.474811
0.232846   0.0336138   -0.292548   0.232849   0.0336123   -0.292566
0.377908   -0.133872   -0.297152   0.377919   -0.133882   -0.297144
-0.455999   0.201223   -0.455142   -0.455995   0.201228   -0.455125
-0.286029   0.368346   -0.462061   -0.286032   0.368352   -0.462043
-0.466832   0.358866   -0.298459   -0.466845   0.358861   -0.298469
-0.291305   0.208143   -0.274696   -0.2913   0.208153   -0.274689
-0.132031   0.18726   -0.448927   -0.132047   0.187247   -0.448927
0.0317389   0.366851   -0.448218   0.0317478   0.366839   -0.448235
-0.139621   0.366734   -0.299341   -0.139622   0.366725   -0.29935
0.0363036   0.20178   -0.283655   0.036285   0.201776   -0.283664
0.211979   0.199459   -0.459581   0.21198   0.19947   -0.459584
0.38808   0.361288   -0.489067   0.388086   0.361273   -0.489063
0.218199   0.358937   -0.306647   0.218197   0.358943   -0.30664
0.365291   0.200279   -0.303757   0.365303   0.200276   -0.303779
-0.476881   -0.458321   -0.128203   -0.476899   -0.458322   -0.128198
-0.307897   -0.290431   -0.132342   -0.307908   -0.290424   -0.132314
-0.483029   -0.279308   0.0252149   -0.483038   -0.279309   0.0252086
-0.29951   -0.465796   0.0402784   -0.299513   -0.465808   0.0402793
-0.102002   -0.489697   -0.139165   -0.102009   -0.489699   -0.139164
0.0473969   -0.318104   -0.144248   0.0473946   -0.318096   -0.144246
-0.141064   -0.309247   0.0409556   -0.14107   -0.309234   0.0409466
0.0380063   -0.460464   0.0445736   0.0380146   -0.460458   0.0445705
0.205393   -0.459587   -0.130021   0.20538   -0.459593   -0.130023
0.362926   -0.284347   -0.140724   0.36292   -0.284347   -0.140747
0.189091   -0.290511   0.015609   0.189082   -0.290521   0.0156172
0.364853   -0.483626   0.0309696   0.364849   -0.483625   0.0309472
-0.475635   -0.141055   -0.144415   -0.475653   -0.141045   -0.144415
-0.299159   0.0324426   -0.119936   -0.299144   0.0324323   -0.119932
-0.468678   0.0389555   0.0334403   -0.468666   0.0389597   0.0334457
-0.30563   -0.136543   0.0269981   -0.305626   -0.136541   0.0269988
-0.140784   -0.13478   -0.116857   -0.14077   -0.134791   -0.11686
0.0435525   0.0393165   -0.127522   0.0435512   0.0393331   -0.127522
-0.125291   0.0305186   0.0196355   -0.125284   0.0305237   0.0196312
0.0320432   -0.140013   0.0178989   0.0320403   -0.140006   0.0178902
0.217347   -0.121123   -0.14173   0.217346   -0.121129   -0.141714
0.378122   0.0363816   -0.122578   0.378122   0.0363823   -0.122569
0.198946   0.0336083   0.0378638   0.198938   0.0336199   0.0378691
0.353962   -0.128876   0.0452211   0.35397   -0.128876   0.0452097
-0.456712   0.216103   -0.110872   -0.456694   0.216096   -0.110871
-0.307391   0.387472   -0.125976   -0.307387   0.387462   -0.125976
-0.467005   0.37986   0.0275703   -0.467009   0.379847   0.0275709
-0.279744   0.200504   0.0393763   -0.279739   0.200505   0.0393682
-0.121219   0.20831   -0.131372   -0.121221   0.208304   -0.131372
0.0592029   0.374286   -0.146528   0.0592033   0.374289   -0.14651
-0.130501   0.374874   0.0285241   -0.130487   0.374865   0.0285156
0.00765454   0.208038   0.027554   0.00765709   0.208037   0.0275492
0.20168   0.203037   -0.134194   0.20168   0.203018   -0.134211
0.367768   0.368823   -0.139577   0.367768   0.36884   -0.139578
0.199903   0.362419   0.0197593   0.199905   0.362416   0.0197551
0.355666   0.211362   0.0637086   0.355669   0.211352   0.0637277
-0.467769   -0.461449   0.203989   -0.467773   -0.461445   0.203985
-0.297898   -0.305296   0.206026   -0.297878   -0.305308   0.206019
-0.466964   -0.295381   0.368726   -0.466959   -0.295369   0.36871
-0.314367   -0.472866   0.391402   -0.314377   -0.472855   0.391399
-0.115878   -0.465362   0.214884   -0.115868   -0.465362   0.214884
0.0382374   -0.307925   0.193824   0.0382471   -0.307934   0.193823
-0.11502   -0.292554   0.367047   -0.11503   -0.292554   0.36705
0.0294764   -0.458295   0.402616   0.0294631   -0.458287   0.402611
0.212325   0.496734   0.184983   0.212334   0.496745   0.184988
0.331469   -0.316592   0.187831   0.331475   -0.316587   0.187825
0.186816   -0.306999   0.374247   0.186819   -0.307004   0.374243
0.346892   -0.452202   0.366369   0.346878   -0.452202   0.366361
-0.479623   -0.141235   0.193284   -0.479618   -0.141231   0.193292
-0.293441   0.0405368   0.193408   -0.293432   0.0405234   0.193408
-0.462179   0.0313601   0.347949   -0.46219   0.031353   0.347949
-0.293808   -0.127266   0.349434   -0.29381   -0.127257   0.349421
-0.131398   -0.148196   0.182723   -0.131417   -0.148182   0.182719
0.0265922   0.0158816   0.191499   0.0265919   0.0158776   0.191519
-0.136788   0.0374046   0.368197   -0.136774   0.0374167   0.368217
0.0455091   -0.118058   0.357913   0.045523   -0.118071   0.357927
0.19179   -0.131844   0.208255   0.191799   -0.131848   0.208264
0.366598   0.0375901   0.20099   0.366603   0.0375886   0.200994
0.201108   0.0400932   0.377084   0.201112   0.0401073   0.377088
0.350844   -0.149599   0.347636   0.350841   -0.149598   0.347646
-0.456909   0.20255   0.178885   -0.45689   0.202555   0.178884
-0.31777   0.365558   0.191369   -0.317778   0.365549   0.191361
-0.454122   0.350173   0.368745   -0.454112   0.35019   0.368746
-0.300025   0.182782   0.367999   -0.300022   0.18277   0.367999
-0.138451   0.204808   0.193098   -0.138443   0.204797   0.193099
0.0487283   0.362747   0.180698   0.0487253   0.36276   0.180703
-0.112315   0.376763   0.379714   -0.11231   0.376748   0.379707
0.0341019   0.207326   0.372267   0.0341088   0.207323   0.372261
0.187361   0.172115   0.196626   0.187388   0.172113   0.196631
0.397936   0.376152   0.217213   0.397937   0.376154   0.217218
0.1912   0.368436   0.375984   0.191199   0.368428   0.376009
0.356436   0.209937   0.351546   0.356446   0.209948   0.351556
