1 1 10 7 23 19 17 13 9 5 27 22 18 12 26 3 14 16 29 2 20 31 15 25 11 24 21 32 4 8 28 6 30
2 1 10 7 23 19 27 13 9 5 17 22 18 12 26 3 14 16 29 2 28 8 25 24 11 15 21 30 32 6 4 20 31
3 1 24 10 11 5 17 29 7 23 19 13 27 9 22 18 12 26 3 14 16 2 20 31 15 25 8 6 28 21 32 4 30
4 1 24 10 11 5 17 29 7 23 19 13 27 9 22 18 12 26 3 14 16 2 20 31 15 25 8 6 28 21 32 30 4
5 1 24 10 11 5 17 6 9 22 7 23 19 13 27 18 12 26 3 14 16 29 2 20 31 15 25 28 8 21 30 32 4
6 1 24 10 11 5 17 6 9 22 7 23 19 13 27 18 12 26 3 14 16 29 25 2 20 31 15 8 28 21 30 32 4
7 1 24 10 11 5 17 6 9 22 7 23 29 19 13 27 16 12 26 3 14 18 2 20 31 15 25 28 8 21 30 32 4
8 1 24 10 11 5 17 6 9 22 7 23 19 13 27 2 25 29 16 14 3 26 12 18 20 31 15 28 8 21 30 32 4
9 1 24 10 11 5 17 6 9 22 7 23 19 13 27 2 25 29 16 14 3 26 12 18 20 31 15 8 28 21 30 32 4
10 1 10 24 11 6 5 17 9 22 7 23 19 13 27 2 25 29 16 14 3 26 12 18 20 31 15 28 8 21 30 32 4
11 1 10 24 11 6 5 17 9 22 7 23 19 13 27 2 25 29 16 14 3 26 12 18 20 31 15 8 28 21 30 32 4
12 1 10 24 11 6 5 17 9 22 7 23 19 25 29 27 2 20 31 15 26 13 16 14 18 12 3 28 8 21 30 32 4
13 1 10 24 11 6 5 17 9 22 25 29 19 13 27 2 7 23 20 31 15 26 16 14 18 12 3 28 8 21 30 32 4
14 1 10 24 11 6 5 17 9 22 25 29 19 13 27 2 7 23 20 31 15 26 16 14 18 12 3 28 8 21 30 32 4
15 1 10 24 11 6 5 17 9 22 18 12 3 28 8 2 7 23 20 31 15 26 16 14 25 29 19 13 27 21 30 32 4
16 1 10 24 11 6 5 17 9 22 25 29 19 13 27 2 7 23 20 31 15 18 12 3 28 8 26 16 14 21 30 32 4
17 1 10 24 11 6 5 17 9 22 25 29 19 13 27 2 7 23 20 31 15 18 12 3 28 8 26 16 14 21 30 32 4
18 1 10 24 11 6 5 17 9 22 25 29 19 13 27 2 7 23 20 31 15 18 12 3 28 8 26 16 14 21 30 32 4
19 1 10 24 11 6 5 27 13 19 29 25 22 9 17 2 7 23 20 31 15 18 12 3 28 8 26 16 14 21 30 32 4
20 1 10 24 11 6 5 27 13 19 29 25 22 9 17 2 7 23 20 31 15 18 12 3 28 8 26 16 14 21 30 32 4
21 1 10 24 11 6 5 27 13 19 29 25 17 9 22 2 7 23 20 31 15 18 12 3 28 8 26 16 14 21 30 32 4
22 1 10 24 11 6 5 27 13 19 29 25 17 9 22 2 7 23 20 31 15 18 12 3 28 8 26 16 14 21 30 32 4
23 1 10 24 11 6 25 5 27 13 19 29 17 9 22 2 7 23 20 31 15 18 12 3 28 8 26 16 14 21 30 32 4
24 1 10 24 11 6 25 5 27 13 19 29 17 9 22 2 7 23 20 31 15 18 12 3 28 8 26 16 14 21 30 32 4
25 1 10 24 11 6 25 5 27 13 19 29 17 9 22 2 7 23 20 31 15 18 12 3 28 8 26 16 14 21 30 32 4
26 1 10 24 11 6 25 5 27 13 19 29 17 9 22 2 7 23 20 31 15 18 12 3 28 8 26 16 14 21 30 32 4
27 1 10 24 11 6 25 5 27 13 19 29 17 9 22 2 7 23 20 31 15 18 12 3 28 8 26 16 14 21 30 32 4
28 1 10 24 11 6 25 5 27 13 19 29 17 16 22 2 7 23 20 31 15 18 12 3 28 8 26 9 14 21 30 32 4
29 1 10 24 11 6 25 5 27 13 19 29 17 16 22 2 7 23 20 31 15 18 12 3 28 8 26 9 14 21 30 32 4
30 1 10 24 11 6 25 5 27 13 19 29 17 16 22 2 7 23 20 31 15 18 12 3 28 8 26 9 14 21 30 32 4
31 1 10 24 11 6 25 5 27 13 19 29 17 16 22 2 7 23 20 31 15 18 12 3 28 8 26 9 14 21 30 32 4
32 1 10 24 11 6 25 5 27 13 19 29 17 16 22 2 30 23 20 31 15 18 12 3 28 8 26 9 14 21 7 32 4
33 1 10 24 11 6 25 5 27 13 19 29 17 16 22 2 30 23 20 31 15 18 12 3 28 8 26 9 14 21 7 32 4
34 1 10 24 11 6 25 5 27 13 19 29 17 16 22 2 30 7 23 20 31 15 18 12 3 28 8 26 9 14 21 32 4
35 1 10 24 11 6 25 5 27 13 19 29 17 16 22 2 30 7 23 20 31 15 18 12 3 28 8 26 9 14 21 32 4
36 1 10 24 11 6 25 5 27 13 19 29 17 16 22 2 30 7 23 20 31 15 18 12 3 28 8 26 9 14 21 32 4
37 1 10 24 11 6 25 5 13 27 19 29 17 16 22 2 30 23 20 31 15 18 12 3 28 8 26 9 14 21 7 32 4
38 1 10 24 11 6 25 5 13 27 19 29 17 16 22 2 30 7 23 20 31 15 18 12 3 28 8 26 9 14 21 32 4
39 1 10 24 11 6 25 5 13 27 19 29 17 16 22 2 30 7 23 20 31 15 18 12 3 28 8 26 9 14 21 32 4
40 1 10 24 11 6 25 5 13 27 19 29 17 16 22 2 30 7 23 20 31 15 18 12 3 28 8 26 9 14 21 32 4
41 1 10 24 11 6 25 5 13 27 19 29 17 16 22 2 30 7 23 20 31 15 18 12 3 28 8 26 9 14 21 32 4
42 1 10 24 11 28 25 5 13 27 19 29 17 16 22 2 30 7 23 20 31 15 18 12 3 6 8 26 9 14 21 32 4
43 1 10 24 11 28 6 25 5 13 27 19 29 17 16 22 2 30 7 23 20 31 15 18 12 3 8 26 9 14 21 32 4
44 1 10 24 11 28 6 25 5 13 27 19 29 17 16 22 2 30 7 23 20 31 15 18 12 3 8 26 9 14 21 32 4
45 1 10 24 11 28 6 25 5 13 27 19 29 17 16 22 2 30 7 4 20 31 15 18 12 3 8 26 9 14 21 32 23
46 1 10 24 11 28 6 25 5 13 27 19 29 17 16 22 2 30 7 4 20 31 15 18 12 3 8 26 9 14 21 32 23
47 1 10 24 11 28 6 25 5 13 27 19 29 17 16 22 2 30 7 4 20 31 15 18 12 3 8 26 9 14 21 32 23
48 1 10 24 11 28 6 25 5 13 27 19 29 17 16 22 2 30 7 4 20 31 15 18 12 3 8 26 9 14 21 32 23
49 1 10 24 11 28 6 25 5 29 19 27 13 17 16 22 2 30 7 4 20 31 15 18 12 3 8 26 9 14 21 32 23
50 1 10 24 11 28 6 25 5 29 19 27 13 17 16 21 14 9 26 8 3 12 18 15 31 20 4 7 30 2 22 32 23
51 1 10 24 11 28 6 25 5 29 19 27 13 17 16 21 14 9 26 8 3 12 18 15 31 20 4 7 30 22 2 32 23
52 1 10 24 11 28 6 25 5 29 19 27 13 17 16 21 14 9 26 8 3 12 18 15 31 20 4 7 30 22 2 32 23
53 1 10 24 11 28 6 25 5 29 19 27 13 17 16 21 14 9 26 8 3 12 18 15 31 20 4 7 30 22 2 32 23
54 1 10 24 11 28 6 25 5 29 19 27 13 17 16 21 14 9 26 8 3 12 18 15 31 20 4 7 30 22 2 32 23
55 1 10 24 11 28 6 25 5 29 19 27 13 17 16 21 14 9 26 8 3 12 18 15 31 20 4 7 30 22 2 32 23
56 1 10 24 11 28 6 25 5 29 19 27 13 17 16 21 14 9 26 8 3 12 18 15 31 20 4 7 30 22 2 32 23
57 1 10 24 11 28 6 25 5 29 19 27 13 16 17 21 14 9 26 8 3 12 18 15 31 20 4 7 30 22 2 32 23
58 1 10 24 11 28 6 25 5 29 19 27 13 16 17 21 14 9 26 8 3 12 18 15 31 20 4 7 30 22 2 32 23
59 1 10 24 11 28 6 25 5 29 19 27 13 16 17 21 14 9 26 8 3 12 18 15 31 20 4 7 30 22 2 32 23
60 1 10 24 11 28 6 25 5 29 19 27 13 16 8 26 9 14 21 17 3 12 18 15 31 20 4 7 30 22 2 32 23
61 1 10 24 11 28 6 25 5 29 19 27 13 16 8 3 17 21 14 9 26 12 18 15 31 20 4 7 30 22 2 32 23
62 1 10 24 11 28 6 25 5 29 19 27 13 16 8 3 17 21 14 9 26 12 18 15 31 20 4 7 30 22 2 32 23
63 1 10 24 11 28 6 25 5 29 19 27 13 16 8 3 17 21 14 9 26 12 18 15 31 20 4 7 30 22 2 32 23
64 1 10 24 11 28 6 25 5 29 19 27 13 16 8 3 17 21 14 9 26 12 18 15 31 20 4 7 30 22 2 32 23
65 1 10 24 11 28 6 25 5 29 19 27 13 16 9 3 17 21 14 8 26 12 18 15 31 20 4 7 30 22 2 32 23
66 1 10 24 11 28 6 25 5 29 19 27 13 16 9 3 17 21 14 8 26 12 18 15 31 20 4 7 30 22 2 32 23
67 1 10 24 11 28 6 25 5 29 19 27 13 16 9 3 17 21 14 8 26 12 18 15 31 20 4 7 30 22 2 32 23
68 1 10 24 11 28 6 25 5 29 19 27 13 16 9 3 17 21 14 8 26 12 18 15 31 20 4 7 30 32 2 22 23
69 1 10 24 11 28 6 25 5 29 19 27 13 16 9 3 17 21 14 8 26 12 18 15 31 20 4 7 30 32 2 22 23
70 1 10 24 11 28 6 25 5 29 19 27 13 16 9 3 17 21 14 8 26 12 31 18 15 20 4 7 30 22 2 32 23
71 1 10 24 11 28 6 25 5 29 19 27 13 16 9 3 17 21 14 8 26 12 31 18 15 20 4 7 30 22 2 32 23
72 1 31 18 10 24 11 28 6 25 5 29 19 27 13 16 9 3 17 21 14 8 26 12 15 20 4 7 30 22 2 32 23
73 1 31 18 10 24 11 28 6 25 5 29 19 27 13 16 9 3 17 21 14 8 26 12 15 20 4 7 30 22 2 32 23
74 1 31 18 10 24 11 28 6 25 5 29 19 27 13 16 9 3 17 21 14 8 26 12 15 20 4 7 30 32 2 22 23
75 1 31 18 10 24 11 28 6 25 5 29 19 27 13 16 9 3 17 21 14 8 26 12 15 20 4 7 30 32 2 22 23
76 1 31 18 10 24 11 28 6 25 5 29 19 27 13 16 9 3 17 21 14 8 26 12 15 20 4 7 30 32 2 22 23
77 1 31 18 10 24 11 28 6 25 5 29 19 27 13 16 9 3 17 21 14 8 26 12 15 20 4 7 30 32 2 22 23
78 1 31 18 10 24 11 28 6 25 5 29 19 27 13 16 9 3 17 21 14 8 26 15 12 20 4 7 30 32 2 22 23
79 1 31 18 10 24 11 28 6 25 5 29 19 27 13 16 9 3 17 21 14 8 26 15 12 20 4 7 30 32 2 22 23
80 1 31 18 10 24 11 28 6 25 5 29 19 27 13 16 9 3 17 21 14 8 26 15 12 20 4 7 30 32 2 22 23
81 1 31 18 10 24 11 28 6 25 5 29 19 27 13 16 9 3 17 21 14 8 26 15 12 20 4 7 30 32 2 22 23
82 1 31 18 10 24 11 28 6 25 5 29 19 27 13 16 9 3 17 21 14 8 26 15 12 20 4 7 30 32 2 22 23
83 1 31 18 10 24 11 28 6 25 5 29 19 27 13 16 9 3 17 21 14 8 26 15 12 20 4 7 30 32 2 22 23
84 1 31 18 10 24 11 28 6 25 5 29 19 27 13 16 9 3 17 21 14 8 26 15 12 20 4 7 30 32 2 22 23
85 1 31 18 10 24 11 28 6 25 5 29 19 27 13 16 9 3 17 21 14 8 26 15 12 20 4 7 30 32 2 22 23
86 1 31 18 10 24 11 28 6 25 5 29 19 27 13 16 9 3 17 21 14 8 26 15 12 20 4 7 30 32 2 22 23
87 1 31 18 10 24 11 28 6 25 5 29 19 27 13 16 9 3 17 21 14 8 26 15 12 20 4 7 30 32 2 22 23
88 1 31 18 10 24 11 28 6 25 5 29 19 27 13 16 9 3 17 21 14 8 26 15 12 20 4 7 30 32 2 22 23
89 1 31 18 10 24 11 28 6 25 5 29 19 27 13 16 9 3 17 21 14 8 26 15 12 20 4 7 30 32 2 22 23
90 1 31 18 10 24 11 28 6 25 5 29 19 27 13 16 9 3 17 21 14 8 26 15 12 20 4 7 30 32 2 22 23
91 1 31 18 10 24 11 28 6 25 5 29 19 27 13 16 9 3 17 21 14 8 26 15 12 20 4 7 30 32 2 22 23
92 1 31 18 8 14 21 17 3 9 16 13 27 19 29 5 25 6 28 11 24 10 26 15 12 20 4 7 30 32 2 22 23
93 1 31 18 8 14 21 17 3 9 16 13 27 19 29 5 25 6 28 11 24 10 26 15 12 20 4 7 30 32 2 22 23
94 1 31 18 8 14 21 17 3 9 16 13 27 19 29 5 25 6 28 11 24 10 26 15 12 20 4 7 30 32 2 22 23
95 1 31 18 8 14 21 17 3 9 16 13 27 19 29 5 25 6 28 11 24 10 26 15 12 20 4 7 30 32 2 22 23
96 1 31 18 8 14 21 17 3 9 16 13 27 19 29 5 25 6 28 11 24 10 26 15 12 20 4 7 30 32 2 22 23
97 1 31 18 8 14 21 17 3 9 16 13 27 19 29 5 25 6 28 11 24 10 26 15 12 20 4 7 30 32 2 22 23
98 1 31 18 8 14 21 17 3 9 16 13 27 19 29 5 25 6 28 11 24 10 26 15 12 20 4 7 30 32 2 22 23
99 1 31 18 8 14 21 17 3 9 16 13 27 19 29 5 25 6 28 11 24 10 26 15 12 20 4 7 30 32 2 22 23
100 1 31 18 8 14 21 17 3 9 16 13 27 19 29 5 25 6 28 11 24 10 26 15 12 20 4 7 30 32 2 22 23
101 1 31 18 8 9 21 17 3 14 16 13 27 19 29 5 25 6 28 11 24 10 26 15 12 20 4 7 30 32 2 22 23
102 1 31 18 8 9 21 17 3 14 16 13 27 19 29 5 25 6 28 11 24 10 26 15 12 20 4 7 30 32 2 22 23
103 1 31 18 8 9 21 17 3 14 16 13 27 19 29 5 25 6 28 11 24 10 26 15 12 20 4 7 30 32 2 22 23
104 1 31 18 8 9 14 21 17 3 16 13 27 19 29 5 25 6 28 11 24 10 26 15 12 20 4 7 30 32 2 22 23
105 1 31 18 8 9 14 21 17 3 16 13 27 19 29 5 25 6 28 11 24 10 26 15 12 20 4 7 30 32 2 22 23
106 1 31 18 8 9 14 21 17 3 16 13 27 19 29 5 25 6 28 11 24 10 26 15 12 20 4 7 30 32 2 22 23
107 1 31 18 8 9 14 21 17 3 16 13 27 19 29 5 25 6 28 11 24 10 26 15 12 20 4 7 30 32 2 22 23
108 1 31 18 8 9 14 21 17 3 16 13 27 19 29 5 25 6 28 11 24 10 26 15 12 20 4 7 30 32 2 22 23
109 1 31 18 8 9 14 21 17 3 16 13 27 19 29 5 25 6 28 11 24 10 26 15 12 20 4 7 30 32 2 22 23
110 1 31 18 8 9 14 21 17 3 16 13 27 19 29 5 25 6 28 11 24 10 26 15 12 20 4 7 30 32 2 22 23
111 1 31 18 8 9 14 21 17 3 16 13 27 19 29 5 25 6 28 11 24 10 26 15 12 20 4 7 30 32 2 22 23
112 1 31 18 12 8 9 14 21 17 3 16 13 27 19 29 5 25 6 28 11 24 10 26 15 20 4 7 30 32 2 22 23
113 1 31 18 12 8 9 14 21 17 3 16 13 27 19 29 5 25 6 28 11 24 10 26 15 20 4 7 30 32 2 22 23
114 1 31 18 26 10 24 11 28 6 25 5 29 19 27 13 16 3 17 21 14 9 8 12 15 20 4 7 30 32 2 22 23
115 1 31 18 26 10 24 11 28 6 25 5 29 19 27 13 16 3 17 21 14 9 8 12 15 20 4 7 30 32 2 22 23
116 1 31 18 26 10 24 11 28 6 25 5 29 19 27 13 16 3 17 21 14 9 8 15 12 20 4 7 30 32 2 22 23
117 1 31 18 26 10 24 11 28 6 25 5 29 19 27 13 16 3 17 21 14 9 8 15 12 20 4 23 7 30 32 2 22
118 1 31 18 26 10 24 11 28 6 25 5 29 19 27 13 16 3 17 21 14 9 8 15 12 20 4 23 7 30 32 2 22
119 1 31 18 26 10 24 11 28 6 25 5 29 19 27 13 16 3 17 21 14 9 8 15 12 20 4 23 7 30 32 2 22
120 1 31 18 26 10 24 11 28 6 25 5 29 19 27 13 16 3 17 21 14 9 8 15 12 20 4 23 7 30 32 2 22
121 1 31 18 26 10 24 11 28 6 25 5 29 19 27 13 16 3 17 21 14 9 8 15 12 20 4 23 7 30 32 2 22
122 1 31 18 26 10 24 11 28 6 25 27 29 19 5 13 16 3 17 21 14 9 8 15 12 20 4 23 7 30 32 2 22
123 1 31 18 26 10 24 11 28 6 25 27 29 19 5 13 16 3 17 21 14 9 8 15 12 20 4 23 7 30 32 2 22
124 1 31 18 26 10 24 11 28 6 25 27 29 19 5 13 16 3 17 21 14 9 8 15 12 20 4 23 7 30 32 2 22
125 1 31 18 26 10 24 11 28 6 25 27 29 19 5 13 16 3 17 21 14 9 8 15 12 20 4 23 7 30 32 2 22
126 1 31 18 26 10 24 11 28 6 25 27 29 19 5 13 16 3 17 21 14 9 8 15 12 20 4 23 7 30 32 2 22
127 1 31 18 26 10 24 11 28 6 25 27 29 19 5 13 16 3 17 21 14 9 8 15 12 20 4 23 7 30 32 2 22
128 1 31 18 26 10 24 11 28 6 25 27 29 19 5 13 16 3 17 21 14 9 8 15 12 20 4 23 7 30 32 2 22
129 1 31 18 26 10 24 11 28 6 25 27 29 19 5 13 16 3 17 21 14 9 8 15 12 20 4 23 7 30 32 2 22
130 1 31 18 26 10 24 11 28 6 25 27 29 19 5 13 16 3 17 21 14 9 8 15 12 20 4 30 7 23 32 2 22
131 1 31 18 26 10 24 11 28 6 25 27 29 19 5 13 16 3 17 21 14 9 8 15 12 20 4 30 7 23 32 2 22
132 1 31 18 26 10 24 11 28 6 25 27 29 19 5 13 16 3 17 21 14 9 8 15 12 20 4 30 7 23 32 2 22
133 1 31 18 26 10 24 11 28 6 25 27 29 19 5 13 16 3 17 21 14 9 8 15 12 20 4 30 7 23 32 2 22
134 1 31 18 26 10 24 11 28 6 25 27 29 19 5 13 16 3 17 21 14 9 8 15 12 20 4 30 7 23 32 2 22
135 1 31 18 26 10 24 11 28 6 25 27 29 19 5 13 16 3 17 21 14 9 8 15 12 20 4 30 7 23 32 2 22
136 1 31 18 26 10 24 11 28 6 25 27 29 19 5 13 16 3 17 21 14 9 8 15 12 20 4 30 7 23 32 2 22
137 1 31 18 26 10 24 11 28 6 25 27 29 19 5 13 16 3 17 21 14 9 8 15 12 20 4 30 7 23 32 2 22
138 1 31 18 26 10 24 11 28 6 25 27 29 19 5 13 16 3 17 21 14 9 8 15 12 20 4 30 7 23 32 2 22
139 1 31 18 26 10 24 11 28 6 25 27 29 19 5 13 16 3 17 21 14 9 8 15 12 20 4 30 7 23 32 2 22
140 1 31 18 26 10 24 11 28 6 25 27 29 19 5 13 16 3 17 21 14 9 8 15 12 20 4 30 7 23 32 2 22
141 1 31 18 26 10 24 11 28 6 25 27 29 19 5 13 16 3 17 21 14 9 8 15 12 20 4 30 7 23 32 2 22
142 1 31 18 26 10 24 11 28 6 25 27 29 19 5 13 16 3 17 21 14 9 8 15 12 20 4 30 7 23 32 2 22
143 1 31 18 26 10 24 11 28 6 25 27 29 19 5 13 16 3 17 21 14 9 8 15 12 20 4 30 7 23 32 2 22
144 1 31 18 26 10 24 11 28 6 25 27 29 19 5 13 16 3 17 21 14 9 8 15 12 20 4 30 7 23 32 2 22
145 1 31 18 26 10 24 11 28 6 25 27 29 19 5 13 16 3 17 21 14 9 8 15 12 20 4 30 7 23 32 2 22
146 1 31 18 26 10 24 11 28 6 25 27 29 19 5 13 16 3 17 21 14 9 8 15 12 20 4 30 7 23 32 2 22
147 1 31 18 26 10 24 11 28 6 25 27 29 19 5 13 16 3 17 21 14 9 8 15 12 20 4 30 7 23 32 2 22
148 1 31 18 26 10 24 11 28 6 25 27 29 19 5 13 16 3 17 21 14 9 8 15 12 20 4 30 7 23 32 2 22
149 1 31 18 26 10 24 11 28 6 25 27 29 19 5 13 16 3 17 2 21 14 9 8 15 12 20 4 30 7 23 32 22
150 1 31 18 26 10 24 11 28 6 25 27 29 19 5 13 16 3 17 2 21 14 9 8 15 12 20 4 30 7 23 32 22
151 1 31 18 26 10 24 11 28 6 25 27 29 19 5 13 16 3 17 2 21 14 9 8 15 12 20 23 30 7 4 32 22
152 1 31 18 26 10 24 11 28 6 25 27 29 19 5 13 16 3 17 2 21 14 9 8 15 12 20 23 30 7 4 32 22
153 1 31 18 26 10 24 11 28 6 25 27 29 19 5 13 16 3 17 2 21 14 9 8 15 12 20 23 4 30 7 32 22
154 1 31 18 26 10 24 11 28 6 25 27 29 19 5 13 16 3 17 2 21 14 9 8 15 12 20 23 4 7 30 32 22
155 1 31 18 26 10 24 11 28 6 25 27 29 19 5 13 16 3 17 2 21 14 9 8 15 12 20 23 4 7 30 32 22
156 1 31 18 26 10 24 11 28 6 25 27 29 19 5 13 16 3 17 2 21 14 9 8 15 12 20 23 4 7 30 32 22
157 1 31 18 26 10 24 11 28 6 25 27 29 19 5 13 16 3 17 2 21 14 9 8 15 12 20 23 4 7 30 32 22
158 1 31 18 26 10 24 11 28 6 25 27 29 19 5 13 16 3 17 2 21 14 9 8 15 12 20 23 4 7 30 32 22
159 1 31 18 26 10 24 11 28 6 25 27 29 19 5 13 16 3 17 2 21 14 9 8 15 12 20 23 4 7 30 32 22
160 1 31 18 26 10 24 11 28 6 25 27 29 19 5 13 16 3 17 2 21 14 9 8 15 12 20 23 4 7 30 32 22
161 1 31 18 26 10 24 11 28 6 25 27 29 19 5 13 16 3 17 2 21 14 9 8 15 12 20 23 4 7 30 32 22
162 1 31 18 26 10 24 11 28 6 25 27 29 19 5 13 16 3 17 2 21 14 9 8 15 12 20 23 4 7 30 32 22
163 1 31 18 26 10 24 11 28 6 25 27 29 19 5 13 16 3 17 2 21 14 9 8 15 12 20 23 4 7 30 32 22
164 1 31 18 26 10 24 11 28 6 25 27 29 19 5 13 16 3 17 2 21 14 9 8 15 12 20 23 4 7 30 32 22
165 1 31 18 26 10 24 11 28 6 25 27 29 19 5 13 16 3 17 2 21 14 9 8 15 12 20 23 4 7 30 32 22
166 1 31 18 26 10 24 11 28 6 25 27 29 19 5 13 16 3 17 2 21 14 9 8 15 12 20 23 4 7 30 32 22
167 1 31 18 26 10 24 11 28 6 25 27 29 19 5 13 16 3 17 2 21 14 9 8 15 12 20 23 4 7 30 32 22
168 1 31 18 26 10 24 11 28 6 25 27 29 19 5 13 16 3 17 2 21 14 9 8 15 12 20 23 4 7 30 32 22
169 1 31 18 26 10 24 11 28 6 25 27 29 19 5 13 16 3 17 2 21 14 9 8 15 12 20 23 4 7 30 32 22
170 1 31 18 26 10 24 11 28 6 25 27 29 19 5 13 16 3 17 2 21 14 9 8 15 12 20 23 4 7 30 32 22
171 1 31 18 26 10 24 11 28 6 25 27 29 19 5 13 16 3 17 2 21 14 9 8 15 12 20 23 4 7 30 32 22
172 1 31 18 26 10 24 11 28 6 25 27 29 19 5 13 16 3 17 2 21 14 9 8 15 12 20 23 4 7 30 32 22
173 1 31 18 26 10 24 11 28 6 25 27 29 19 5 13 16 3 17 2 21 14 9 8 15 12 20 23 4 7 30 32 22
174 1 31 18 26 10 24 11 28 6 25 27 29 19 5 13 16 3 17 2 21 14 9 8 15 12 20 23 4 7 30 32 22
175 1 31 18 26 10 24 11 28 6 25 27 29 19 5 13 16 3 17 2 21 14 9 8 15 12 20 23 4 7 30 32 22
176 1 31 18 26 10 24 11 28 6 25 27 29 19 5 13 16 3 17 2 21 14 9 8 15 12 20 23 4 7 30 32 22
177 1 31 18 26 10 24 11 28 6 25 27 29 19 5 13 16 3 17 2 21 14 9 8 15 12 20 23 4 7 30 32 22
178 1 31 18 26 10 24 11 28 6 25 27 29 19 5 13 16 3 17 2 21 14 9 8 15 12 20 23 4 7 30 32 22
179 1 31 18 26 10 24 11 28 6 25 27 29 19 5 13 16 3 17 2 21 14 9 8 15 12 20 23 4 7 30 32 22
180 1 31 18 26 10 24 11 28 6 25 27 29 19 5 13 16 3 17 2 21 14 9 8 15 12 20 23 4 7 30 32 22
181 1 31 18 26 10 24 11 28 6 25 27 29 19 5 13 16 3 17 2 21 14 9 8 15 12 20 23 4 7 30 32 22
182 1 31 18 26 10 24 11 28 6 25 27 29 19 5 13 16 3 17 2 21 14 9 8 15 12 20 23 4 7 30 32 22
183 1 31 18 26 10 24 11 28 6 25 27 29 19 5 13 16 3 17 2 21 14 9 8 15 12 20 23 4 7 30 32 22
184 1 31 18 26 10 24 11 28 6 25 27 29 19 5 13 16 3 17 2 21 14 9 8 15 12 20 23 4 7 30 32 22
185 1 31 18 26 10 24 11 28 6 25 27 29 19 5 13 16 3 17 2 21 14 9 8 15 12 20 23 4 7 30 32 22
186 1 31 18 26 10 24 11 28 6 25 27 29 19 5 13 16 3 17 2 21 14 9 8 15 12 22 23 4 7 30 32 20
187 1 31 18 26 10 24 11 28 6 25 27 29 19 5 13 16 3 17 2 21 14 9 8 15 12 22 23 4 7 30 32 20
188 1 31 18 26 10 24 11 28 6 25 27 29 19 5 13 16 3 17 2 21 14 9 8 15 12 22 23 4 7 30 32 20
189 1 31 18 26 10 24 11 28 6 25 27 29 19 5 13 16 3 17 2 21 14 9 8 15 12 22 23 4 7 30 32 20
190 1 31 18 26 10 24 11 28 6 25 27 29 19 5 13 16 3 17 2 21 14 9 8 15 12 22 23 32 7 30 4 20
191 1 31 18 26 10 24 11 28 6 25 27 29 19 5 13 16 3 17 2 21 14 9 8 15 12 22 23 32 7 30 4 20
192 1 31 18 26 10 24 11 28 6 25 27 29 19 5 13 16 3 17 2 21 14 9 8 15 12 22 23 32 7 30 4 20
193 1 31 18 26 10 24 11 28 6 25 27 29 19 5 13 16 3 17 2 21 14 9 8 15 12 22 23 32 7 30 4 20
194 1 31 18 26 10 24 11 28 6 25 27 29 19 5 13 16 3 17 2 21 14 9 8 15 12 22 23 32 7 30 4 20
195 1 31 18 26 10 24 11 28 6 25 27 29 19 5 13 16 3 17 2 21 14 9 8 15 12 22 23 32 7 30 4 20
196 1 31 18 26 10 24 11 28 6 25 27 29 19 5 13 16 3 17 2 21 14 9 8 15 12 22 23 32 7 30 4 20
197 1 31 18 26 10 24 11 28 6 25 27 29 19 5 13 16 3 17 2 21 14 9 8 15 12 22 23 32 7 30 4 20
198 1 31 18 26 10 24 11 28 6 25 27 29 19 5 13 16 3 17 2 21 14 9 8 15 12 22 23 32 7 30 4 20
199 1 31 18 26 10 24 11 28 6 25 27 29 19 5 13 16 3 17 2 21 14 9 8 15 12 22 23 32 7 30 4 20
200 1 31 18 26 10 24 11 28 6 25 27 29 19 5 13 16 3 17 2 21 14 9 8 15 12 22 23 32 7 30 4 20
201 1 31 18 26 10 24 11 28 6 25 27 29 19 5 13 16 3 17 2 21 14 9 8 15 12 22 23 32 7 30 4 20
202 1 31 18 26 10 24 11 28 6 25 27 29 19 5 13 16 3 17 2 21 14 9 8 15 12 22 23 32 7 30 4 20
203 1 31 18 26 10 24 11 28 6 25 27 29 19 5 13 16 3 17 2 21 14 9 8 15 12 22 23 32 7 30 4 20
204 1 31 18 26 10 24 11 28 6 25 27 29 19 5 13 16 3 17 2 21 14 9 8 15 12 22 23 32 7 30 4 20
205 1 31 18 26 10 24 11 28 6 25 27 29 19 5 13 16 3 17 2 21 14 9 8 15 12 22 23 32 7 30 4 20
206 1 31 18 26 10 24 11 28 6 25 27 29 19 5 13 16 3 17 2 21 14 9 8 15 12 22 23 32 7 30 4 20
207 1 31 18 26 10 24 11 28 6 25 27 29 19 5 13 16 3 17 2 21 14 9 8 15 12 22 23 32 7 30 4 20
208 1 31 18 26 10 24 11 28 6 25 27 29 19 5 13 16 3 17 2 21 14 9 8 15 12 22 23 32 7 30 4 20
209 1 31 18 26 10 24 11 28 6 25 27 29 19 5 13 16 3 17 2 21 14 9 8 15 12 22 23 32 7 30 4 20
210 1 31 18 26 10 24 11 28 6 25 27 29 19 5 13 16 3 17 2 21 14 9 8 15 12 22 23 32 7 30 4 20
211 1 31 18 26 10 24 11 28 6 25 27 29 19 5 13 16 3 17 2 21 14 9 8 15 12 22 23 32 7 30 4 20
212 1 31 18 26 10 24 11 28 6 25 27 29 19 5 13 16 3 17 2 21 14 9 8 15 12 22 23 32 7 30 4 20
213 1 31 18 26 10 24 11 28 6 25 27 29 19 5 13 16 3 17 2 21 14 9 8 15 12 22 23 32 7 30 4 20
214 1 31 18 26 10 24 11 28 6 25 27 29 19 5 13 16 3 17 2 21 14 9 8 15 12 22 23 32 7 30 4 20
215 1 31 18 26 10 24 11 28 6 25 27 29 19 5 13 16 3 17 2 21 14 9 8 15 12 22 23 32 7 30 4 20
216 1 31 18 26 10 24 11 28 6 25 27 29 19 5 13 16 3 17 2 21 14 9 8 15 12 22 23 32 7 30 4 20
217 1 31 18 26 10 24 11 28 6 25 27 29 19 5 13 16 3 17 2 21 14 9 8 15 12 22 23 32 30 7 4 20
218 1 31 18 26 10 24 11 28 6 25 27 29 19 5 13 16 3 17 2 21 14 9 8 15 12 22 23 32 30 7 4 20
219 1 31 18 26 10 24 11 28 6 25 27 29 19 5 13 16 3 17 2 21 14 9 8 15 12 22 23 32 30 7 4 20
220 1 31 18 26 10 24 11 28 6 25 27 29 19 5 13 16 3 17 2 21 14 9 8 15 12 22 23 32 30 7 4 20
221 1 31 18 26 10 24 11 28 6 25 27 29 19 5 13 16 3 17 2 21 14 9 8 15 12 22 23 32 30 7 4 20
222 1 31 18 26 10 24 11 28 6 25 27 29 19 5 13 16 3 17 2 21 14 9 8 15 12 22 23 32 30 7 4 20
223 1 31 18 26 10 24 11 28 6 25 27 29 19 5 13 16 3 17 2 21 14 9 8 15 12 22 23 32 30 7 4 20
224 1 31 18 26 10 24 11 28 6 25 27 29 19 5 13 16 3 17 2 21 14 9 8 15 12 22 23 32 30 7 4 20
225 1 31 18 26 10 24 11 28 6 25 27 29 19 5 13 16 3 17 2 21 14 9 8 15 12 22 23 32 30 7 4 20
226 1 31 18 26 10 24 11 28 6 25 27 29 19 5 13 16 3 17 2 21 14 9 8 15 12 22 23 32 30 7 4 20
227 1 31 18 26 10 24 11 28 6 25 27 29 19 5 13 16 3 17 2 21 14 9 8 15 12 22 23 32 30 7 4 20
228 1 31 18 26 10 24 11 28 6 25 27 29 19 5 13 16 3 17 2 21 14 9 8 15 12 22 23 32 30 7 4 20
229 1 31 18 26 10 24 11 28 6 25 27 29 19 5 13 16 3 17 2 21 14 9 8 15 12 22 23 32 30 7 4 20
230 1 31 18 26 10 24 11 28 6 25 27 29 19 5 13 16 3 17 2 21 14 9 8 15 12 22 23 32 30 7 4 20
231 1 31 18 26 10 24 11 28 6 25 27 29 19 5 13 16 3 17 2 21 14 9 8 15 12 22 23 32 30 7 4 20
232 1 31 18 26 10 24 11 28 6 25 27 29 19 5 13 16 3 17 2 21 14 9 8 15 12 22 23 32 30 7 4 20
233 1 31 18 26 10 24 11 28 6 25 27 29 19 5 13 16 3 17 2 21 14 9 8 15 12 22 23 32 30 7 4 20
234 1 31 18 26 10 24 11 28 6 25 27 29 19 5 13 16 3 17 2 21 14 9 8 15 12 22 23 32 30 7 4 20
235 1 31 18 26 10 24 11 28 6 25 27 29 19 5 13 16 3 17 2 21 14 9 8 15 12 22 23 32 30 7 4 20
236 1 31 18 26 10 24 11 28 6 25 27 29 19 5 13 16 3 17 2 21 14 9 8 15 12 22 23 32 30 7 4 20
237 1 31 18 26 10 24 11 28 6 25 19 29 27 5 13 16 3 17 2 21 14 9 8 15 12 22 23 32 30 7 4 20
238 1 31 18 26 10 24 11 28 6 25 19 29 27 5 13 16 3 17 2 21 14 9 8 15 12 22 23 32 30 7 4 20
239 1 31 18 26 10 24 11 28 6 25 19 29 27 5 13 16 3 17 2 21 14 9 8 15 12 22 23 32 30 7 4 20
240 1 31 18 26 10 24 11 28 6 25 19 29 27 5 13 16 3 17 2 21 14 9 8 15 12 22 23 32 30 7 4 20
241 1 31 18 26 10 24 11 28 6 25 19 29 27 5 13 16 3 17 2 21 14 9 8 15 12 22 23 32 30 7 4 20
242 1 31 18 26 10 24 11 28 6 25 19 29 27 5 13 16 3 17 2 21 14 9 8 15 12 22 23 32 30 7 4 20
243 1 31 18 26 10 24 11 28 6 25 19 29 27 5 13 16 3 17 2 21 14 9 8 15 12 22 23 32 30 7 4 20
244 1 31 18 26 10 24 11 28 6 25 19 29 27 5 13 16 3 17 2 21 14 9 8 15 12 22 23 32 30 7 4 20
245 1 31 18 26 10 24 11 28 6 25 19 29 27 5 13 16 3 17 2 21 14 9 8 15 12 22 23 32 30 7 4 20
246 1 31 18 26 10 24 11 28 6 25 19 29 27 5 13 16 3 17 2 21 14 9 8 15 12 22 23 32 30 7 4 20
247 1 31 18 26 10 24 11 28 6 25 19 29 27 5 13 16 3 17 2 21 14 9 8 15 12 22 23 32 30 7 4 20
248 1 31 18 26 10 24 11 28 6 25 19 29 27 5 13 16 3 17 2 21 14 9 8 15 12 22 23 32 30 7 4 20
249 1 31 18 26 10 24 11 28 6 25 19 29 27 5 13 16 3 17 2 21 14 9 8 15 12 22 23 32 30 7 4 20
250 1 31 18 26 10 24 11 28 6 25 19 29 27 5 13 16 3 17 2 21 14 9 8 15 12 22 23 32 30 7 4 20
251 1 31 18 26 10 24 11 28 6 25 19 29 27 5 13 16 3 17 2 21 14 9 8 15 12 22 23 32 30 7 4 20
252 1 31 18 26 10 24 11 28 6 25 19 29 27 5 13 16 3 17 2 21 14 9 8 15 12 22 23 32 30 7 4 20
253 1 31 18 26 10 24 11 28 6 25 19 29 27 5 13 16 3 17 2 21 14 9 8 15 12 22 23 32 30 7 4 20
254 1 31 18 26 10 24 11 28 6 25 19 29 27 5 13 16 3 17 2 21 14 9 8 15 12 22 23 32 30 7 4 20
255 1 31 18 26 10 24 11 28 6 25 19 29 27 5 13 16 3 17 2 21 14 9 8 15 12 22 23 32 30 7 4 20
256 1 31 18 26 10 24 11 28 6 25 19 29 27 5 13 16 3 17 2 21 14 9 8 15 12 22 23 32 30 7 4 20
257 1 31 18 26 10 24 11 28 6 25 19 29 27 5 13 16 3 17 2 21 14 9 8 15 12 22 23 32 30 7 4 20
258 1 31 18 26 10 24 11 28 6 25 19 29 27 5 13 16 3 17 2 21 14 9 8 15 12 22 23 32 30 7 4 20
259 1 31 18 26 10 24 11 28 6 25 19 29 27 5 13 16 3 17 2 21 14 9 8 15 12 22 23 32 30 7 4 20
260 1 31 18 26 10 24 11 28 6 25 19 29 27 5 13 16 3 17 2 21 14 9 8 15 12 22 23 32 30 7 4 20
261 1 31 18 26 10 24 11 28 6 25 19 29 27 5 13 16 3 17 2 21 14 9 8 15 12 22 23 32 30 7 4 20
262 1 31 18 26 10 24 11 28 6 25 19 29 27 5 13 16 3 17 2 21 14 9 8 15 12 22 23 32 30 7 4 20
263 1 31 18 26 10 24 11 28 6 25 19 29 27 5 13 16 3 17 2 21 14 9 8 15 12 22 23 32 30 7 4 20
264 1 31 18 26 10 24 11 28 6 25 19 29 27 5 13 16 3 17 2 21 14 9 8 15 12 22 23 32 30 7 4 20
265 1 31 18 26 10 24 11 28 6 25 19 29 27 5 13 16 3 17 2 21 14 9 8 15 12 22 23 32 30 7 4 20
266 1 31 18 26 10 24 11 28 6 25 19 29 27 5 13 16 3 17 2 21 14 9 8 15 12 22 23 32 30 7 4 20
267 1 31 18 26 10 24 11 28 6 25 19 29 27 5 13 16 3 17 2 21 14 9 8 15 12 22 23 32 30 7 4 20
268 1 31 18 26 10 24 11 28 6 25 19 29 27 5 13 16 3 17 2 21 14 9 8 15 12 22 23 32 30 7 4 20
269 1 31 18 26 10 24 11 28 6 25 19 29 27 5 13 16 3 17 2 21 14 9 8 15 12 22 23 32 30 7 4 20
270 1 31 18 26 10 24 11 28 6 25 19 29 27 5 13 16 3 17 2 21 14 9 8 15 12 22 23 32 30 7 4 20
271 1 31 18 26 10 24 11 28 6 25 19 29 27 5 13 16 3 17 2 21 14 9 8 15 12 22 23 32 30 7 4 20
272 1 31 18 26 10 24 11 28 6 25 19 29 27 5 13 16 3 17 2 21 14 9 8 15 12 22 23 32 30 7 4 20
273 1 31 18 26 10 24 11 28 6 25 19 29 27 5 13 16 3 17 2 21 14 9 8 15 12 22 23 32 30 7 4 20
274 1 31 18 26 10 24 11 28 6 25 19 29 27 5 13 16 3 17 2 21 14 9 8 15 12 22 23 32 30 7 4 20
275 1 31 18 26 10 24 11 28 6 25 19 29 27 5 13 16 3 17 2 21 14 9 8 15 12 22 23 32 30 7 4 20
276 1 31 18 26 10 24 11 28 6 25 19 29 27 5 13 16 3 17 2 21 14 9 8 15 12 22 23 32 30 7 4 20
277 1 31 18 26 10 24 11 28 6 25 19 29 27 5 13 16 3 17 2 21 14 9 8 15 12 22 23 32 30 7 4 20
278 1 31 18 26 10 24 11 28 6 25 19 29 27 5 13 16 3 17 2 21 14 9 8 15 12 22 23 32 30 7 4 20
279 1 31 18 26 10 24 11 28 6 25 19 29 27 5 13 16 3 17 2 21 14 9 8 15 12 22 23 32 30 7 4 20
280 1 31 18 26 10 24 11 28 6 25 19 29 27 5 13 16 3 17 2 21 14 9 8 15 12 22 23 32 30 7 4 20
281 1 31 18 26 10 24 11 28 6 25 19 29 27 5 13 16 3 17 2 21 14 9 8 15 12 22 23 32 30 7 4 20
282 1 31 18 26 10 24 11 28 6 25 19 29 27 5 13 16 3 17 2 21 14 9 8 15 12 22 23 32 30 7 4 20
283 1 31 18 26 10 24 11 28 6 25 19 29 27 5 13 16 3 17 2 21 14 9 8 15 12 22 23 32 30 7 4 20
284 1 31 18 26 10 24 11 28 6 25 19 29 27 5 13 16 3 17 2 21 14 9 8 15 12 22 23 32 30 7 4 20
285 1 31 18 26 10 24 11 28 6 25 19 29 27 5 13 16 3 17 2 21 14 9 8 15 12 22 23 32 30 7 4 20
286 1 31 18 26 10 24 11 28 6 25 19 29 27 5 13 16 3 17 2 21 14 9 8 15 12 22 23 32 30 7 4 20
287 1 31 18 26 10 24 11 28 6 25 19 29 27 5 13 16 3 17 2 21 14 9 8 15 12 22 23 32 30 7 4 20
288 1 31 18 26 10 24 11 28 6 25 19 29 27 5 13 16 3 17 2 21 14 9 8 15 12 22 23 32 30 7 4 20
289 1 31 18 26 10 24 11 28 6 25 19 29 27 5 13 16 3 17 2 21 14 9 8 15 12 22 23 32 30 7 4 20
290 1 31 18 26 10 24 11 28 6 25 19 29 27 5 13 16 3 17 2 21 14 9 8 15 12 22 23 32 30 7 4 20
291 1 31 18 26 10 24 11 28 6 25 19 29 27 5 13 16 3 17 2 21 14 9 8 15 12 22 23 32 30 7 4 20
292 1 31 18 26 10 24 11 28 6 25 19 29 27 5 13 16 3 17 2 21 14 9 8 15 12 22 23 32 30 7 4 20
293 1 31 18 26 10 24 11 28 6 25 19 29 27 5 13 16 3 17 2 21 14 9 8 15 12 22 23 32 30 7 4 20
294 1 31 18 26 10 24 11 28 6 25 19 29 27 5 13 16 3 17 2 21 14 9 8 15 12 22 23 32 30 7 4 20
295 1 31 18 26 10 24 11 28 6 25 19 29 27 5 13 16 3 17 2 21 14 9 8 15 12 22 23 32 30 7 4 20
296 1 31 18 26 10 24 11 28 6 25 19 29 27 5 13 16 3 17 2 21 14 9 8 15 12 22 23 32 30 7 4 20
297 1 31 18 26 10 24 11 28 6 25 19 29 27 5 13 16 3 17 2 21 14 9 8 15 12 22 23 32 30 7 4 20
298 1 31 18 26 10 24 11 28 6 25 19 29 27 5 13 16 3 17 2 21 14 9 8 15 12 22 23 32 30 7 4 20
299 1 31 18 26 10 24 11 28 6 25 19 29 27 5 13 16 3 17 2 21 14 9 8 15 12 22 23 32 30 7 4 20
300 1 31 18 26 10 24 11 28 6 25 19 29 27 5 13 16 3 17 2 21 14 9 8 15 12 22 23 32 30 7 4 20
301 1 31 18 26 10 24 11 28 6 25 19 29 27 5 13 16 3 17 2 21 14 9 8 15 12 22 23 32 30 7 4 20
302 1 31 18 26 10 24 11 28 6 25 19 29 27 5 13 16 3 17 2 21 14 9 8 15 12 22 23 32 30 7 4 20
303 1 31 18 26 10 24 11 28 6 25 19 29 27 5 13 16 3 17 2 21 14 9 8 15 12 22 23 32 30 7 4 20
304 1 31 18 26 10 24 11 28 6 25 19 29 27 5 13 16 3 17 2 21 14 9 8 15 12 22 23 32 30 7 4 20
305 1 31 18 26 10 24 11 28 6 25 19 29 27 5 13 16 3 17 2 21 14 9 8 15 12 22 23 32 30 7 4 20
306 1 31 18 26 10 24 11 28 6 25 19 29 27 5 13 16 3 17 2 21 14 9 8 15 12 22 23 32 30 7 4 20
307 1 31 18 26 10 24 11 28 6 25 19 29 27 5 13 16 3 17 2 21 14 9 8 15 12 22 4 7 30 32 23 20
308 1 31 18 26 10 24 11 28 6 25 19 29 27 5 13 16 3 17 2 21 14 9 8 15 12 22 4 7 30 32 23 20
309 1 31 18 26 10 24 11 28 6 25 19 29 27 5 13 16 3 17 2 21 14 9 8 15 12 22 4 7 30 32 23 20
310 1 31 18 26 10 24 11 28 6 25 19 29 27 5 13 16 3 17 2 21 14 9 8 15 12 22 4 7 30 32 23 20
311 1 31 18 26 10 24 11 28 6 25 19 29 27 5 13 16 3 17 2 21 14 9 8 15 12 22 4 7 30 32 23 20
312 1 31 18 26 10 24 11 28 6 25 19 29 27 5 13 16 3 17 2 21 14 9 8 15 12 22 4 7 30 32 23 20
313 1 31 18 26 10 24 11 28 6 25 19 29 27 5 13 16 3 17 2 21 14 9 8 15 12 22 4 7 30 32 23 20
314 1 31 18 26 10 24 11 28 6 25 19 29 27 5 13 16 3 17 2 21 14 9 8 15 12 22 4 7 30 32 23 20
315 1 31 18 26 10 24 11 28 6 25 19 29 27 5 13 16 3 17 2 21 14 9 8 15 12 22 4 7 30 32 23 20
316 1 31 18 26 10 24 11 28 6 25 19 29 27 5 13 16 3 17 2 21 14 9 8 15 12 22 4 7 30 32 23 20
317 1 31 18 26 10 24 11 28 6 25 19 29 27 5 13 16 3 17 2 21 14 9 8 15 12 22 4 7 30 32 23 20
318 1 31 18 26 10 24 11 28 6 25 19 29 27 5 13 16 3 17 2 21 14 9 8 15 12 22 4 7 30 32 23 20
319 1 31 18 26 10 24 11 28 6 25 19 29 27 5 13 16 3 17 2 21 14 9 8 15 12 22 4 7 30 32 23 20
320 1 31 18 26 10 24 11 28 6 25 19 29 27 5 13 16 3 17 2 21 14 9 8 15 12 22 4 7 30 32 23 20
321 1 31 18 26 10 24 11 28 6 25 19 29 27 5 13 16 3 17 2 21 14 9 8 15 12 22 4 7 30 32 23 20
322 1 31 18 26 10 24 11 28 6 25 19 29 27 5 13 16 3 17 2 21 14 9 8 15 12 22 4 7 30 32 23 20
323 1 31 18 26 10 24 11 28 6 25 19 29 27 5 13 16 3 17 2 21 14 9 8 15 12 22 4 7 30 32 23 20
324 1 31 18 26 10 24 11 28 6 25 19 29 27 5 13 16 3 17 2 21 14 9 8 15 12 22 4 7 30 32 23 20
325 1 31 18 26 10 24 11 28 6 25 19 29 27 5 13 16 3 17 2 21 14 9 8 15 12 22 4 7 30 32 23 20
326 1 31 18 26 10 24 11 28 6 25 19 29 27 5 13 16 3 17 2 21 14 9 8 15 12 22 4 7 30 32 23 20
327 1 31 18 26 10 24 11 28 6 25 19 29 27 5 13 16 3 17 2 21 14 9 8 15 12 22 4 7 30 32 23 20
328 1 31 18 26 10 24 11 28 6 25 19 29 27 5 13 16 3 17 2 21 14 9 8 15 12 22 32 30 7 4 23 20
329 1 31 18 26 10 24 11 28 6 25 19 29 27 5 13 16 3 17 2 21 14 9 8 15 12 22 32 30 7 4 23 20
330 1 31 18 26 10 24 11 28 6 25 19 29 27 5 13 16 3 17 2 21 14 9 8 15 12 22 32 30 7 4 23 20
331 1 31 18 26 10 24 11 28 6 25 19 29 27 5 13 16 3 17 2 21 14 9 8 15 12 22 32 30 7 4 23 20
332 1 31 18 26 10 24 11 28 6 25 19 29 27 5 13 16 3 17 2 21 14 9 8 15 12 22 32 30 7 4 23 20
333 1 31 18 26 10 24 11 28 6 25 19 29 27 5 13 16 3 17 2 21 14 9 8 15 12 22 32 30 7 4 23 20
334 1 31 18 26 10 24 11 28 6 25 19 29 27 5 13 16 3 17 2 21 14 9 8 15 12 22 32 30 7 4 23 20
335 1 31 18 26 10 24 11 28 6 25 19 29 27 5 13 16 3 17 2 21 14 9 8 15 12 22 32 30 7 4 23 20
336 1 31 18 26 10 24 11 28 6 25 19 29 27 5 13 16 3 17 2 21 14 9 8 15 12 22 32 30 7 4 23 20
337 1 31 18 26 10 24 11 28 6 25 19 29 27 5 13 16 3 17 2 21 14 9 8 15 12 22 32 30 7 4 23 20
338 1 31 18 26 10 24 11 28 6 25 19 29 27 5 13 16 3 17 2 21 14 9 8 15 12 22 32 30 7 4 23 20
339 1 31 18 26 10 24 11 28 6 25 19 29 27 5 13 16 3 17 2 21 14 9 8 15 12 22 32 30 7 4 23 20
340 1 31 18 26 10 24 11 28 6 25 19 29 27 5 13 16 3 17 2 21 14 9 8 15 12 22 32 30 7 4 23 20
341 1 31 18 26 10 24 11 28 6 25 19 29 27 5 13 16 3 17 2 21 14 9 8 15 12 22 32 30 7 4 23 20
342 1 31 18 26 10 24 11 28 6 25 19 29 27 5 13 16 3 17 2 21 14 9 8 15 12 22 32 30 7 4 23 20
343 1 31 18 26 10 24 11 28 6 25 19 29 27 5 13 16 3 17 2 21 14 9 8 15 12 22 32 30 7 4 23 20
344 1 31 18 26 10 24 11 28 6 25 19 29 27 5 13 16 3 17 2 21 14 9 8 15 12 22 32 30 7 4 23 20
345 1 31 18 26 10 24 11 28 6 25 19 29 27 5 13 16 3 17 2 21 14 9 8 15 12 22 32 30 7 4 23 20
346 1 31 18 26 10 24 11 28 6 25 19 29 27 5 13 16 3 17 2 21 14 9 8 15 12 22 32 30 7 4 23 20
347 1 31 18 26 10 24 11 28 6 25 19 29 27 5 13 16 3 17 2 21 14 9 8 15 12 22 32 30 7 4 23 20
348 1 31 18 26 10 24 11 28 6 25 19 29 27 5 13 16 3 17 2 21 14 9 8 15 12 22 32 30 7 4 23 20
349 1 31 18 26 10 24 11 28 6 25 19 29 27 5 13 16 3 17 2 21 14 9 8 15 12 22 32 30 7 4 23 20
350 1 31 18 26 10 24 11 28 6 25 19 29 27 5 13 16 3 17 2 21 14 9 8 15 12 22 32 30 7 4 23 20
351 1 31 18 26 10 24 11 28 6 25 19 29 27 5 13 16 3 17 2 21 14 9 8 15 12 22 32 30 7 4 23 20
352 1 31 18 26 10 24 11 28 6 25 19 29 27 5 13 16 3 17 2 21 14 9 8 15 12 22 32 30 7 4 23 20
353 1 31 18 26 10 24 11 28 6 25 19 29 27 5 13 16 3 17 2 21 14 9 8 15 12 22 32 30 7 4 23 20
354 1 31 18 26 10 24 11 28 6 25 19 29 27 5 13 16 3 17 2 21 14 9 8 15 12 22 32 30 7 4 23 20
355 1 31 18 26 10 24 11 28 6 25 19 29 27 5 13 16 3 17 2 21 14 9 8 15 12 22 32 30 7 4 23 20
356 1 31 18 26 10 24 11 28 6 25 19 29 27 5 13 16 3 17 2 21 14 9 8 15 12 22 32 30 7 4 23 20
357 1 31 18 26 10 24 11 28 6 25 19 29 27 5 13 16 3 17 2 21 14 9 8 15 12 22 32 30 7 4 23 20
358 1 31 18 26 10 24 11 28 6 25 19 29 27 5 13 16 3 17 2 21 14 9 8 15 12 22 32 30 7 4 23 20
359 1 31 18 26 10 24 11 28 6 25 19 29 27 5 13 16 3 17 2 21 14 9 8 15 12 22 32 30 7 4 23 20
360 1 31 18 26 10 24 11 28 6 25 19 29 27 5 13 16 3 17 2 21 14 9 8 15 12 22 32 30 7 4 23 20
361 1 31 18 26 10 24 11 28 6 25 19 29 27 5 13 16 3 17 2 21 14 9 8 15 12 22 32 30 7 4 23 20
362 1 31 18 26 10 24 11 28 6 25 19 29 27 5 13 16 3 17 2 21 14 9 8 15 12 22 32 30 7 4 23 20
363 1 31 18 26 10 24 11 28 6 25 19 29 27 5 13 16 3 17 2 21 14 9 8 15 12 22 32 30 7 4 23 20
364 1 31 18 26 10 24 11 28 6 25 19 29 27 5 13 16 3 17 2 21 14 9 8 15 12 22 32 30 7 4 23 20
365 1 31 18 26 10 24 11 28 6 25 19 29 27 5 13 16 3 17 2 21 14 9 8 15 12 22 32 30 7 4 23 20
366 1 31 18 26 10 24 11 28 6 25 19 29 27 5 13 16 3 17 2 21 14 9 8 15 12 22 32 30 7 4 23 20
367 1 31 18 26 10 24 11 28 6 25 19 29 27 5 13 16 3 17 2 21 14 9 8 15 12 22 32 30 7 4 23 20
368 1 31 18 26 10 24 11 28 6 25 19 29 27 5 13 16 3 17 2 21 14 9 8 15 12 22 32 30 7 4 23 20
369 1 31 18 26 10 24 11 28 6 25 19 29 27 5 13 16 3 17 2 21 14 9 8 15 12 22 32 30 7 4 23 20
370 1 31 18 26 10 24 11 28 6 25 19 29 27 5 13 16 3 17 2 21 14 9 8 15 12 22 32 30 7 4 23 20
371 1 31 18 26 10 24 11 28 6 25 19 29 27 5 13 16 3 17 2 21 14 9 8 15 12 22 32 30 7 4 23 20
372 1 31 18 26 10 24 11 28 6 25 19 29 27 5 13 16 3 17 2 21 14 9 8 15 12 22 32 30 7 4 23 20
373 1 31 18 26 10 24 11 28 6 25 19 29 27 5 13 16 3 17 2 21 14 9 8 15 12 22 32 30 7 4 23 20
374 1 31 18 26 10 24 11 28 6 25 19 29 27 5 13 16 3 17 2 21 14 9 8 15 12 22 32 30 7 4 23 20
375 1 31 18 26 10 24 11 28 6 25 19 29 27 5 13 16 3 17 2 21 14 9 8 15 12 22 32 30 7 4 23 20
376 1 31 18 26 10 24 11 28 6 25 19 29 27 5 13 16 3 17 2 21 14 9 8 15 12 22 32 30 7 4 23 20
377 1 31 18 26 10 24 11 28 6 25 19 29 27 5 13 16 3 17 2 21 14 9 8 15 12 22 32 30 7 4 23 20
378 1 31 18 26 10 24 11 28 6 25 19 29 27 5 13 16 3 17 2 21 14 9 8 15 12 22 32 30 7 4 23 20
379 1 31 18 26 10 24 11 28 6 25 19 29 27 5 13 16 3 17 2 21 14 9 8 15 12 22 32 30 7 4 23 20
380 1 31 18 26 10 24 11 28 6 25 19 29 27 5 13 16 3 17 2 21 14 9 8 15 12 22 32 30 7 4 23 20
381 1 31 18 26 10 24 11 28 6 25 19 29 27 5 13 16 3 17 2 21 14 9 8 15 12 22 32 30 7 4 23 20
382 1 31 18 26 10 24 11 28 6 25 19 29 27 5 13 16 3 17 2 21 14 9 8 15 12 22 32 30 7 4 23 20
383 1 31 18 26 10 24 11 28 6 25 19 29 27 5 13 16 3 17 2 21 14 9 8 15 12 22 32 30 7 4 23 20
384 1 31 18 26 10 24 11 28 6 25 19 29 27 5 13 16 3 17 2 21 14 9 8 15 12 22 32 30 7 4 23 20
385 1 31 18 26 10 24 11 28 6 25 19 29 27 5 13 16 3 17 2 21 14 9 8 15 12 22 32 30 7 4 23 20
386 1 31 18 26 10 24 11 28 6 25 19 29 27 5 13 16 3 17 2 21 14 9 8 15 12 22 32 30 7 4 23 20
387 1 31 18 26 10 24 11 28 6 25 19 29 27 5 13 16 3 17 2 21 14 9 8 15 12 22 32 30 7 4 23 20
388 1 31 18 26 10 24 11 28 6 25 19 29 27 5 13 16 3 17 2 21 14 9 8 15 12 22 32 30 7 4 23 20
389 1 31 18 26 10 24 11 28 6 25 19 29 27 5 13 16 3 17 2 21 14 9 8 15 12 22 32 30 7 4 23 20
390 1 31 18 26 10 24 11 28 6 25 19 29 27 5 13 16 3 17 2 21 14 9 8 15 12 22 32 30 7 4 23 20
391 1 31 18 26 10 24 11 28 6 25 19 29 27 5 13 16 3 17 2 21 14 9 8 15 12 22 32 30 7 4 23 20
392 1 31 18 26 10 24 11 28 6 25 19 29 27 5 13 16 3 17 2 21 14 9 8 15 12 22 32 30 7 4 23 20
393 1 31 18 26 10 24 11 28 6 25 19 29 27 5 13 16 3 17 2 21 14 9 8 15 12 22 32 30 7 4 23 20
394 1 31 18 26 10 24 11 28 6 25 19 29 27 5 13 16 3 17 2 21 14 9 8 15 12 22 32 30 7 4 23 20
395 1 31 18 26 10 24 11 28 6 25 19 29 27 5 13 16 3 17 2 21 14 9 8 15 12 22 32 30 7 4 23 20
396 1 31 18 26 10 24 11 28 6 25 19 29 27 5 13 16 3 17 2 21 14 9 8 15 12 22 32 30 7 4 23 20
397 1 31 18 26 10 24 11 28 6 25 19 29 27 5 13 16 3 17 2 21 14 9 8 15 12 22 32 30 7 4 23 20
398 1 31 18 26 10 24 11 28 6 25 19 29 27 5 13 16 3 17 2 21 14 9 8 15 12 22 32 30 7 4 23 20
399 1 31 18 26 10 24 11 28 6 25 19 29 27 5 13 16 3 17 2 21 14 9 8 15 12 22 32 30 7 4 23 20
400 1 31 18 26 10 24 11 28 6 25 19 29 27 5 13 16 3 17 2 21 14 9 8 15 12 22 32 30 7 4 23 20
401 1 31 18 26 10 24 11 28 6 25 19 29 27 5 13 16 3 17 2 21 14 9 8 15 12 22 32 30 7 4 23 20
402 1 31 18 26 10 24 11 28 6 25 19 29 27 5 13 16 3 17 2 21 14 9 8 15 12 22 32 30 7 4 23 20
403 1 31 18 26 10 24 11 28 6 25 19 29 27 5 13 16 3 17 2 21 14 9 8 15 12 22 32 30 7 4 23 20
404 1 31 18 26 10 24 11 28 6 25 19 29 27 5 13 16 3 17 2 21 14 9 8 15 12 22 32 30 7 4 23 20
405 1 31 18 26 10 24 11 28 6 25 19 29 27 5 13 16 3 17 2 21 14 9 8 15 12 22 32 30 7 4 23 20
406 1 31 18 26 10 24 11 28 6 25 19 29 27 5 13 16 3 17 2 21 14 9 8 15 12 22 32 30 7 4 23 20
407 1 31 18 26 10 24 11 28 6 25 19 29 27 5 13 16 3 17 2 21 14 9 8 15 12 22 32 30 7 4 23 20
408 1 31 18 26 10 24 11 28 6 25 19 29 27 5 13 16 3 17 2 21 14 9 8 15 12 22 32 30 7 4 23 20
409 1 31 18 26 10 24 11 28 6 25 19 29 27 5 13 16 3 17 2 21 14 9 8 15 12 22 32 30 7 4 23 20
410 1 31 18 26 10 24 11 28 6 25 19 29 27 5 13 16 3 17 2 21 14 9 8 15 12 22 32 30 7 4 23 20
411 1 31 18 26 10 24 11 28 6 25 19 29 27 5 13 16 3 17 2 21 14 9 8 15 12 22 32 30 7 4 23 20
412 1 31 18 26 10 24 11 28 6 25 19 29 27 5 13 16 3 17 2 21 14 9 8 15 12 22 32 30 7 4 23 20
413 1 31 18 26 10 24 11 28 6 25 19 29 27 5 13 16 3 17 2 21 14 9 8 15 12 22 32 30 7 4 23 20
414 1 31 18 26 10 24 11 28 6 25 19 29 27 5 13 16 3 17 2 21 14 9 8 15 12 22 32 30 7 4 23 20
415 1 31 18 26 10 24 11 28 6 25 19 29 27 5 13 16 3 17 2 21 14 9 8 15 12 22 32 30 7 4 23 20
416 1 31 18 26 10 24 11 28 6 25 19 29 27 5 13 16 3 17 2 21 14 9 8 15 12 22 32 30 7 4 23 20
417 1 31 18 26 10 24 11 28 6 25 19 29 27 5 13 16 3 17 2 21 14 9 8 15 12 22 32 30 7 4 23 20
418 1 31 18 26 10 24 11 28 6 25 19 29 27 5 13 16 3 17 2 21 14 9 8 15 12 22 32 30 7 4 23 20
419 1 31 18 26 10 24 11 28 6 25 19 29 27 5 13 16 3 17 2 21 14 9 8 15 12 22 32 30 7 4 23 20
420 1 31 18 26 10 24 11 28 6 25 19 29 27 5 13 16 3 17 2 21 14 9 8 15 12 22 32 30 7 4 23 20
421 1 31 18 26 10 24 11 28 6 25 19 29 27 5 13 16 3 17 2 21 14 9 8 15 12 22 32 30 7 4 23 20
422 1 31 18 26 10 24 11 28 6 25 19 29 27 5 13 16 3 17 2 21 14 9 8 15 12 22 32 30 7 4 23 20
423 1 31 18 26 10 24 11 28 6 25 19 29 27 5 13 16 3 17 2 21 14 9 8 15 12 22 32 30 7 4 23 20
424 1 31 18 26 10 24 11 28 6 25 19 29 27 5 13 16 3 17 2 21 14 9 8 15 12 22 32 30 7 4 23 20
425 1 31 18 26 10 24 11 28 6 25 19 29 27 5 13 16 3 17 2 21 14 9 8 15 12 22 32 30 7 4 23 20
426 1 31 18 26 10 24 11 28 6 25 19 29 27 5 13 16 3 17 2 21 14 9 8 15 12 22 32 30 7 4 23 20
427 1 31 18 26 10 24 11 28 6 25 19 29 27 5 13 16 3 17 2 21 14 9 8 15 12 22 32 30 7 4 23 20
428 1 31 18 26 10 24 11 28 6 25 19 29 27 5 13 16 3 17 2 21 14 9 8 15 12 22 32 30 7 4 23 20
429 1 31 18 26 10 24 11 28 6 25 19 29 27 5 13 16 3 17 2 21 14 9 8 15 12 22 32 30 7 4 23 20
430 1 31 18 26 10 24 11 28 6 25 19 29 27 5 13 16 3 17 2 21 14 9 8 15 12 22 32 30 7 4 23 20
431 1 31 18 26 10 24 11 28 6 25 19 29 27 5 13 16 3 17 2 21 14 9 8 15 12 22 32 30 7 4 23 20
432 1 31 18 26 10 24 11 28 6 25 19 29 27 5 13 16 3 17 2 21 14 9 8 15 12 22 32 30 7 4 23 20
433 1 31 18 26 10 24 11 28 6 25 19 29 27 5 13 16 3 17 2 21 14 9 8 15 12 22 32 30 7 4 23 20
434 1 31 18 26 10 24 11 28 6 25 19 29 27 5 13 16 3 17 2 21 14 9 8 15 12 22 32 30 7 4 23 20
435 1 31 18 26 10 24 11 28 6 25 19 29 27 5 13 16 3 17 2 21 14 9 8 15 12 22 32 30 7 4 23 20
436 1 31 18 26 10 24 11 28 6 25 19 29 27 5 13 16 3 17 2 21 14 9 8 15 12 22 32 30 7 4 23 20
437 1 31 18 26 10 24 11 28 6 25 19 29 27 5 13 16 3 17 2 21 14 9 8 15 12 22 32 30 7 4 23 20
438 1 31 18 26 10 24 11 28 6 25 19 29 27 5 13 16 3 17 2 21 14 9 8 15 12 22 32 30 7 4 23 20
439 1 31 18 26 10 24 11 28 6 25 19 29 27 5 13 16 3 17 2 21 14 9 8 15 12 22 32 30 7 4 23 20
440 1 31 18 26 10 24 11 28 6 25 19 29 27 5 13 16 3 17 2 21 14 9 8 15 12 22 32 30 7 4 23 20
441 1 31 18 26 10 24 11 28 6 25 19 29 27 5 13 16 3 17 2 21 14 9 8 15 12 22 32 30 7 4 23 20
442 1 31 18 26 10 24 11 28 6 25 19 29 27 5 13 16 3 17 2 21 14 9 8 15 12 22 32 30 7 4 23 20
443 1 31 18 26 10 24 11 28 6 25 19 29 27 5 13 16 3 17 2 21 14 9 8 15 12 22 32 30 7 4 23 20
444 1 31 18 26 10 24 11 28 6 25 19 29 27 5 13 16 3 17 2 21 14 9 8 15 12 22 32 30 7 4 23 20
445 1 31 18 26 10 24 11 28 6 25 19 29 27 5 13 16 3 17 2 21 14 9 8 15 12 22 32 30 7 4 23 20
446 1 31 18 26 10 24 11 28 6 25 19 29 27 5 13 16 3 17 2 21 14 9 8 15 12 22 32 30 7 4 23 20
447 1 31 18 26 10 24 11 28 6 25 19 29 27 5 13 16 3 17 2 21 14 9 8 15 12 22 32 30 7 4 23 20
448 1 31 18 26 10 24 11 28 6 25 19 29 27 5 13 16 3 17 2 21 14 9 8 15 12 22 32 30 7 4 23 20
449 1 31 18 26 10 24 11 28 6 25 19 29 27 5 13 16 3 17 2 21 14 9 8 15 12 22 32 30 7 4 23 20
450 1 31 18 26 10 24 11 28 6 25 19 29 27 5 13 16 3 17 2 21 14 9 8 15 12 22 32 30 7 4 23 20
451 1 31 18 26 10 24 11 28 6 25 19 29 27 5 13 16 3 17 2 21 14 9 8 15 12 22 32 30 7 4 23 20
452 1 31 18 26 10 24 11 28 6 25 19 29 27 5 13 16 3 17 2 21 14 9 8 15 12 22 32 30 7 4 23 20
453 1 31 18 26 10 24 11 28 6 25 19 29 27 5 13 16 3 17 2 21 14 9 8 15 12 22 32 30 7 4 23 20
454 1 31 18 26 10 24 11 28 6 25 19 29 27 5 13 16 3 17 2 21 14 9 8 15 12 22 32 30 7 4 23 20
455 1 31 18 26 10 24 11 28 6 25 19 29 27 5 13 16 3 17 2 21 14 9 8 15 12 22 32 30 7 4 23 20
456 1 31 18 26 10 24 11 28 6 25 19 29 27 5 13 16 3 17 2 21 14 9 8 15 12 22 32 30 7 4 23 20
457 1 31 18 26 10 24 11 28 6 25 19 29 27 5 13 16 3 17 2 21 14 9 8 15 12 22 32 30 7 4 23 20
458 1 31 18 26 10 24 11 28 6 25 19 29 27 5 13 16 3 17 2 21 14 9 8 15 12 22 32 30 7 4 23 20
459 1 31 18 26 10 24 11 28 6 25 19 29 27 5 13 16 3 17 2 21 14 9 8 15 12 22 32 30 7 4 23 20
460 1 31 18 26 10 24 11 28 6 25 19 29 27 5 13 16 3 17 2 21 14 9 8 15 12 22 32 30 7 4 23 20
461 1 31 18 26 10 24 11 28 6 25 19 29 27 5 13 16 3 17 2 21 14 9 8 15 12 22 32 30 7 4 23 20
462 1 31 18 26 10 24 11 28 6 25 19 29 27 5 13 16 3 17 2 21 14 9 8 15 12 22 32 30 7 4 23 20
463 1 31 18 26 10 24 11 28 6 25 19 29 27 5 13 16 3 17 2 21 14 9 8 15 12 22 32 30 7 4 23 20
464 1 31 18 26 10 24 11 28 6 25 19 29 27 5 13 16 3 17 2 21 14 9 8 15 12 22 32 30 7 4 23 20
465 1 31 18 26 10 24 11 28 6 25 19 29 27 5 13 16 3 17 2 21 14 9 8 15 12 22 32 30 7 4 23 20
466 1 31 18 26 10 24 11 28 6 25 19 29 27 5 13 16 3 17 2 21 14 9 8 15 12 22 32 30 7 4 23 20
467 1 31 18 26 10 24 11 28 6 25 19 29 27 5 13 16 3 17 2 21 14 9 8 15 12 22 32 30 7 4 23 20
468 1 31 18 26 10 24 11 28 6 25 19 29 27 5 13 16 3 17 2 21 14 9 8 15 12 22 32 30 7 4 23 20
469 1 31 18 26 10 24 11 28 6 25 19 29 27 5 13 16 3 17 2 21 14 9 8 15 12 22 32 30 7 4 23 20
470 1 31 18 26 10 24 11 28 6 25 19 29 27 5 13 16 3 17 2 21 14 9 8 15 12 22 32 30 7 4 23 20
471 1 31 18 26 10 24 11 28 6 25 19 29 27 5 13 16 3 17 2 21 14 9 8 15 12 22 32 30 7 4 23 20
472 1 31 18 26 10 24 11 28 6 25 19 29 27 5 13 16 3 17 2 21 14 9 8 15 12 22 32 30 7 4 23 20
473 1 31 18 26 10 24 11 28 6 25 19 29 27 5 13 16 3 17 2 21 14 9 8 15 12 22 32 30 7 4 23 20
474 1 31 18 26 10 24 11 28 6 25 19 29 27 5 13 16 3 17 2 21 14 9 8 15 12 22 32 30 7 4 23 20
475 1 31 18 26 10 24 11 28 6 25 19 29 27 5 13 16 3 17 2 23 4 7 30 32 22 21 14 9 8 15 12 20
476 1 31 18 26 10 24 11 28 6 25 19 29 27 5 13 16 3 17 2 23 4 7 30 32 22 21 14 9 8 15 12 20
477 1 31 18 26 10 24 11 28 6 25 19 29 27 5 13 16 3 17 2 23 4 7 30 32 22 21 14 9 8 15 12 20
478 1 31 18 26 10 24 11 28 6 25 19 29 27 5 13 16 3 17 2 23 4 7 30 32 22 21 14 9 8 15 12 20
479 1 31 18 26 10 24 11 28 6 25 19 29 27 5 13 16 3 17 2 32 4 7 30 23 22 21 14 9 8 15 12 20
480 1 31 18 26 10 24 11 28 6 25 19 29 27 5 13 16 3 17 2 32 4 7 30 23 22 21 14 9 8 15 12 20
481 1 31 18 26 10 24 11 28 6 25 19 29 27 5 13 16 3 17 2 32 4 7 30 23 22 21 14 9 8 15 12 20
482 1 31 18 26 10 24 11 28 6 25 19 29 27 5 13 16 3 17 2 32 4 7 30 23 22 21 14 9 8 15 12 20
483 1 31 18 26 10 24 11 28 6 25 19 29 27 5 13 16 3 17 2 32 30 7 4 23 22 21 14 9 8 15 12 20
484 1 31 18 26 10 24 11 28 6 25 19 29 27 5 13 16 3 17 2 32 30 7 4 23 22 21 14 9 8 15 12 20
485 1 31 18 26 10 24 11 28 6 25 19 29 27 5 13 16 3 17 2 32 30 7 4 23 22 21 14 9 8 15 12 20
486 1 31 18 26 10 24 11 28 6 25 19 29 27 5 13 16 3 17 2 32 30 7 4 23 22 21 14 9 8 15 12 20
487 1 31 18 26 10 24 11 28 6 25 19 29 27 5 13 16 3 17 2 32 30 7 4 23 22 21 14 9 8 15 12 20
488 1 31 18 26 10 24 11 28 6 25 19 29 27 5 13 16 3 17 2 32 30 7 4 23 22 21 14 9 8 15 12 20
489 1 31 18 26 10 24 11 28 6 25 19 29 27 5 13 16 3 17 2 32 30 7 4 23 22 21 14 9 8 15 12 20
490 1 31 18 26 10 24 11 28 6 25 19 29 27 5 13 16 3 17 2 32 30 7 4 23 22 21 14 9 8 15 12 20
491 1 31 18 26 10 24 11 28 6 25 19 29 27 5 13 16 3 17 2 32 30 7 4 23 22 21 14 9 8 15 12 20
492 1 31 18 26 10 24 11 28 6 25 19 29 27 5 13 16 3 17 2 32 30 7 4 23 22 21 14 9 8 15 12 20
493 1 31 18 26 10 24 11 28 6 25 19 29 27 5 13 16 3 17 2 32 30 7 4 23 22 21 14 9 8 15 12 20
494 1 31 18 26 10 24 11 28 6 25 19 29 27 5 13 16 3 17 2 32 30 7 4 20 23 22 21 14 9 8 15 12
495 1 31 18 26 10 24 11 28 6 25 19 29 27 5 13 16 3 17 2 32 30 7 4 20 23 22 21 14 9 8 15 12
496 1 31 18 26 10 24 11 28 6 25 19 29 27 5 13 16 3 17 2 32 30 7 4 20 23 22 21 14 9 8 15 12
497 1 31 18 26 10 24 11 28 6 25 19 29 27 5 13 16 3 17 2 32 30 7 4 20 23 22 21 14 9 8 15 12
498 1 31 18 26 10 24 11 28 6 25 19 29 27 5 13 16 3 17 2 32 30 7 4 20 23 22 21 14 9 8 15 12
499 1 31 18 26 10 24 11 28 6 25 19 29 27 5 13 16 3 17 2 32 30 7 4 20 23 22 21 14 9 8 15 12
500 1 31 18 26 10 24 11 28 6 25 19 29 27 5 13 16 3 17 2 32 30 7 4 20 23 22 21 14 9 8 15 12
501 1 31 18 26 10 24 11 28 6 25 19 29 27 5 13 16 3 17 2 32 30 7 4 20 23 22 21 14 9 8 15 12
502 1 31 18 26 10 24 11 28 6 25 19 29 27 5 13 16 3 17 2 32 30 7 4 20 23 22 21 14 9 8 15 12
503 1 31 18 26 10 24 11 28 6 25 19 29 27 5 13 16 3 17 2 32 30 7 4 20 23 22 21 14 9 8 15 12
504 1 31 18 26 10 24 11 28 6 25 19 29 27 5 13 16 3 17 2 32 30 7 4 20 23 22 21 14 9 8 15 12
505 1 31 18 26 10 24 11 28 6 25 19 29 27 5 13 16 3 17 2 32 30 7 4 20 23 22 21 14 9 8 15 12
506 1 31 18 26 10 24 11 28 6 25 19 29 27 5 13 16 3 17 2 32 30 7 4 20 23 22 21 14 9 8 15 12
507 1 31 18 26 10 24 11 28 6 25 19 29 27 5 13 16 3 17 2 32 30 7 4 20 23 22 21 14 9 8 15 12
508 1 31 18 26 10 24 11 28 6 25 19 29 27 5 13 16 3 17 2 32 30 7 4 20 23 22 21 14 9 8 15 12
509 1 31 18 26 10 24 11 28 6 25 19 29 27 5 13 16 3 17 2 32 30 7 4 20 23 22 21 14 9 8 15 12
510 1 31 18 26 10 24 11 28 6 25 19 29 27 5 13 16 3 17 2 32 30 7 4 20 23 22 21 14 9 8 15 12
511 1 31 18 26 10 24 11 28 6 25 19 29 27 5 13 16 3 17 2 32 30 7 4 20 23 22 21 14 9 8 15 12
512 1 31 18 26 10 24 11 28 6 25 19 29 27 5 13 16 3 17 2 32 30 7 4 20 23 22 21 14 9 8 15 12
513 1 31 18 26 10 24 11 28 6 25 19 29 27 5 13 16 3 17 2 32 30 7 4 20 23 22 21 14 9 8 15 12
514 1 31 18 26 10 24 11 28 6 25 19 29 27 5 13 16 3 17 2 32 30 7 4 20 23 22 21 14 9 8 15 12
515 1 31 18 26 10 24 11 28 6 25 19 29 27 5 13 16 3 17 2 32 30 7 4 20 23 22 21 14 9 8 15 12
516 1 31 18 26 10 24 11 28 6 25 19 29 27 5 13 16 3 17 2 32 30 7 4 20 23 22 21 14 9 8 15 12
517 1 31 18 26 10 24 11 28 6 25 19 29 27 5 13 16 3 17 2 32 30 7 4 20 23 22 21 14 9 8 15 12
518 1 31 18 26 10 24 11 28 6 25 19 29 27 5 13 16 3 17 2 32 30 7 4 20 23 22 21 14 9 8 15 12
519 1 31 18 26 10 24 11 28 6 25 19 29 27 5 13 16 3 17 2 32 30 7 4 20 23 22 21 14 9 8 15 12
520 1 31 18 26 10 24 11 28 6 25 19 29 27 5 13 16 3 17 2 32 30 7 4 20 23 22 21 14 9 8 15 12
521 1 31 18 26 10 24 11 28 6 25 19 29 27 5 13 16 3 17 2 32 30 7 4 20 23 22 21 14 9 8 15 12
522 1 31 18 26 10 24 11 28 6 25 19 29 27 5 13 16 3 17 2 32 30 7 4 20 23 22 21 14 9 8 15 12
523 1 31 18 26 10 24 11 28 6 25 19 29 27 5 13 16 3 17 2 32 30 7 4 20 23 22 21 14 9 8 15 12
524 1 31 18 26 10 24 11 28 6 25 19 29 27 5 13 16 3 17 2 32 30 7 4 20 23 22 21 14 9 8 15 12
525 1 31 18 26 10 24 11 28 6 25 19 29 27 5 13 16 3 17 2 32 30 7 4 20 23 22 21 14 9 8 15 12
526 1 31 18 26 10 24 11 28 6 25 19 29 27 5 13 16 3 17 2 32 30 7 4 20 23 22 21 14 9 8 15 12
527 1 31 18 26 10 24 11 28 6 25 19 29 27 5 13 16 3 17 2 32 30 7 4 20 23 22 21 14 9 8 15 12
528 1 31 18 26 10 24 11 28 6 25 19 29 27 5 13 16 3 17 2 32 30 7 4 20 23 22 21 14 9 8 15 12
529 1 31 18 26 10 24 11 28 6 25 19 29 27 5 13 16 3 17 2 32 30 7 4 20 23 22 21 14 9 8 15 12
530 1 31 18 26 10 24 11 28 6 25 19 29 27 5 13 16 3 17 2 32 30 7 4 20 23 22 21 14 9 8 15 12
531 1 31 18 26 10 24 11 28 6 25 19 29 27 5 13 16 3 17 2 32 30 7 4 20 23 22 21 14 9 8 15 12
532 1 31 18 26 10 24 11 28 6 25 19 29 27 5 13 16 3 17 2 32 30 7 4 20 23 22 21 14 9 8 15 12
533 1 31 18 26 10 24 11 28 6 25 19 29 27 5 13 16 3 17 2 32 30 7 4 20 23 22 21 14 9 8 15 12
534 1 31 18 26 10 24 11 28 6 25 19 29 27 5 13 16 3 17 2 32 30 7 4 20 23 22 21 14 9 8 15 12
535 1 31 18 26 10 24 11 28 6 25 19 29 27 5 13 16 3 17 2 32 30 7 4 20 23 22 21 14 9 8 15 12
536 1 31 18 26 10 24 11 28 6 25 19 29 27 5 13 16 3 17 2 32 30 7 4 20 23 22 21 14 9 8 15 12
537 1 31 18 26 10 24 11 28 6 25 19 29 27 5 13 16 3 17 2 32 30 7 4 20 23 22 21 14 9 8 15 12
538 1 31 18 26 10 24 11 28 6 25 19 29 27 5 13 16 3 17 2 32 30 7 4 20 23 22 21 14 9 8 15 12
539 1 31 18 26 10 24 11 28 6 25 19 29 27 5 13 16 3 17 2 32 30 7 4 20 23 22 21 14 9 8 15 12
540 1 31 18 26 10 24 11 28 6 25 19 29 27 5 13 16 3 17 2 32 30 7 4 20 23 22 21 14 9 8 15 12
541 1 31 18 26 10 24 11 28 6 25 19 29 27 5 13 16 3 17 2 32 30 7 4 20 23 22 21 14 9 8 15 12
542 1 31 18 26 10 24 11 28 6 25 19 29 27 5 13 16 3 17 2 32 30 7 4 20 23 22 21 14 9 8 15 12
543 1 31 18 26 10 24 11 28 6 25 19 29 27 5 13 16 3 17 2 32 30 7 4 20 23 22 21 14 9 8 15 12
544 1 31 18 26 10 24 11 28 6 25 19 29 27 5 13 16 3 17 2 32 30 7 4 20 23 22 21 14 9 8 15 12
545 1 31 18 26 10 24 11 28 6 25 19 29 27 5 13 16 3 17 2 32 30 7 4 20 23 22 21 14 9 8 15 12
546 1 31 18 26 10 24 11 28 6 25 19 29 27 5 13 16 3 17 2 32 30 7 4 20 23 22 21 14 9 8 15 12
547 1 31 18 26 10 24 11 28 6 25 19 29 27 5 13 16 3 17 2 32 30 7 4 20 23 22 21 14 9 8 15 12
548 1 31 18 26 10 24 11 28 6 25 19 29 27 5 13 16 3 17 2 32 30 7 4 20 23 22 21 14 9 8 15 12
549 1 31 18 26 10 24 11 28 6 25 19 29 27 5 13 16 3 17 2 32 30 7 4 20 23 22 21 14 9 8 15 12
550 1 31 18 26 10 24 11 28 6 25 19 29 27 5 13 16 3 17 2 32 30 7 4 20 23 22 21 14 9 8 15 12
551 1 31 18 26 10 24 11 28 6 25 19 29 27 5 13 16 3 17 2 32 30 7 4 20 23 22 21 14 9 8 15 12
552 1 31 18 26 10 24 11 28 6 25 19 29 27 5 13 16 3 17 2 32 30 7 4 20 23 22 21 14 9 8 15 12
553 1 31 18 26 10 24 11 28 6 25 19 29 27 5 13 16 3 17 2 32 30 7 4 20 23 22 21 14 9 8 15 12
554 1 31 18 26 10 24 11 28 6 25 19 29 27 5 13 16 3 17 2 32 30 7 4 20 23 22 21 14 9 8 15 12
555 1 31 18 26 10 24 11 28 6 25 19 29 27 5 13 16 3 17 2 32 30 7 4 20 23 22 21 14 9 8 15 12
556 1 31 18 26 10 24 11 28 6 25 19 29 27 5 13 16 3 17 2 32 30 7 4 20 23 22 21 14 9 8 15 12
557 1 31 18 26 10 24 11 28 6 25 19 29 27 5 13 16 3 17 2 32 30 7 4 20 23 22 21 14 9 8 15 12
558 1 31 18 26 10 24 11 28 6 25 19 29 27 5 13 16 3 17 2 32 30 7 4 20 23 22 21 14 9 8 15 12
559 1 31 18 26 10 24 11 28 6 25 19 29 27 5 13 16 3 17 2 32 30 7 4 20 23 22 21 14 9 8 15 12
560 1 31 18 26 10 24 11 28 6 25 19 29 27 5 13 16 3 17 2 32 30 7 4 20 23 22 21 14 9 8 15 12
561 1 31 18 26 10 24 11 28 6 25 19 29 27 5 13 16 3 17 2 32 30 7 4 20 23 22 21 14 9 8 15 12
562 1 31 18 26 10 24 11 28 6 25 19 29 27 5 13 16 3 17 2 32 30 7 4 20 23 22 21 14 9 8 15 12
563 1 31 18 26 10 24 11 28 6 25 19 29 27 5 13 16 3 17 2 32 30 7 4 20 23 22 21 14 9 8 15 12
564 1 31 18 26 10 24 11 28 6 25 19 29 27 5 13 16 3 17 2 32 30 7 4 20 23 22 21 14 9 8 15 12
565 1 31 18 26 10 24 11 28 6 25 19 29 27 5 13 16 3 17 2 32 30 7 4 20 23 22 21 14 9 8 15 12
566 1 31 18 26 10 24 11 28 6 25 19 29 27 5 13 16 3 17 2 32 30 7 4 20 23 22 21 14 9 8 15 12
567 1 31 18 26 10 24 11 28 6 25 19 29 27 5 13 16 3 17 2 32 30 7 4 20 23 22 21 14 9 8 15 12
568 1 31 18 26 10 24 11 28 6 25 19 29 27 5 13 16 3 17 2 32 30 7 4 20 23 22 21 14 9 8 15 12
569 1 31 18 26 10 24 11 28 6 25 19 29 27 5 13 16 3 17 2 32 30 7 4 20 23 22 21 14 9 8 15 12
570 1 31 18 26 10 24 11 28 6 25 19 29 27 5 13 16 3 17 2 32 30 7 4 20 23 22 21 14 9 8 15 12
571 1 31 18 26 10 24 11 28 6 25 19 29 27 5 13 16 3 17 2 32 30 7 4 20 23 22 21 14 9 8 15 12
572 1 31 18 26 10 24 11 28 6 25 19 29 27 5 13 16 3 17 2 32 30 7 4 20 23 22 21 14 9 8 15 12
573 1 31 18 26 10 24 11 28 6 25 19 29 27 5 13 16 3 17 2 32 30 7 4 20 23 22 21 14 9 8 15 12
574 1 31 18 26 10 24 11 28 6 25 19 29 27 5 13 16 3 17 2 32 30 7 4 20 23 22 21 14 9 8 15 12
575 1 31 18 26 10 24 11 28 6 25 19 29 27 5 13 16 3 17 2 32 30 7 4 20 23 22 21 14 9 8 15 12
576 1 31 18 26 10 24 11 28 6 25 19 29 27 5 13 16 3 17 2 32 30 7 4 20 23 22 21 14 9 8 15 12
577 1 31 18 26 10 24 11 28 6 25 19 29 27 5 13 16 3 17 2 32 30 7 4 20 23 22 21 14 9 8 15 12
578 1 31 18 26 10 24 11 28 6 25 19 29 27 5 13 16 3 17 2 32 30 7 4 20 23 22 21 14 9 8 15 12
579 1 31 18 26 10 24 11 28 6 25 19 29 27 5 13 16 3 17 2 32 30 7 4 20 23 22 21 14 9 8 15 12
580 1 31 18 26 10 24 11 28 6 25 19 29 27 5 13 16 3 17 2 32 30 7 4 20 23 22 21 14 9 8 15 12
581 1 31 18 26 10 24 11 28 6 25 19 29 27 5 13 16 3 17 2 32 30 7 4 20 23 22 21 14 9 8 15 12
582 1 31 18 26 10 24 11 28 6 25 19 29 27 5 13 16 3 17 2 32 30 7 4 20 23 22 21 14 9 8 15 12
583 1 31 18 26 10 24 11 28 6 25 19 29 27 5 13 16 3 17 2 32 30 7 4 20 23 22 21 14 9 8 15 12
584 1 31 18 26 10 24 11 28 6 25 19 29 27 5 13 16 3 17 2 32 30 7 4 20 23 22 21 14 9 8 15 12
585 1 31 18 26 10 24 11 28 6 25 19 29 27 5 13 16 3 17 2 32 30 7 4 20 23 22 21 14 9 8 15 12
586 1 31 18 26 10 24 11 28 6 25 19 29 27 5 13 16 3 17 2 32 30 7 4 20 23 22 21 14 9 8 15 12
587 1 31 18 26 10 24 11 28 6 25 19 29 27 5 13 16 3 17 2 32 30 7 4 20 23 22 21 14 9 8 15 12
588 1 31 18 26 10 24 11 28 6 25 19 29 27 5 13 16 3 17 2 32 30 7 4 20 23 22 21 14 9 8 15 12
589 1 31 18 26 10 24 11 28 6 25 19 29 27 5 13 16 3 17 2 32 30 7 4 20 23 22 21 14 9 8 15 12
590 1 31 18 26 10 24 11 28 6 25 19 29 27 5 13 16 3 17 2 32 30 7 4 20 23 22 21 14 9 8 15 12
591 1 31 18 26 10 24 11 28 6 25 19 29 27 5 13 16 3 17 2 32 30 7 4 20 23 22 21 14 9 8 15 12
592 1 31 18 26 10 24 11 28 6 25 19 29 27 5 13 16 3 17 2 32 30 7 4 20 23 22 21 14 9 8 15 12
593 1 31 18 26 10 24 11 28 6 25 19 29 27 5 13 16 3 17 2 32 30 7 4 20 23 22 21 14 9 8 15 12
594 1 31 18 26 10 24 11 28 6 25 19 29 27 5 13 16 3 17 2 32 30 7 4 20 23 22 21 14 9 8 15 12
595 1 31 18 26 10 24 11 28 6 25 19 29 27 5 13 16 3 17 2 32 30 7 4 20 23 22 21 14 9 8 15 12
596 1 31 18 26 10 24 11 28 6 25 19 29 27 5 13 16 3 17 2 32 30 7 4 20 23 22 21 14 9 8 15 12
597 1 31 18 26 10 24 11 28 6 25 19 29 27 5 13 16 3 17 2 32 30 7 4 20 23 22 21 14 9 8 15 12
598 1 31 18 26 10 24 11 28 6 25 19 29 27 5 13 16 3 17 2 32 30 7 4 20 23 22 21 14 9 8 15 12
599 1 31 18 26 10 24 11 28 6 25 19 29 27 5 13 16 3 17 2 32 30 7 4 20 23 22 21 14 9 8 15 12
600 1 31 18 26 10 24 11 28 6 25 19 29 27 5 13 16 3 17 2 32 30 7 4 20 23 22 21 14 9 8 15 12
