0.499032   0.465936   0.498453
-0.364419   -0.354446   -0.499035
0.47458   -0.361479   -0.345229
-0.347117   -0.497798   -0.340909
-0.179426   -0.484542   0.496018
-0.00617042   -0.334953   0.497479
-0.156056   -0.320179   -0.339629
0.0041672   0.489719   -0.353157
0.165698   0.485663   0.498889
0.32249   -0.350911   0.490387
0.164039   -0.346983   -0.326403
0.317191   0.492039   -0.311893
0.476452   -0.169063   0.470868
-0.336803   -0.0182717   -0.498982
-0.489992   -0.019342   -0.330504
-0.331396   -0.16545   -0.358359
-0.173105   -0.18315   0.480734
0.000691309   -0.0186501   0.485678
-0.164926   -0.00604872   -0.360722
-0.00462671   -0.166737   -0.34625
0.151476   -0.196093   0.474276
0.318443   -0.0210013   -0.497044
0.160462   -0.0174438   -0.3365
0.306196   -0.182135   -0.334903
0.485487   0.156235   -0.499362
-0.326616   0.327799   0.478429
0.477422   0.31821   -0.341364
-0.346007   0.144708   -0.332406
-0.171018   0.153555   0.465863
-0.0203007   0.322812   -0.496516
-0.185064   0.350173   -0.352685
-0.0140283   0.15613   -0.360997
0.137428   0.185655   0.478371
0.31184   0.307666   -0.488675
0.159858   0.325764   -0.327247
0.317286   0.154904   -0.343694
0.473443   0.483703   -0.173926
-0.354837   -0.334911   -0.183518
0.479773   -0.363345   -0.01808
-0.344859   0.495973   0.000812523
-0.157076   -0.491369   -0.184602
0.00525181   -0.327064   -0.1844
-0.165704   -0.337721   -0.0239039
-0.00718946   0.493133   -0.0104824
0.150476   0.4828   -0.161659
0.312402   -0.341422   -0.153118
0.140647   -0.354221   -0.0103814
0.303634   0.48786   0.000510179
0.498075   -0.170619   -0.1596
-0.335791   -0.017362   -0.157869
-0.498571   -0.0111793   -0.0118211
-0.332554   -0.186072   -0.0111471
-0.174446   -0.168107   -0.179483
-0.011333   -0.0111437   -0.188261
-0.171591   -0.0247598   -0.0191638
0.012693   -0.166953   -0.00962625
0.163021   -0.178532   -0.159409
0.348099   -0.00788003   -0.180312
0.169755   -0.0110755   -0.0152941
0.344166   -0.172571   -0.00558943
0.490372   0.162946   -0.165491
-0.348271   0.331559   -0.177883
0.48436   0.340902   -0.00865728
-0.32252   0.146152   -0.00801726
-0.185548   0.162433   -0.192389
-0.0229986   0.325506   -0.168729
-0.165568   0.327892   -0.0131308
-0.0086005   0.151528   -0.00280561
0.160236   0.164287   -0.170903
0.325485   0.319621   -0.176754
0.133709   0.321724   -0.0120858
0.323115   0.138575   0.00251168
0.493544   0.479736   0.166712
-0.337281   -0.358367   0.159505
0.486228   -0.350997   0.339335
-0.342902   0.493675   0.330525
-0.152869   0.498642   0.154154
-0.0129029   -0.333126   0.162014
-0.163911   -0.331588   0.32995
-0.0146208   0.495153   0.328621
0.165029   -0.499988   0.169025
0.328016   -0.350406   0.164076
0.155436   -0.36013   0.329859
0.313017   0.483849   0.333577
-0.499694   -0.165102   0.150441
-0.34872   0.00131559   0.155645
0.488376   0.00305035   0.312439
-0.364459   -0.178176   0.333267
-0.207462   -0.170578   0.152473
-0.0164439   0.00483878   0.163695
-0.192303   -0.0170272   0.321226
-0.0165476   -0.160941   0.305655
0.182911   -0.172843   0.143579
0.32659   -0.00819245   0.159328
0.152843   -0.0121084   0.320721
0.330921   -0.179621   0.302335
0.49917   0.167556   0.15021
-0.334521   0.328619   0.166313
0.484834   0.324503   0.322848
-0.353185   0.171332   0.330807
-0.177836   0.157553   0.152985
-0.0070992   0.321001   0.14977
-0.173464   0.324521   0.312833
0.00140635   0.155052   0.318666
0.158425   0.154881   0.147246
0.324402   0.326443   0.135751
0.160981   0.332505   0.320812
0.338347   0.16107   0.323949
