-0.48161   -0.0453743   -0.410377   -0.481436   -0.0454594   -0.410641
0.0181992   -0.0702647   -0.360258   0.0182213   -0.0702651   -0.360309
-0.14279   -0.236963   -0.435038   -0.142805   -0.236838   -0.434914
-0.37454   -0.288154   0.295767   -0.37462   -0.288167   0.295731
0.44397   0.329995   0.452932   0.44391   0.330048   0.453058
-0.0887511   0.217046   -0.363431   -0.0887088   0.217142   -0.363542
-0.0536534   0.0115123   -0.0553633   -0.0536626   0.0115221   -0.0553793
-0.150533   0.355348   0.486396   -0.150571   0.35524   0.486491
-0.250642   -0.0480506   0.0228354   -0.250636   -0.0481371   0.022904
0.0812647   0.32903   -0.476358   0.0811639   0.329028   -0.476119
0.238008   -0.321235   0.189944   0.23792   -0.321135   0.190045
0.0120613   0.0564846   0.283772   0.0122899   0.0563953   0.283846
-0.232243   0.311565   -0.25752   -0.23222   0.31165   -0.257601
-0.154261   0.163621   0.396281   -0.154169   0.163648   0.396277
0.287272   0.234232   -0.45724   0.287398   0.234187   -0.457395
0.468951   -0.420806   0.225217   0.469052   -0.420749   0.225022
0.37003   0.493366   -0.378942   0.369971   0.493259   -0.378963
-0.481796   -0.268081   -0.456955   -0.481839   -0.268126   -0.457095
-0.480911   0.254727   -0.0674505   -0.480799   0.254693   -0.067573
-0.0836996   0.360915   0.0896005   -0.083482   0.360979   0.0895836
0.139925   0.364065   0.100429   0.139811   0.363993   0.100413
-0.130265   0.15588   0.175527   -0.130318   0.155818   0.175575
-0.202499   -0.0195557   0.471698   -0.202643   -0.0194965   0.471613
0.205417   -0.170074   0.320528   0.205743   -0.170034   0.320626
0.00975431   0.48092   0.36268   0.00966529   0.480864   0.36258
0.114877   0.175089   0.0219633   0.114806   0.175198   0.0219363
0.126705   -0.314168   -0.268977   0.126628   -0.314158   -0.268921
-0.0671241   -0.334209   -0.2352   -0.0671052   -0.334324   -0.23534
-0.261967   -0.21722   0.152376   -0.261884   -0.217285   0.152288
0.171824   -0.077711   -0.232431   0.171724   -0.0778916   -0.232404
-0.360242   0.458394   -0.484202   -0.360062   0.458296   -0.484356
0.393987   -0.429337   -0.00325802   0.394073   -0.429507   -0.00335999
-0.399531   0.0921155   0.392371   -0.399564   0.0921909   0.392325
-0.0023322   -0.135876   -0.174142   -0.00229848   -0.135824   -0.174192
-0.231059   -0.028129   0.244942   -0.231181   -0.0280479   0.244867
-0.462383   0.0544438   -0.00313217   -0.462485   0.0546301   -0.00326149
0.0724706   -0.307797   -0.499186   0.0726471   -0.30773   -0.499062
0.399734   -0.263594   0.335285   0.39973   -0.263555   0.33539
0.0276608   0.0855906   -0.218694   0.0274716   0.0856099   -0.21861
0.0129897   -0.463181   0.160254   0.0127492   -0.463241   0.16033
0.380604   0.442389   -0.187162   0.380496   0.442384   -0.187179
0.331842   0.367389   0.0293897   0.331926   0.367437   0.0292285
0.146338   0.0165975   0.127456   0.146544   0.0167896   0.127405
-0.21491   -0.496633   -0.316996   -0.214926   -0.496606   -0.316979
0.487359   0.159955   -0.438087   0.4875   0.159888   -0.438088
-0.0808288   -0.422426   -0.43704   -0.08088   -0.422475   -0.437005
0.342589   -0.218326   -0.233326   0.34258   -0.2185   -0.233469
0.268819   -0.118477   -0.0406631   0.268898   -0.118427   -0.0407488
0.462634   -0.474768   0.419833   0.462735   -0.474565   0.419789
-0.445103   0.343477   -0.341158   -0.444951   0.343602   -0.34094
-0.115126   -0.491851   -0.112035   -0.115178   -0.491884   -0.11209
-0.240902   -0.261877   -0.135939   -0.240826   -0.261909   -0.135979
-0.37282   -0.193369   -0.319449   -0.372564   -0.193431   -0.319399
-0.450704   0.459908   0.0436626   -0.450758   0.459819   0.0437567
-0.341162   0.47282   -0.135158   -0.341254   0.473035   -0.135159
0.158635   0.219725   0.370337   0.158592   0.219918   0.370508
0.408273   -0.269886   0.1174   0.408258   -0.269918   0.117528
-0.224781   -0.427227   0.0712017   -0.22465   -0.427153   0.0711659
-0.219362   0.338851   0.210864   -0.219521   0.338727   0.210919
0.0485137   -0.356363   -0.0598759   0.0484684   -0.356326   -0.0600916
-0.491956   -0.311744   -0.195702   -0.491956   -0.311731   -0.195675
-0.0587755   0.25549   -0.0924297   -0.058964   0.255418   -0.0923916
-0.395366   -0.345533   -0.000974761   -0.395337   -0.34556   -0.00101517
-0.207569   -0.399864   0.267424   -0.207554   -0.399834   0.267527
0.118318   -0.198864   0.0879411   0.118309   -0.198852   0.0879663
0.400175   0.336983   0.237738   0.400345   0.336945   0.237662
0.055695   -0.298968   0.302494   0.0557003   -0.298849   0.302663
-0.375635   -0.126794   0.435915   -0.375884   -0.126995   0.435882
-0.213054   -0.0953974   -0.265932   -0.213103   -0.0955183   -0.265954
-0.432367   -0.0717648   0.173959   -0.432529   -0.0717474   0.173991
0.154686   -0.49247   -0.38505   0.154721   -0.492521   -0.384938
-0.0501328   -0.0902486   0.17976   -0.0501083   -0.0902549   0.179685
0.299927   -0.324237   -0.440028   0.299916   -0.324052   -0.440065
0.221412   0.170768   -0.172604   0.221417   0.170888   -0.172759
0.323718   0.0295299   -0.464443   0.323379   0.0297156   -0.464312
0.242762   0.0297971   0.347255   0.242799   0.0297423   0.34719
0.232413   0.42294   0.444174   0.232301   0.422874   0.444175
0.0139021   0.113825   -0.485798   0.0137863   0.113753   -0.485798
-0.443952   -0.432772   -0.348123   -0.444097   -0.432856   -0.348204
0.0144424   -0.109914   0.440732   0.0144877   -0.110091   0.440713
-0.240943   0.169616   -0.0342295   -0.241034   0.169749   -0.034206
0.166376   0.48268   -0.142168   0.166401   0.48274   -0.14215
-0.236479   0.108155   -0.256561   -0.236462   0.108181   -0.256504
0.293167   0.0803014   0.0276003   0.293032   0.0803385   0.0275766
-0.284402   0.205675   -0.424319   -0.284559   0.205666   -0.424174
-0.339111   0.112448   0.152149   -0.339019   0.112409   0.152311
-0.425066   -0.151669   -0.0292692   -0.425154   -0.151728   -0.0293913
-0.276121   0.374062   0.0155566   -0.276157   0.374183   0.0155238
0.151213   0.314569   -0.281492   0.151069   0.314592   -0.281444
-0.0859374   -0.300834   0.107235   -0.0860242   -0.300894   0.107266
0.232063   -0.369905   0.377415   0.232069   -0.369974   0.377422
0.196868   -0.143575   -0.428077   0.196795   -0.143486   -0.428071
0.377865   0.223625   -0.267347   0.378007   0.223632   -0.26724
0.234144   -0.316314   -0.0230099   0.234103   -0.316424   -0.0230527
-0.16532   -0.217326   0.376658   -0.165122   -0.217091   0.376749
-0.0137616   0.307513   0.271973   -0.0137016   0.307541   0.272059
0.184713   0.0964366   -0.344873   0.184747   0.0963543   -0.344927
-0.274342   -0.343334   0.469556   -0.274264   -0.343322   0.469615
0.373284   -0.0832741   0.1912   0.373373   -0.083373   0.191171
0.440606   0.191086   0.107583   0.440708   0.190845   0.107684
-0.356514   0.299374   0.406236   -0.356615   0.299401   0.406359
0.460573   -0.0608106   0.362084   0.46057   -0.0608591   0.362014
-0.349491   0.464314   0.298434   -0.349375   0.46423   0.298375
0.187681   0.476722   0.261385   0.187765   0.47667   0.26148
-0.409764   0.301292   0.175415   -0.409748   0.301414   0.175464
0.251195   0.209368   0.202134   0.251129   0.209449   0.201856
0.39875   0.162482   0.366798   0.398872   0.162319   0.367047
-0.0266594   0.437495   -0.274862   -0.0266026   0.437545   -0.274778
