-0.206999   -0.330804   -0.450184   -0.206988   -0.330817   -0.45019
-0.344795   0.125636   0.367142   -0.3448   0.125624   0.367139
-0.11273   -0.123867   0.487065   -0.112739   -0.123853   0.487065
-0.34652   0.0761662   0.044426   -0.346514   0.0761681   0.0444337
0.466234   -0.383566   -0.496653   0.466232   -0.38358   -0.496645
0.438123   0.451746   -0.404645   0.438102   0.451724   -0.404635
0.0344141   -0.0967717   -0.277297   0.0344026   -0.0967547   -0.277304
0.176565   -0.49593   0.260187   0.176571   -0.495949   0.260193
0.360625   0.420708   0.259512   0.360627   0.420698   0.259494
-0.433937   -0.20574   -0.448378   -0.433935   -0.205745   -0.448369
-0.281351   -0.00244579   -0.426728   -0.281362   -0.00245839   -0.426727
0.276288   0.086559   0.404837   0.276297   0.0865578   0.404832
0.456333   0.0219515   0.374601   0.456341   0.0219596   0.374588
-0.0651794   -0.491556   0.251826   -0.0652022   -0.491527   0.251819
-0.154983   -0.182394   -0.303114   -0.154972   -0.182384   -0.303122
0.161888   -0.402966   0.465368   0.16191   -0.402967   0.465374
-0.371207   -0.397204   0.0199586   -0.371196   -0.39719   0.0199744
0.321965   -0.360402   -0.372162   0.321955   -0.360392   -0.37217
-0.180107   0.103598   -0.0244513   -0.180122   0.103597   -0.0244378
-0.456672   0.48101   -0.141762   -0.456679   0.481006   -0.141771
0.220298   0.268375   0.263534   0.220286   0.268377   0.263519
-0.464746   0.38358   0.417212   -0.464749   0.383573   0.41721
0.441294   -0.0811483   -0.0282624   0.441293   -0.0811444   -0.0282607
-0.48746   -0.413006   0.25881   -0.487475   -0.413003   0.258816
-0.395527   -0.351807   -0.249672   -0.395538   -0.351797   -0.249673
0.103511   -0.234436   0.394179   0.103521   -0.234446   0.394193
0.0435673   0.0626933   0.21436   0.0435584   0.0626786   0.214364
0.203156   -0.328239   -0.210369   0.203156   -0.328254   -0.210377
0.261705   -0.372666   -0.0176418   0.2617   -0.372667   -0.0176314
-0.486755   0.365328   0.0265848   -0.486751   0.365342   0.0265947
0.348429   0.0795794   -0.189381   0.348421   0.0795657   -0.189377
-0.129889   0.057903   0.409586   -0.12989   0.0579007   0.409579
0.316053   0.087844   0.191072   0.316048   0.0878433   0.191081
0.353947   -0.112601   -0.23611   0.35396   -0.112589   -0.236097
0.149046   -0.182058   0.128504   0.149046   -0.182072   0.128498
-0.480476   0.00825379   -0.321634   -0.48047   0.00825989   -0.321634
-0.377843   -0.222352   0.161733   -0.377829   -0.222343   0.161728
0.458162   0.188867   -0.0730475   0.458161   0.188867   -0.0730446
-0.0777613   0.038553   -0.378715   -0.0777548   0.0385545   -0.378703
0.00105779   -0.298344   0.00375274   0.00104345   -0.298352   0.00376175
0.318332   0.457616   0.443057   0.318339   0.457609   0.443065
0.428606   0.150386   -0.459373   0.428618   0.150401   -0.459381
-0.169841   0.399871   -0.40177   -0.169857   0.399862   -0.401748
-0.279708   -0.0798925   0.320739   -0.279714   -0.0799003   0.320735
0.414309   0.362853   -0.215454   0.414307   0.362855   -0.215447
0.476844   0.18314   0.127637   0.476836   0.183128   0.127634
-0.271614   0.481282   0.382128   -0.27161   0.48129   0.382112
-0.310789   0.243872   0.128794   -0.310787   0.243876   0.128796
-0.374621   -0.141304   -0.250221   -0.374612   -0.141293   -0.250209
-0.283141   0.0537713   -0.190675   -0.283123   0.0537689   -0.190663
-0.171799   0.302997   0.304405   -0.171794   0.30298   0.304405
0.430772   -0.312168   0.0900122   0.430795   -0.312164   0.0900077
-0.140268   -0.219998   0.113723   -0.140284   -0.220009   0.113752
-0.0259   0.0939182   -0.187584   -0.0258903   0.0939137   -0.187577
0.185998   0.453508   -0.303534   0.186011   0.453517   -0.303549
-0.297308   0.289027   -0.493096   -0.297312   0.289034   -0.493085
0.1842   -0.0917369   -0.112692   0.184202   -0.0917229   -0.11269
0.317359   -0.346318   0.278602   0.317365   -0.346322   0.278597
0.0932747   0.289326   -0.0441363   0.093264   0.289321   -0.0441363
0.484742   -0.196336   0.337772   0.484737   -0.196321   0.337769
0.395933   -0.349189   -0.184831   0.395937   -0.349214   -0.184823
-0.0625962   0.221868   0.1345   -0.0625817   0.221875   0.134498
-0.000946704   0.218194   -0.324637   -0.000959802   0.218189   -0.324626
-0.0805173   0.25123   0.462364   -0.0805279   0.251235   0.462361
0.0147791   -0.312567   0.232876   0.0147734   -0.31257   0.232878
0.0699565   -0.0215049   0.446122   0.0699638   -0.0215128   0.44612
-0.470454   0.202015   -0.259585   -0.470458   0.202001   -0.259593
0.279646   0.276686   -0.47574   0.279636   0.276677   -0.475756
0.0772503   -0.470635   -0.118539   0.0772252   -0.470648   -0.11854
-0.426178   0.00138653   0.208762   -0.426185   0.00139897   0.208767
-0.0648361   -0.460924   0.495175   -0.0648322   -0.460928   0.495172
-0.00773662   -0.300388   -0.214613   -0.00772677   -0.300372   -0.214611
0.348352   0.485827   0.0748393   0.348365   0.485836   0.0748485
0.437616   0.222956   0.331215   0.437633   0.222951   0.331199
0.365092   -0.14437   0.165372   0.365104   -0.144368   0.165394
-0.18935   -0.32932   -0.126605   -0.189342   -0.329323   -0.12661
-0.0460513   -0.0441929   0.062174   -0.0460515   -0.0441942   0.0621735
-0.211692   -0.421567   0.123199   -0.211697   -0.421569   0.123204
0.303316   -0.224686   0.434   0.303301   -0.22467   0.433985
0.0728926   0.354784   -0.470542   0.0728866   0.35478   -0.470542
-0.131099   -0.276143   0.35742   -0.131106   -0.276131   0.357413
-0.231117   -0.479759   -0.263526   -0.231116   -0.47976   -0.263542
-0.406133   -0.219138   -0.0785971   -0.406144   -0.21914   -0.0786026
0.266294   0.22219   -0.297246   0.266296   0.222192   -0.297248
0.191024   -0.181284   -0.356502   0.191016   -0.18129   -0.356499
0.17029   0.0909493   -0.0661193   0.170303   0.0909495   -0.0661417
-0.343084   -0.333006   0.37569   -0.34307   -0.333008   0.375693
-0.26205   0.422744   -0.0581577   -0.262059   0.422745   -0.0581639
0.253263   0.416865   -0.0902622   0.253245   0.416863   -0.0902616
-0.0322766   0.398991   -0.246159   -0.0322706   0.399011   -0.246164
0.119389   0.481227   0.0791752   0.119415   0.481237   0.0791659
-0.163844   0.253198   -0.166404   -0.163834   0.253202   -0.166404
-0.257661   -0.107404   -0.0023112   -0.257656   -0.107397   -0.00232157
-0.200953   0.0632431   0.211087   -0.200961   0.0632441   0.211082
0.0310883   -0.295404   -0.397184   0.0311031   -0.295413   -0.397192
-0.0261316   -0.121117   0.249995   -0.0261271   -0.121114   0.250001
0.0487072   0.358303   0.298084   0.048692   0.358287   0.298097
-0.377257   0.420534   0.216538   -0.37725   0.42054   0.216539
-0.336586   0.368276   -0.294004   -0.336594   0.368287   -0.294005
0.101715   0.158377   0.481704   0.101715   0.158379   0.4817
-0.35193   0.236595   -0.0930399   -0.351928   0.236605   -0.0930424
0.170344   0.0366688   -0.289342   0.170344   0.0366718   -0.289342
0.279948   0.263012   0.0655145   0.279947   0.263014   0.0655129
-0.210677   0.177755   -0.348276   -0.210673   0.177752   -0.348283
0.245083   -0.0391962   -0.45319   0.245084   -0.0391966   -0.45318
-0.359853   -0.474692   -0.450543   -0.35985   -0.474689   -0.450551
-0.0732296   0.38018   -0.0190856   -0.073231   0.380184   -0.0190857
0.204455   -0.120064   0.286203   0.204453   -0.120072   0.286199
