1 1 31 7 22 19 5 3 12 8 9 26 18 6 27 17 24 28 23 14 15 4 30 2 25 13 20 11 29 21 32 16 10
2 1 31 7 22 30 15 11 5 4 23 16 13 27 3 26 32 14 19 20 8 2 17 6 10 12 18 9 24 28 25 29 21
3 1 31 7 22 30 15 11 5 4 23 16 13 27 3 26 32 9 18 10 12 14 8 19 21 6 29 25 28 24 17 2 20
4 1 9 18 10 12 14 32 8 17 11 26 31 7 22 19 5 3 6 27 24 28 25 16 30 15 4 23 13 21 29 2 20
5 1 31 7 22 30 15 32 26 3 27 13 16 23 4 5 11 9 18 10 12 14 8 17 19 6 24 28 25 21 29 2 20
6 1 31 7 22 30 15 9 18 10 12 14 32 8 17 11 26 3 27 13 16 23 4 5 19 6 24 28 25 21 29 2 20
7 1 31 7 22 30 15 9 18 10 12 14 32 8 17 11 26 3 27 19 5 6 24 28 25 16 4 23 13 21 29 2 20
8 1 31 7 22 30 15 9 18 10 12 14 32 8 17 11 26 3 27 19 5 6 24 28 13 16 23 4 25 29 21 2 20
9 1 31 7 22 30 15 9 18 10 12 14 32 8 17 11 26 3 27 19 5 6 24 28 25 13 16 23 4 21 29 2 20
10 1 32 7 22 30 15 9 18 10 12 14 31 8 17 11 26 3 27 19 5 6 24 28 25 13 16 23 4 21 29 2 20
11 1 32 7 22 30 15 9 18 31 14 12 10 8 17 11 26 3 27 19 5 6 24 28 13 16 23 4 25 29 21 2 20
12 1 32 7 22 30 15 9 18 31 14 12 10 8 17 11 26 3 27 19 5 6 24 28 25 13 16 23 4 21 29 2 20
13 1 32 7 22 30 15 9 18 10 12 31 14 8 17 11 26 3 27 19 5 6 24 28 25 13 16 2 29 21 4 23 20
14 1 31 7 22 32 30 15 9 18 10 12 14 8 17 11 26 3 27 19 5 6 24 28 25 13 16 2 29 21 4 23 20
15 1 31 12 10 18 9 15 30 32 22 7 14 8 17 11 26 3 27 19 5 6 24 28 25 13 16 2 29 21 4 23 20
16 1 31 12 10 18 9 15 30 32 22 7 14 8 17 11 26 3 27 19 5 6 24 28 25 13 16 2 29 21 4 23 20
17 1 31 12 10 18 9 15 32 7 22 30 14 8 17 11 26 3 27 19 5 6 24 28 25 13 16 2 29 21 4 23 20
18 1 31 12 10 18 9 15 30 32 22 7 14 8 24 11 26 3 27 19 5 6 17 28 25 13 16 2 29 21 4 23 20
19 1 31 12 10 18 9 15 30 32 22 7 14 8 24 11 26 3 17 27 19 5 6 28 25 13 16 2 29 21 4 23 20
20 1 31 12 10 18 9 15 32 7 22 30 14 8 24 11 26 3 17 27 19 5 6 28 25 13 16 2 29 21 4 23 20
21 1 31 12 10 18 9 15 30 32 22 7 14 8 24 11 26 3 17 27 19 29 6 28 25 13 16 5 2 21 4 23 20
22 1 31 12 10 18 9 15 30 32 22 7 14 8 24 11 26 3 17 27 19 29 5 6 28 25 13 16 2 21 4 23 20
23 1 31 12 10 18 9 15 32 7 30 22 14 8 24 11 26 3 17 27 19 29 5 6 28 25 13 16 2 21 4 23 20
24 1 18 9 10 31 12 15 32 7 30 22 14 8 24 11 26 3 17 27 19 29 5 6 28 25 13 16 2 21 4 23 20
25 1 18 9 10 31 12 15 32 7 30 22 14 8 24 11 26 3 17 27 19 29 5 6 28 25 13 16 2 21 4 23 20
26 1 31 12 18 9 10 15 32 7 30 22 21 2 16 13 25 28 6 5 29 19 27 17 3 26 11 24 8 14 4 23 20
27 1 31 12 18 9 10 15 32 7 30 22 14 8 24 11 26 3 17 27 19 29 5 6 28 25 13 16 2 21 4 23 20
28 1 18 31 12 9 10 15 32 7 30 22 14 8 24 11 26 3 17 27 19 29 5 6 28 25 13 16 2 21 4 23 20
29 1 18 31 12 9 10 15 32 7 30 22 14 8 24 11 26 3 17 27 19 29 5 6 28 25 13 16 21 2 4 23 20
30 1 18 31 12 9 10 15 32 7 30 22 14 8 24 11 26 3 17 27 19 29 5 6 28 25 13 16 21 2 4 23 20
31 1 18 31 12 9 10 15 32 30 7 22 14 8 24 11 26 3 17 27 19 29 5 6 28 25 13 16 21 2 4 23 20
32 1 18 31 12 9 3 26 11 24 8 10 15 32 7 30 22 14 17 27 19 29 5 6 28 25 13 16 21 2 4 23 20
33 1 18 31 12 9 3 26 11 24 8 10 15 32 7 30 22 14 17 27 19 29 5 6 28 25 13 16 21 2 4 23 20
34 1 18 31 12 9 10 26 11 24 8 14 22 7 30 32 15 3 17 27 19 29 5 6 28 25 13 16 21 2 4 23 20
35 1 18 31 12 9 10 26 11 24 8 14 22 7 30 32 15 3 17 27 19 29 5 6 28 25 13 16 21 2 4 23 20
36 1 18 31 12 9 10 26 11 24 8 14 22 7 30 32 15 3 17 27 19 29 5 6 28 25 13 16 21 2 4 23 20
37 1 18 31 12 9 10 26 11 24 8 14 22 7 30 32 15 3 17 27 19 29 5 6 28 25 13 16 21 2 4 23 20
38 1 18 31 12 9 10 26 11 24 8 14 22 7 30 32 23 4 2 21 16 13 25 28 6 5 29 19 27 17 3 15 20
39 1 18 31 12 9 10 26 11 24 8 14 22 7 30 32 23 4 2 21 16 13 25 28 6 5 29 19 27 17 3 15 20
40 1 18 31 12 9 10 26 11 24 8 14 22 7 30 32 23 4 2 21 16 13 25 28 6 5 29 19 27 17 3 15 20
41 1 18 31 12 9 10 26 24 11 8 14 22 7 30 32 23 4 2 21 16 13 25 28 6 5 29 19 27 17 3 15 20
42 1 18 31 12 9 10 26 24 11 8 14 22 7 30 32 23 4 2 21 16 13 25 28 6 5 29 19 27 17 3 15 20
43 1 18 31 12 9 10 26 24 11 8 14 22 7 30 32 23 4 2 21 16 13 25 28 6 5 29 19 27 17 3 15 20
44 1 18 31 12 9 10 26 24 11 8 14 22 7 30 32 23 4 2 21 16 13 25 28 6 5 29 19 27 17 3 15 20
45 1 18 31 12 9 10 26 24 11 8 14 22 7 30 32 23 4 2 21 16 13 25 28 6 5 29 19 27 17 3 15 20
46 1 18 31 12 9 10 26 24 11 8 14 22 7 30 32 23 4 2 21 16 13 25 28 6 5 29 19 27 17 3 15 20
47 1 18 31 12 9 10 26 24 11 8 14 22 7 30 32 23 4 2 21 16 13 25 28 6 5 29 19 27 17 3 15 20
48 1 18 31 12 9 10 26 24 11 8 14 22 7 30 32 23 4 2 21 16 13 25 28 6 5 29 19 27 17 3 15 20
49 1 18 31 12 9 10 26 24 11 8 14 22 7 30 32 23 4 2 21 17 27 19 29 5 6 28 25 13 16 3 15 20
50 1 18 31 12 9 10 26 24 11 8 14 22 7 30 32 23 4 2 21 17 27 19 29 5 6 28 25 13 16 3 15 20
51 1 18 31 12 9 10 26 24 11 8 14 22 7 30 32 23 4 2 21 17 27 19 29 5 6 28 25 13 16 3 15 20
52 1 18 31 12 9 10 26 24 11 8 14 22 7 30 32 23 4 2 21 17 27 19 29 5 6 28 25 13 16 3 15 20
53 1 18 31 12 9 10 26 24 11 8 14 22 7 30 32 23 4 2 21 17 27 19 29 5 6 28 25 13 16 3 15 20
54 1 18 31 12 9 10 26 24 11 8 14 22 7 30 32 23 4 2 21 17 27 19 29 5 6 28 25 13 16 3 15 20
55 1 18 31 12 9 10 26 24 11 8 14 22 7 30 32 23 4 2 21 17 19 29 27 5 6 28 25 13 16 3 15 20
56 1 18 31 12 9 10 26 24 11 8 14 22 7 30 32 23 4 2 21 17 19 29 27 5 6 28 25 13 16 3 15 20
57 1 18 31 12 9 10 26 24 11 8 14 22 7 30 32 23 4 2 21 17 19 29 27 5 6 28 25 13 16 3 15 20
58 1 18 31 12 26 10 9 24 11 8 14 22 7 30 32 23 4 2 21 17 19 29 27 5 6 28 25 13 16 3 15 20
59 1 18 31 12 9 26 10 24 11 8 14 22 7 30 32 23 4 2 21 17 19 29 27 5 6 28 25 13 16 3 15 20
60 1 18 31 12 9 26 10 24 11 8 14 22 7 30 32 23 4 2 21 17 19 29 27 5 6 28 25 13 16 3 15 20
61 1 18 31 12 9 26 10 24 11 8 14 22 7 30 32 23 4 2 21 17 19 29 27 5 6 28 25 13 16 3 15 20
62 1 18 31 12 9 26 10 24 11 8 14 22 7 30 32 23 4 2 21 17 19 29 27 5 6 28 25 13 16 3 15 20
63 1 18 31 12 9 26 10 24 11 8 14 22 7 30 32 23 4 2 21 17 19 29 27 5 6 28 25 13 16 3 15 20
64 1 18 31 12 9 26 10 24 11 8 14 22 7 30 32 23 4 2 21 17 19 29 27 5 6 28 25 13 16 3 15 20
65 1 18 31 12 9 26 10 24 11 8 14 22 7 30 32 23 4 2 21 17 19 29 27 5 6 28 25 13 16 3 15 20
66 1 18 31 12 9 26 10 24 11 8 14 22 7 30 32 23 4 2 21 17 19 29 27 5 6 28 25 13 16 3 15 20
67 1 18 31 12 9 26 10 24 11 8 14 22 7 30 32 23 4 2 21 17 19 29 27 5 6 28 25 13 16 3 15 20
68 1 18 31 12 9 26 10 24 11 8 14 22 7 30 32 23 4 2 21 17 19 29 27 5 6 28 25 13 16 3 15 20
69 1 18 31 12 9 26 10 24 11 8 14 22 7 30 32 23 4 2 21 17 19 29 27 5 6 28 25 13 16 3 15 20
70 1 18 31 12 9 26 10 24 11 8 14 22 7 30 32 23 4 2 21 17 19 29 27 5 6 28 25 13 16 3 15 20
71 1 18 31 12 9 26 10 24 11 8 14 22 7 30 32 23 4 2 21 17 19 29 27 5 6 28 25 13 16 3 15 20
72 1 18 31 12 9 26 10 24 11 8 14 22 7 30 32 23 4 2 21 17 19 29 27 5 25 28 6 13 16 3 15 20
73 1 18 31 12 9 26 10 24 11 8 14 22 7 30 32 23 4 2 21 17 19 29 27 5 25 28 6 13 16 3 15 20
74 1 18 31 12 9 26 10 24 11 8 14 22 7 30 32 23 4 2 21 17 19 29 27 5 25 28 6 13 16 3 15 20
75 1 18 31 12 8 26 10 24 11 9 14 22 7 30 32 23 4 2 21 17 19 29 27 5 25 28 6 13 16 3 15 20
76 1 18 31 12 8 26 10 24 11 9 14 22 7 30 32 23 4 2 21 17 19 29 27 5 25 28 6 13 16 3 15 20
77 1 18 31 12 8 26 10 24 11 9 14 22 7 30 32 23 4 2 21 17 19 29 27 5 25 28 6 13 16 3 15 20
78 1 18 31 12 8 26 10 24 11 9 14 22 7 30 32 23 4 2 21 17 19 29 27 5 25 28 6 13 16 3 15 20
79 1 18 31 12 8 26 10 24 11 9 14 22 7 30 32 23 4 2 21 17 19 29 27 5 25 28 6 13 16 3 15 20
80 1 18 31 12 8 26 10 24 11 9 14 22 7 30 32 23 4 2 21 17 19 29 27 5 25 28 6 13 16 3 15 20
81 1 18 31 12 8 26 10 24 11 9 14 22 7 30 32 23 4 2 21 17 19 29 27 5 25 28 6 13 16 3 15 20
82 1 18 31 12 8 26 10 24 11 9 14 22 7 30 32 23 4 2 21 17 19 29 27 5 25 28 6 13 16 3 15 20
83 1 18 31 12 8 26 10 24 11 9 14 22 7 30 32 23 4 2 21 17 19 29 27 5 25 28 6 13 16 3 15 20
84 1 18 31 12 8 26 10 24 11 9 14 22 7 30 32 23 4 2 21 17 19 29 27 5 25 28 6 13 16 3 15 20
85 1 18 31 12 8 26 10 24 11 9 14 22 7 30 32 23 4 2 21 17 19 29 27 5 25 28 6 13 16 3 15 20
86 1 18 31 12 8 26 10 24 11 9 14 22 32 30 7 23 4 2 21 17 19 29 27 5 25 28 6 13 16 3 15 20
87 1 18 31 12 8 26 10 24 11 9 14 22 32 30 7 23 4 2 21 17 19 29 27 5 25 28 6 13 16 3 15 20
88 1 18 31 12 8 26 10 24 11 9 14 3 16 13 6 28 25 5 27 29 19 17 21 2 4 23 32 30 7 22 15 20
89 1 18 31 12 8 26 10 24 11 9 14 3 16 13 6 28 25 5 27 29 19 17 21 2 4 23 32 30 7 22 15 20
90 1 18 31 12 8 26 10 24 11 9 14 3 16 13 6 28 25 5 27 29 19 17 21 2 22 32 30 7 4 23 15 20
91 1 18 31 12 8 26 10 24 11 9 14 3 16 13 6 28 25 5 27 29 19 17 21 2 22 32 30 7 4 23 15 20
92 1 18 31 12 8 26 10 24 11 9 14 3 16 13 6 28 25 5 27 29 19 17 21 2 22 32 30 7 4 23 15 20
93 1 18 31 12 8 26 10 24 11 9 14 3 16 13 6 28 25 5 27 29 19 17 21 2 22 32 30 7 4 23 15 20
94 1 18 31 12 8 26 10 24 11 9 14 3 16 13 6 28 25 5 27 29 19 17 21 2 22 32 30 7 4 23 15 20
95 1 18 31 12 8 26 10 24 11 9 14 3 16 13 6 28 25 5 27 29 19 17 21 2 22 32 30 7 4 23 15 20
96 1 18 31 12 8 26 10 24 11 9 14 3 16 13 6 28 25 5 27 29 19 17 21 2 22 32 30 7 4 23 15 20
97 1 18 31 12 8 26 10 24 11 9 14 3 16 13 6 28 25 5 27 29 19 17 21 2 22 32 30 7 4 23 15 20
98 1 18 31 12 8 26 10 24 11 9 14 3 16 13 6 28 25 5 27 29 19 17 21 2 22 32 30 7 4 23 15 20
99 1 18 31 12 8 26 10 24 11 9 14 3 16 13 6 28 25 5 27 29 19 17 21 2 22 32 30 7 4 23 15 20
100 1 18 31 12 8 26 10 11 24 9 14 3 16 13 6 28 25 5 27 29 19 17 21 2 22 32 30 7 4 23 15 20
101 1 18 31 12 8 26 10 11 24 9 14 3 16 13 6 28 25 5 27 29 19 17 21 2 22 32 30 7 4 23 15 20
102 1 18 31 12 8 26 10 11 24 9 14 3 16 13 6 28 25 5 27 29 19 17 21 2 22 32 30 7 4 23 15 20
103 1 18 31 12 8 26 10 11 24 9 14 3 16 13 6 28 25 5 27 29 19 17 21 2 22 32 30 7 4 23 15 20
104 1 18 31 12 8 26 10 11 24 9 14 3 16 13 6 28 25 5 27 29 19 17 21 2 22 32 30 7 4 23 15 20
105 1 18 31 12 8 26 10 11 24 9 14 3 16 13 6 28 25 5 27 29 19 17 21 2 22 32 30 7 4 23 15 20
106 1 18 31 12 8 26 10 11 24 9 14 3 16 13 6 28 25 5 27 29 19 17 21 2 22 32 30 7 4 23 15 20
107 1 18 31 12 8 26 10 11 24 9 14 3 16 13 6 28 25 5 27 29 19 17 21 2 22 32 30 7 20 4 23 15
108 1 18 31 12 8 26 10 11 24 9 14 3 16 13 6 28 25 5 27 29 19 17 21 2 22 32 30 7 20 4 23 15
109 1 18 31 12 8 26 10 11 24 9 14 3 16 13 6 28 25 5 27 29 19 17 21 2 22 32 30 7 4 20 23 15
110 1 18 31 12 8 26 10 11 24 9 14 3 16 13 6 28 25 5 27 29 19 17 21 2 22 32 30 7 4 23 20 15
111 1 18 31 12 8 26 10 11 24 9 14 3 16 13 6 28 25 5 27 29 19 17 21 2 22 32 30 7 4 23 20 15
112 1 18 31 12 8 26 10 11 24 9 14 3 16 13 6 28 25 5 27 29 19 17 21 2 22 32 30 7 4 23 20 15
113 1 18 31 12 8 26 10 11 24 9 14 3 16 13 6 28 25 5 27 29 19 17 21 2 22 32 30 7 4 23 20 15
114 1 18 31 12 8 26 10 11 24 9 14 3 16 13 6 28 25 5 27 29 19 17 21 2 22 32 30 7 4 23 20 15
115 1 18 31 12 8 26 10 11 24 9 14 3 16 13 6 28 25 5 27 29 19 17 21 2 22 32 30 7 4 23 20 15
116 1 18 31 12 8 26 10 11 24 9 14 3 16 13 6 28 25 5 27 29 19 17 21 2 22 32 30 7 4 23 20 15
117 1 18 31 12 8 26 10 11 24 9 14 3 16 13 6 28 25 5 27 29 19 17 21 2 22 32 30 7 4 23 20 15
118 1 18 31 12 8 26 10 11 24 9 14 3 16 13 6 28 25 5 27 29 19 17 21 2 22 32 30 7 4 23 20 15
119 1 18 31 12 8 26 10 11 24 9 14 3 16 13 6 28 25 5 27 29 19 17 21 2 22 32 30 7 4 23 20 15
120 1 18 31 12 8 26 10 11 24 9 14 3 16 13 6 28 25 5 27 29 19 17 21 2 22 32 30 7 4 23 20 15
121 1 18 31 12 8 26 10 11 24 9 14 3 16 13 6 28 25 5 27 29 19 17 21 2 22 32 30 7 4 23 20 15
122 1 18 31 12 8 26 10 11 24 9 14 3 16 13 6 28 25 5 27 29 19 17 21 2 22 32 30 7 4 23 20 15
123 1 18 31 12 8 26 10 11 24 9 14 3 16 13 6 28 25 5 27 29 19 17 21 2 22 32 30 7 4 23 20 15
124 1 18 31 12 8 26 10 11 24 9 14 3 16 13 6 28 25 5 27 29 19 17 21 2 22 32 30 7 4 23 20 15
125 1 18 31 12 8 26 10 11 24 9 14 3 16 13 6 28 25 5 27 29 19 17 21 2 22 32 30 7 4 23 20 15
126 1 18 31 12 8 26 10 11 24 9 14 3 16 13 6 28 25 5 27 29 19 17 21 2 22 32 30 7 4 23 20 15
127 1 18 31 12 8 26 10 11 24 9 14 3 16 13 6 28 25 5 27 29 19 17 21 2 22 32 30 7 4 23 20 15
128 1 18 31 12 8 26 10 11 24 9 14 3 16 13 6 28 25 5 27 29 19 17 21 2 22 32 30 7 4 23 20 15
129 1 18 31 12 8 26 10 11 24 9 14 3 16 13 6 28 25 5 27 29 19 17 21 2 22 32 30 7 4 23 20 15
130 1 18 31 12 8 26 10 11 24 9 14 3 16 13 6 28 25 5 27 29 19 17 21 2 22 32 30 7 4 23 20 15
131 1 18 31 12 8 26 10 11 24 9 14 3 16 13 6 28 25 5 27 29 19 17 21 2 22 32 30 7 4 23 20 15
132 1 18 31 12 8 26 10 11 24 9 14 3 16 13 6 28 25 5 27 29 19 17 21 2 22 32 30 7 4 23 20 15
133 1 18 31 12 8 26 10 11 24 9 14 3 16 13 6 28 25 5 27 29 19 17 21 2 22 32 30 7 4 23 20 15
134 1 18 31 12 8 26 10 11 24 9 14 3 16 13 6 28 25 5 27 29 19 17 21 2 22 32 30 7 4 23 20 15
135 1 18 31 12 8 26 10 11 24 9 14 3 16 13 6 28 25 5 27 29 19 17 21 2 22 32 30 7 4 23 20 15
136 1 18 31 12 8 26 10 11 24 9 14 3 16 13 6 28 25 5 27 29 19 17 21 2 22 32 30 7 4 23 20 15
137 1 18 31 12 8 26 10 11 24 9 14 3 16 13 6 28 25 5 27 29 19 17 21 2 22 32 30 7 4 23 20 15
138 1 18 31 12 8 26 10 11 24 9 14 3 16 13 6 28 25 5 27 29 19 17 21 2 22 32 30 7 4 23 20 15
139 1 18 31 12 8 26 10 11 24 9 14 3 16 13 6 28 25 5 27 29 19 17 21 2 22 32 30 7 4 23 20 15
140 1 18 31 12 8 26 10 11 24 9 14 3 16 13 6 28 25 5 27 29 19 17 21 2 22 32 30 7 4 23 20 15
141 1 18 31 12 8 26 10 11 24 9 14 3 16 13 6 28 25 5 27 29 19 17 21 2 22 32 30 7 4 23 20 15
142 1 18 31 12 8 26 10 11 24 9 14 3 16 13 6 28 25 5 27 29 19 17 21 2 22 32 30 7 4 23 20 15
143 1 18 31 12 8 26 10 11 24 9 14 3 16 13 6 28 25 5 27 29 19 17 21 2 22 32 30 7 4 23 20 15
144 1 18 31 12 8 26 10 11 24 9 14 3 16 13 6 28 25 5 27 29 19 17 21 2 22 32 30 7 4 23 20 15
145 1 18 31 12 8 26 10 11 24 9 14 3 16 13 6 28 25 5 27 29 19 17 21 2 22 32 30 7 4 23 20 15
146 1 18 31 12 8 26 10 11 24 9 14 3 16 13 6 28 25 5 27 29 19 17 21 2 22 32 30 7 4 23 20 15
147 1 18 31 12 8 26 10 11 24 9 14 3 16 13 6 28 25 5 27 29 19 17 21 2 22 32 30 7 4 23 20 15
148 1 18 31 12 8 26 10 11 24 9 14 3 16 13 6 28 25 5 27 29 19 17 21 2 22 32 30 7 4 23 20 15
149 1 18 31 12 8 26 10 11 24 9 14 3 16 13 6 28 25 5 27 29 19 17 21 2 22 32 30 7 4 23 20 15
150 1 18 31 12 8 26 10 11 24 9 14 3 16 13 6 28 25 5 27 29 19 17 21 2 22 32 30 7 4 23 20 15
151 1 18 31 12 26 8 10 11 24 9 14 3 16 13 6 28 25 5 27 29 19 17 21 2 22 32 30 7 4 23 20 15
152 1 18 31 12 26 8 10 11 24 9 14 3 16 13 6 28 25 5 27 29 19 17 21 2 22 32 30 7 4 23 20 15
153 1 18 31 12 26 8 10 11 24 9 14 3 16 13 6 28 25 5 27 29 19 17 21 2 22 32 30 7 4 23 20 15
154 1 18 31 12 26 8 10 11 24 9 14 3 16 13 6 28 25 5 27 29 19 17 21 2 22 32 30 7 4 23 20 15
155 1 18 31 12 26 8 10 11 24 9 14 3 16 13 6 28 25 5 27 29 19 17 21 2 22 32 30 7 4 23 20 15
156 1 18 31 12 26 8 10 11 24 9 14 3 16 13 6 28 25 5 27 29 19 17 21 2 22 32 30 7 4 23 20 15
157 1 18 31 12 26 8 10 11 24 9 14 3 16 13 6 28 25 5 27 29 19 17 21 2 22 32 30 7 4 23 20 15
158 1 18 31 12 26 8 10 11 24 9 14 3 16 13 6 28 25 5 27 29 19 17 21 2 22 32 30 7 4 23 20 15
159 1 18 31 12 26 8 10 11 24 9 14 3 16 13 6 28 25 5 27 29 19 17 21 2 22 32 30 7 4 23 20 15
160 1 18 31 12 26 8 10 11 24 9 14 3 16 13 6 28 25 5 27 29 19 17 21 2 22 32 30 7 4 23 20 15
161 1 18 31 12 26 8 10 11 24 9 14 3 16 13 6 28 25 5 27 29 19 17 21 2 22 32 30 7 4 23 20 15
162 1 18 31 12 26 8 10 11 24 9 14 3 16 13 6 28 25 5 27 29 19 17 21 2 22 32 30 7 4 23 20 15
163 1 18 31 12 26 8 10 11 24 9 14 3 16 13 6 28 25 5 27 29 19 17 21 2 22 32 30 7 4 23 20 15
164 1 18 31 12 26 8 10 11 24 9 14 3 16 13 6 28 25 5 27 29 19 17 21 2 22 32 30 7 4 23 20 15
165 1 18 31 12 26 8 10 11 24 9 14 3 16 13 6 28 25 5 27 29 19 17 21 2 22 32 30 7 4 23 20 15
166 1 18 31 12 26 8 10 11 24 9 14 3 16 13 6 28 25 5 27 29 19 17 21 2 22 32 30 7 4 23 20 15
167 1 18 31 12 26 8 10 11 24 9 14 3 16 13 6 28 25 5 27 29 19 17 21 2 22 32 30 7 4 23 20 15
168 1 18 31 12 26 8 10 11 24 9 14 3 16 13 6 28 25 5 27 29 19 17 21 2 22 32 30 7 4 23 20 15
169 1 18 31 12 26 8 10 11 24 9 14 3 16 13 6 28 25 5 27 29 19 17 21 2 22 32 30 7 4 23 20 15
170 1 18 31 12 26 8 10 11 24 9 14 3 16 13 6 28 25 5 27 29 19 17 21 2 22 32 30 7 4 23 20 15
171 1 18 31 12 26 8 10 11 24 9 14 3 16 13 6 28 25 5 27 29 19 17 21 2 22 32 30 7 4 23 20 15
172 1 18 31 12 26 8 10 11 24 9 14 3 16 13 6 28 25 5 27 29 19 17 21 2 22 32 30 7 4 23 20 15
173 1 18 31 12 20 23 4 7 30 32 22 2 21 17 19 29 27 5 25 28 6 13 16 3 14 9 24 11 10 8 26 15
174 1 18 31 12 20 23 4 7 30 32 22 2 21 17 19 29 27 5 25 28 6 13 16 3 14 9 24 11 10 8 26 15
175 1 18 31 12 20 23 4 7 30 32 22 2 21 17 19 29 27 5 25 28 6 13 16 3 14 9 24 11 10 8 26 15
176 1 18 31 12 20 23 4 7 30 32 22 2 21 17 19 29 27 5 25 28 6 13 16 3 14 9 24 11 10 8 26 15
177 1 18 31 12 20 23 4 7 30 32 22 2 21 17 19 29 27 5 25 28 6 13 16 3 14 9 24 11 10 8 26 15
178 1 18 31 12 20 23 4 7 30 32 22 2 21 17 19 29 27 5 25 28 6 13 16 3 14 9 24 11 10 8 26 15
179 1 18 31 12 20 23 4 7 30 32 22 2 21 17 19 29 27 5 25 28 6 13 16 3 14 9 24 11 10 8 26 15
180 1 18 31 12 20 23 4 7 30 32 22 2 21 17 19 29 27 5 25 28 6 13 16 3 14 9 24 11 10 8 26 15
181 1 18 31 12 20 23 4 7 30 32 22 2 21 17 19 29 27 5 25 28 6 13 16 3 14 9 24 11 10 8 26 15
182 1 18 31 12 20 23 4 7 30 32 22 2 21 17 19 29 27 5 25 28 6 13 16 3 14 9 24 11 10 8 26 15
183 1 18 31 12 20 23 4 7 30 32 22 2 21 17 19 29 27 5 25 28 6 13 16 3 14 9 24 11 10 8 26 15
184 1 18 31 12 20 23 4 7 30 32 22 2 21 17 19 29 27 5 25 28 6 13 16 3 14 9 24 11 10 8 26 15
185 1 18 31 12 20 23 4 7 30 32 22 2 21 17 19 29 27 5 25 28 6 13 16 3 14 9 24 11 10 8 26 15
186 1 18 31 12 20 23 4 7 30 32 22 2 21 17 19 29 27 5 25 28 6 13 16 3 14 9 24 11 10 8 26 15
187 1 18 31 12 20 23 4 7 30 32 22 2 21 17 19 29 27 5 25 28 6 13 16 3 14 9 24 11 10 8 26 15
188 1 18 31 12 20 23 4 7 30 32 22 2 21 17 19 29 27 5 25 28 6 13 16 3 14 9 24 11 10 8 26 15
189 1 18 31 12 20 23 4 7 30 32 22 2 21 17 19 29 27 5 25 28 6 13 16 3 14 9 24 11 10 8 26 15
190 1 18 31 12 20 23 4 7 30 32 22 2 21 17 19 29 27 5 25 28 6 13 16 3 14 9 24 11 10 8 26 15
191 1 18 31 12 20 23 4 7 30 32 22 2 21 17 19 29 27 5 25 28 6 13 16 3 14 9 24 11 10 8 26 15
192 1 18 31 12 20 23 4 7 30 32 22 2 21 17 19 29 27 5 25 28 6 13 16 3 14 9 24 11 10 8 26 15
193 1 18 31 12 20 23 4 7 30 32 22 2 21 17 19 29 27 5 25 28 6 13 16 3 14 9 24 11 10 8 26 15
194 1 18 31 12 20 23 4 7 30 32 22 2 21 17 19 29 27 5 25 28 6 13 16 3 14 9 24 11 10 8 26 15
195 1 18 31 12 20 23 4 7 30 32 22 2 21 17 19 29 27 5 25 28 6 13 16 3 14 9 8 10 11 24 26 15
196 1 18 31 12 20 23 4 7 30 32 22 2 21 17 19 29 27 5 25 28 6 13 16 3 14 9 8 10 11 24 26 15
197 1 18 31 12 20 23 4 7 30 32 22 2 21 17 19 29 27 5 25 28 6 13 16 3 14 9 8 10 11 24 26 15
198 1 18 31 12 20 23 4 7 30 32 22 2 21 17 19 29 27 5 25 28 6 13 16 3 14 9 8 24 11 10 26 15
199 1 18 31 12 20 23 4 7 30 32 22 2 21 17 19 29 27 5 25 28 6 13 16 3 14 9 8 24 11 10 26 15
200 1 18 31 12 20 23 4 7 30 32 22 2 21 17 19 29 27 5 25 28 6 13 16 3 14 9 8 24 11 10 26 15
201 1 18 31 12 20 23 4 7 30 32 22 2 21 17 19 29 27 5 25 28 6 13 16 3 14 9 8 24 11 10 26 15
202 1 18 31 12 20 23 4 7 30 32 22 2 21 17 19 29 27 5 25 28 6 13 16 3 14 9 8 24 11 10 26 15
203 1 18 31 12 20 23 4 7 30 32 22 2 21 17 19 29 27 5 25 28 6 13 16 3 14 9 8 24 11 10 26 15
204 1 18 31 12 20 23 4 7 30 32 22 2 21 17 19 29 27 5 25 28 6 13 16 3 14 9 8 24 11 10 26 15
205 1 18 31 12 20 23 4 7 30 32 22 2 21 17 19 29 27 5 25 28 6 13 16 3 14 9 8 24 11 10 26 15
206 1 18 31 12 20 23 4 7 30 32 22 2 21 17 19 29 27 5 25 28 6 13 16 3 14 9 8 24 11 10 26 15
207 1 18 31 12 20 23 4 7 30 32 22 2 21 17 19 29 27 5 25 28 6 13 16 3 14 9 8 24 11 10 26 15
208 1 18 31 12 20 23 4 7 30 32 22 2 21 17 19 29 27 5 25 28 6 13 16 3 14 9 8 24 11 10 26 15
209 1 18 31 12 20 23 4 7 30 32 22 2 21 17 19 29 27 5 25 28 6 13 16 3 14 9 8 24 11 10 26 15
210 1 18 31 12 20 23 4 7 30 32 22 2 21 17 19 29 27 5 25 28 6 13 16 3 14 9 8 24 11 10 26 15
211 1 18 31 12 20 23 4 7 30 32 22 2 21 17 19 29 27 5 25 28 6 13 16 3 14 9 8 24 11 10 26 15
212 1 18 31 12 20 23 4 7 30 32 22 2 21 17 19 29 27 5 25 28 6 13 16 3 14 9 8 24 11 10 26 15
213 1 18 31 12 20 23 4 7 30 32 22 2 21 17 19 29 27 5 25 28 6 13 16 3 14 9 8 24 11 10 26 15
214 1 18 31 12 20 23 4 7 30 32 22 2 21 17 19 29 27 5 25 28 6 13 16 3 14 9 8 24 11 10 26 15
215 1 18 31 12 20 23 4 7 30 32 22 2 21 17 19 29 27 5 25 28 6 13 16 3 14 9 8 24 11 10 26 15
216 1 18 31 12 20 23 4 7 30 32 22 2 21 17 19 29 27 5 25 28 6 13 16 3 14 9 8 24 11 10 26 15
217 1 18 31 12 20 23 4 7 30 32 22 2 21 17 19 29 27 5 25 28 6 13 16 3 14 9 8 24 11 10 26 15
218 1 18 31 12 20 23 4 7 30 32 22 2 21 17 19 29 27 5 25 28 6 13 16 3 14 9 8 24 11 10 26 15
219 1 18 31 12 20 23 4 7 30 32 22 2 21 17 19 29 27 5 25 28 6 13 16 3 14 9 8 24 11 10 26 15
220 1 18 31 12 20 23 4 7 30 32 22 2 21 17 19 29 27 5 25 28 6 13 16 3 14 9 8 24 11 10 26 15
221 1 18 31 12 20 23 4 7 30 32 22 2 21 17 19 29 27 5 25 28 6 13 16 3 14 9 8 24 11 10 26 15
222 1 18 31 12 20 23 4 7 30 32 22 2 21 17 19 29 27 5 25 28 6 13 16 3 14 9 8 24 11 10 26 15
223 1 18 31 12 20 23 4 7 30 32 22 2 21 17 19 29 27 5 25 28 6 13 16 3 14 9 8 24 11 10 26 15
224 1 18 31 12 20 23 4 7 30 32 22 2 21 17 19 29 27 5 25 28 6 13 16 3 14 9 8 24 11 10 26 15
225 1 18 31 12 20 23 4 7 30 32 22 2 21 17 19 29 27 5 25 28 6 13 16 3 14 9 8 24 11 10 26 15
226 1 18 31 12 20 23 4 7 30 32 22 2 21 17 19 29 27 5 25 28 6 13 16 3 14 9 8 24 11 10 26 15
227 1 18 31 12 20 23 4 7 30 32 22 2 21 17 19 29 27 5 25 28 6 13 16 3 14 9 8 24 11 10 26 15
228 1 18 31 12 20 23 4 7 30 32 22 2 21 17 19 29 27 5 25 28 6 13 16 3 14 9 8 24 11 10 26 15
229 1 18 31 12 20 23 4 7 30 32 22 2 21 17 19 29 27 5 25 28 6 13 16 3 14 9 8 24 11 10 26 15
230 1 18 31 12 20 23 4 7 30 32 22 2 21 17 19 29 27 5 25 28 6 13 16 3 14 9 8 24 11 10 26 15
231 1 18 31 12 20 23 4 7 30 32 22 2 21 17 19 29 27 5 25 28 6 13 16 3 14 9 8 24 11 10 26 15
232 1 18 31 12 20 23 4 7 30 32 22 2 21 17 19 29 27 5 25 28 6 13 16 3 14 9 8 24 11 10 26 15
233 1 18 31 12 20 23 4 7 30 32 22 2 21 17 19 29 27 5 25 28 6 13 16 3 14 9 8 24 11 10 26 15
234 1 18 31 12 20 23 4 7 30 32 22 2 21 17 19 29 27 5 25 28 6 13 16 3 14 9 8 24 11 10 26 15
235 1 18 31 12 20 23 4 7 30 32 22 2 21 17 19 29 27 5 25 28 6 13 16 3 14 9 8 24 11 10 26 15
236 1 18 31 12 20 23 4 7 30 32 22 2 21 17 19 29 27 5 25 28 6 13 16 3 14 9 8 24 11 10 26 15
237 1 18 31 12 20 23 4 7 30 32 22 2 21 17 19 29 27 5 25 28 6 13 16 3 14 9 8 24 11 10 26 15
238 1 18 31 12 20 23 4 7 30 32 22 2 21 17 19 29 27 5 25 28 6 13 16 3 14 9 8 24 11 10 26 15
239 1 18 31 12 20 23 4 7 30 32 22 2 21 17 19 29 27 5 25 28 6 13 16 3 14 9 8 24 11 10 26 15
240 1 18 31 12 20 23 4 7 30 32 22 2 21 17 19 29 27 5 25 28 6 13 16 3 14 9 8 24 11 10 26 15
241 1 18 31 12 20 23 4 7 30 32 22 2 21 17 19 29 27 5 25 28 6 13 16 3 14 9 8 24 11 10 26 15
242 1 18 31 12 20 23 4 7 30 32 22 2 21 17 19 29 27 5 25 28 6 13 16 3 14 9 8 24 11 10 26 15
243 1 18 31 12 20 23 4 7 30 32 22 2 21 17 19 29 27 5 25 28 6 13 16 3 14 9 8 24 11 10 26 15
244 1 18 31 12 20 23 4 7 30 32 22 2 21 17 19 29 27 5 25 28 6 13 16 3 14 9 8 24 11 10 26 15
245 1 18 31 12 20 23 4 7 30 32 22 2 21 17 19 29 27 5 25 28 6 13 16 3 14 9 8 24 11 10 26 15
246 1 18 31 12 20 23 4 7 30 32 22 2 21 17 19 29 27 5 25 28 6 13 16 3 14 9 8 24 11 10 26 15
247 1 18 31 12 20 23 4 7 30 32 22 2 21 17 19 29 27 5 25 28 6 13 16 3 14 9 8 24 11 10 26 15
248 1 18 31 12 20 23 4 7 30 32 22 2 21 17 19 29 27 5 25 28 6 13 16 3 14 9 8 24 11 10 26 15
249 1 18 31 12 20 23 4 7 30 32 22 2 21 17 19 29 27 5 25 28 6 13 16 3 14 9 8 24 11 10 26 15
250 1 18 31 12 20 23 4 7 30 32 22 2 21 17 19 29 27 5 25 28 6 13 16 3 14 9 8 24 11 10 26 15
251 1 18 31 12 20 23 4 7 30 32 22 2 21 17 19 29 27 5 25 28 6 13 16 3 14 9 8 24 11 10 26 15
252 1 18 31 12 20 23 4 7 30 32 22 2 21 17 19 29 27 5 25 28 6 13 16 3 14 9 8 24 11 10 26 15
253 1 18 31 12 20 23 4 7 30 32 22 2 21 17 19 29 27 5 25 28 6 13 16 3 14 9 8 24 11 10 26 15
254 1 18 31 12 20 23 4 7 30 32 22 2 21 17 19 29 27 5 25 28 6 13 16 3 14 9 8 24 11 10 26 15
255 1 18 31 12 20 23 4 7 30 32 22 2 21 17 19 29 27 5 25 28 6 13 16 3 14 9 8 24 11 10 26 15
256 1 18 31 12 20 23 4 7 30 32 22 2 21 17 19 29 27 5 25 28 6 13 16 3 14 9 8 24 11 10 26 15
257 1 18 31 12 20 23 4 7 30 32 22 2 21 17 19 29 27 5 25 28 6 13 16 3 14 9 8 24 11 10 26 15
258 1 18 31 12 20 23 4 7 30 32 22 2 21 17 19 29 27 5 25 28 6 13 16 3 14 9 8 24 11 10 26 15
259 1 18 31 12 20 23 4 7 30 32 22 2 21 17 19 29 27 5 25 28 6 13 16 3 14 9 8 24 11 10 26 15
260 1 18 31 12 20 23 4 7 30 32 22 2 21 17 19 29 27 5 25 28 6 13 16 3 14 9 8 24 11 10 26 15
261 1 18 31 12 20 23 4 7 30 32 22 2 21 17 19 29 27 5 25 28 6 13 16 3 14 9 8 24 11 10 26 15
262 1 18 31 12 20 23 4 7 30 32 22 2 21 17 19 29 27 5 25 28 6 13 16 3 14 9 8 24 11 10 26 15
263 1 18 31 12 20 23 4 7 30 32 22 2 21 17 19 29 27 5 25 28 6 13 16 3 14 9 8 24 11 10 26 15
264 1 18 31 12 20 23 4 7 30 32 22 2 21 17 19 29 27 5 25 28 6 13 16 3 14 9 8 24 11 10 26 15
265 1 18 31 12 20 23 4 7 30 32 22 2 21 17 19 29 27 5 25 28 6 13 16 3 14 9 8 24 11 10 26 15
266 1 18 31 12 20 23 4 7 30 32 22 2 21 17 19 29 27 5 25 28 6 13 16 3 14 9 8 24 11 10 26 15
267 1 18 31 12 20 23 4 7 30 32 22 2 21 17 19 29 27 5 25 28 6 13 16 3 14 9 8 24 11 10 26 15
268 1 18 31 12 20 23 4 7 30 32 22 2 21 17 19 29 27 5 25 28 6 13 16 3 14 9 8 24 11 10 26 15
269 1 18 31 12 20 23 4 7 30 32 22 2 21 17 19 29 27 5 25 28 6 13 16 3 14 9 8 24 11 10 26 15
270 1 18 31 12 20 23 4 7 30 32 22 2 21 17 19 29 27 5 25 28 6 13 16 3 14 9 8 24 11 10 26 15
271 1 18 31 12 20 23 4 7 30 32 22 2 21 17 19 29 27 5 25 28 6 13 16 3 14 9 8 24 11 10 26 15
272 1 18 31 12 20 23 4 7 30 32 22 2 21 17 19 29 27 5 25 28 6 13 16 3 14 9 8 24 11 10 26 15
273 1 18 31 12 20 23 4 7 30 32 22 2 21 17 19 29 27 5 25 28 6 13 16 3 14 9 8 24 11 10 26 15
274 1 18 31 12 20 23 4 7 30 32 22 2 21 17 19 29 27 5 25 28 6 13 16 3 14 9 8 24 11 10 26 15
275 1 18 31 12 20 23 4 7 30 32 22 2 21 17 19 29 27 5 25 28 6 13 16 3 14 9 8 24 11 10 26 15
276 1 18 31 12 20 23 4 7 30 32 22 2 21 17 19 29 27 5 25 28 6 13 16 3 14 9 8 24 11 10 26 15
277 1 18 31 12 20 23 4 7 30 32 22 2 21 17 19 29 27 5 25 28 6 13 16 3 14 9 8 24 11 10 26 15
278 1 18 31 12 20 23 4 7 30 32 22 2 21 17 19 29 27 5 25 28 6 13 16 3 14 9 8 24 11 10 26 15
279 1 18 31 12 20 23 4 7 30 32 22 2 21 17 19 29 27 5 25 28 6 13 16 3 14 9 8 24 11 10 26 15
280 1 18 31 12 20 23 4 7 30 32 22 2 21 17 19 29 27 5 25 28 6 13 16 3 14 9 8 24 11 10 26 15
281 1 18 31 12 20 23 4 7 30 32 22 2 21 17 19 29 27 5 25 28 6 13 16 3 14 9 8 24 11 10 26 15
282 1 18 31 12 20 23 4 7 30 32 22 2 21 17 19 29 27 5 25 28 6 13 16 3 14 9 8 24 11 10 26 15
283 1 18 31 12 20 23 4 7 30 32 22 2 21 17 19 29 27 5 25 28 6 13 16 3 14 9 8 24 11 10 26 15
284 1 18 31 12 20 23 4 7 30 32 22 2 21 17 19 29 27 5 25 28 6 13 16 3 14 9 8 24 11 10 26 15
285 1 18 31 12 20 23 4 7 30 32 22 2 21 17 19 29 27 5 25 28 6 13 16 3 14 9 8 24 11 10 26 15
286 1 18 31 12 20 23 4 7 30 32 22 2 21 17 19 29 27 5 25 28 6 13 16 3 14 9 8 24 11 10 26 15
287 1 18 31 12 20 23 4 7 30 32 22 2 21 17 19 29 27 5 25 28 6 13 16 3 14 9 8 24 11 10 26 15
288 1 18 31 12 20 23 4 7 30 32 22 2 21 17 19 29 27 5 25 28 6 13 16 3 14 9 8 24 11 10 26 15
289 1 18 31 12 20 23 4 7 30 32 22 2 21 17 19 29 27 5 25 28 6 13 16 3 14 9 8 24 11 10 26 15
290 1 18 31 12 20 23 4 7 30 32 22 2 21 17 19 29 27 5 25 28 6 13 16 3 14 9 8 24 11 10 26 15
291 1 18 31 12 20 23 4 7 30 32 22 2 21 17 19 29 27 5 25 28 6 13 16 3 14 9 8 24 11 10 26 15
292 1 18 31 12 20 23 4 7 30 32 22 2 21 17 19 29 27 5 25 28 6 13 16 3 14 9 8 24 11 10 26 15
293 1 18 31 12 20 23 4 7 30 32 22 2 21 17 19 29 27 5 25 28 6 13 16 3 14 9 8 24 11 10 26 15
294 1 18 31 12 20 23 4 7 30 32 22 2 21 17 19 29 27 5 25 28 6 13 16 3 14 9 8 24 11 10 26 15
295 1 18 31 12 20 23 4 7 30 32 22 2 21 17 19 29 27 5 25 28 6 13 16 3 14 9 8 24 11 10 26 15
296 1 18 31 12 20 23 4 7 30 32 22 2 21 17 19 29 27 5 25 28 6 13 16 3 14 9 8 24 11 10 26 15
297 1 18 31 12 20 23 4 7 30 32 22 2 21 17 19 29 27 5 25 28 6 13 16 3 14 9 8 24 11 10 26 15
298 1 18 31 12 20 23 4 7 30 32 22 2 21 17 19 29 27 5 25 28 6 13 16 3 14 9 8 24 11 10 26 15
299 1 18 31 12 20 23 4 7 30 32 22 2 21 17 19 29 27 5 25 28 6 13 16 3 14 9 8 24 11 10 26 15
300 1 18 31 12 20 23 4 7 30 32 22 2 21 17 19 29 27 5 25 28 6 13 16 3 14 9 8 24 11 10 26 15
301 1 18 31 12 20 23 4 7 30 32 22 2 21 17 19 29 27 5 25 28 6 13 16 3 14 9 8 24 11 10 26 15
302 1 18 31 12 20 23 4 7 30 32 22 2 21 17 19 29 27 5 25 28 6 13 16 3 14 9 8 24 11 10 26 15
303 1 18 31 12 20 23 4 7 30 32 22 2 21 17 19 29 27 5 25 28 6 13 16 3 14 9 8 24 11 10 26 15
304 1 18 31 12 20 23 4 7 30 32 22 2 21 17 19 29 27 5 25 28 6 13 16 3 14 9 8 24 11 10 26 15
305 1 18 31 12 20 23 4 7 30 32 22 2 21 17 19 29 27 5 25 28 6 13 16 3 14 9 8 24 11 10 26 15
306 1 18 31 12 20 23 4 7 30 32 22 2 21 17 19 29 27 5 25 28 6 13 16 3 14 9 8 24 11 10 26 15
307 1 18 31 12 20 23 4 7 30 32 22 2 21 17 19 29 27 5 25 28 6 13 16 3 14 9 8 24 11 10 26 15
308 1 18 31 12 20 23 4 7 30 32 22 2 21 17 19 29 27 5 25 28 6 13 16 3 14 9 8 24 11 10 26 15
309 1 18 31 12 20 23 4 7 30 32 22 2 21 17 19 29 27 5 25 28 6 13 16 3 14 9 8 24 11 10 26 15
310 1 18 31 12 20 23 4 7 30 32 22 2 21 17 19 29 27 5 25 28 6 13 16 3 14 9 8 24 11 10 26 15
311 1 18 31 12 20 23 4 7 30 32 22 2 21 17 19 29 27 5 25 28 6 13 16 3 14 9 8 24 11 10 26 15
312 1 18 31 12 20 23 4 7 30 32 22 2 21 17 19 29 27 5 25 28 6 13 16 3 14 9 8 24 11 10 26 15
313 1 18 31 12 20 23 4 7 30 32 22 2 21 17 19 29 27 5 25 28 6 13 16 3 14 9 8 24 11 10 26 15
314 1 18 31 12 20 23 4 7 30 32 22 2 21 17 19 29 27 5 25 28 6 13 16 3 14 9 8 24 11 10 26 15
315 1 18 31 12 20 23 4 7 30 32 22 2 21 17 19 29 27 5 25 28 6 13 16 3 14 9 8 24 11 10 26 15
316 1 18 31 12 20 23 4 7 30 32 22 2 21 17 19 29 27 5 25 28 6 13 16 3 14 9 8 24 11 10 26 15
317 1 18 31 12 20 23 4 7 30 32 22 2 21 17 19 29 27 5 25 28 6 13 16 3 14 9 8 24 11 10 26 15
318 1 18 31 12 20 23 4 7 30 32 22 2 21 17 19 29 27 5 25 28 6 13 16 3 14 9 8 24 11 10 26 15
319 1 18 31 12 20 23 4 7 30 32 22 2 21 17 19 29 27 5 25 28 6 13 16 3 14 9 8 24 11 10 26 15
320 1 18 31 12 20 23 4 7 30 32 22 2 21 17 19 29 27 5 25 28 6 13 16 3 14 9 8 24 11 10 26 15
321 1 18 31 12 20 23 4 7 30 32 22 2 21 17 19 29 27 5 25 28 6 13 16 3 14 9 8 24 11 10 26 15
322 1 18 31 12 20 23 4 7 30 32 22 2 21 17 19 29 27 5 25 28 6 13 16 3 14 9 8 24 11 10 26 15
323 1 18 31 12 20 23 4 7 30 32 22 2 21 17 19 29 27 5 25 28 6 13 16 3 14 9 8 24 11 10 26 15
324 1 18 31 12 20 23 4 7 30 32 22 2 21 17 19 29 27 5 25 28 6 13 16 3 14 9 8 24 11 10 26 15
325 1 18 31 12 20 23 4 7 30 32 22 2 21 17 19 29 27 5 25 28 6 13 16 3 14 9 8 24 11 10 26 15
326 1 18 31 12 20 23 4 7 30 32 22 2 21 17 19 29 27 5 25 28 6 13 16 3 14 9 8 24 11 10 26 15
327 1 18 31 12 20 23 4 7 30 32 22 2 21 17 19 29 27 5 25 28 6 13 16 3 14 9 8 24 11 10 26 15
328 1 18 31 12 20 23 4 7 30 32 22 2 21 17 19 29 27 5 25 28 6 13 16 3 14 9 8 24 11 10 26 15
329 1 18 31 12 20 23 4 7 30 32 22 2 21 17 19 29 27 5 25 28 6 13 16 3 14 9 8 24 11 10 26 15
330 1 18 31 12 20 23 4 7 30 32 22 2 21 17 19 29 27 5 25 28 6 13 16 3 14 9 8 24 11 10 26 15
331 1 18 31 12 20 23 4 7 30 32 22 2 21 17 19 29 27 5 25 28 6 13 16 3 14 9 8 24 11 10 26 15
332 1 18 31 12 20 23 4 7 30 32 22 2 21 17 19 29 27 5 25 28 6 13 16 3 14 9 8 24 11 10 26 15
333 1 18 31 12 20 23 4 7 30 32 22 2 21 17 19 29 27 5 25 28 6 13 16 3 14 9 8 24 11 10 26 15
334 1 18 31 12 20 23 4 7 30 32 22 2 21 17 19 29 27 5 25 28 6 13 16 3 14 9 8 24 11 10 26 15
335 1 18 31 12 20 23 4 7 30 32 22 2 21 17 19 29 27 5 25 28 6 13 16 3 14 9 8 24 11 10 26 15
336 1 18 31 12 20 23 4 7 30 32 22 2 21 17 19 29 27 5 25 28 6 13 16 3 14 9 8 24 11 10 26 15
337 1 18 31 12 20 23 4 7 30 32 22 2 21 17 19 29 27 5 25 28 6 13 16 3 14 9 8 24 11 10 26 15
338 1 18 31 12 20 23 4 7 30 32 22 2 21 17 19 29 27 5 25 28 6 13 16 3 14 9 8 24 11 10 26 15
339 1 18 31 12 20 23 4 7 30 32 22 2 21 17 19 29 27 5 25 28 6 13 16 3 14 9 8 24 11 10 26 15
340 1 18 31 12 20 23 4 7 30 32 22 2 21 17 19 29 27 5 25 28 6 13 16 3 14 9 8 24 11 10 26 15
341 1 18 31 12 20 23 4 7 30 32 22 2 21 17 19 29 27 5 25 28 6 13 16 3 14 9 8 24 11 10 26 15
342 1 18 31 12 20 23 4 7 30 32 22 2 21 17 19 29 27 5 25 28 6 13 16 3 14 9 8 24 11 10 26 15
343 1 18 31 12 20 23 4 7 30 32 22 2 21 17 19 29 27 5 25 28 6 13 16 3 14 9 8 24 11 10 26 15
344 1 18 31 12 20 23 4 7 30 32 22 2 21 17 19 29 27 5 25 28 6 13 16 3 14 9 8 24 11 10 26 15
345 1 18 31 12 20 23 4 7 30 32 22 2 21 17 19 29 27 5 25 28 6 13 16 3 14 9 8 24 11 10 26 15
346 1 18 31 12 20 23 4 7 30 32 22 2 21 17 19 29 27 5 25 28 6 13 16 3 14 9 8 24 11 10 26 15
347 1 18 31 12 20 23 4 7 30 32 22 2 21 17 19 29 27 5 25 28 6 13 16 3 14 9 8 24 11 10 26 15
348 1 18 31 12 20 23 4 7 30 32 22 2 21 17 19 29 27 5 25 28 6 13 16 3 14 9 8 24 11 10 26 15
349 1 18 31 12 20 23 4 7 30 32 22 2 21 17 19 29 27 5 25 28 6 13 16 3 14 9 8 24 11 10 26 15
350 1 18 31 12 20 23 4 7 30 32 22 2 21 17 19 29 27 5 25 28 6 13 16 3 14 9 8 24 11 10 26 15
351 1 18 31 12 20 23 4 7 30 32 22 2 21 17 19 29 27 5 25 28 6 13 16 3 14 9 8 24 11 10 26 15
352 1 18 31 12 20 23 4 7 30 32 22 2 21 17 19 29 27 5 25 28 6 13 16 3 14 9 8 24 11 10 26 15
353 1 18 31 12 20 23 4 7 30 32 22 2 21 17 19 29 27 5 25 28 6 13 16 3 14 9 8 24 11 10 26 15
354 1 18 31 12 20 23 4 7 30 32 22 2 21 17 19 29 27 5 25 28 6 13 16 3 14 9 8 24 11 10 26 15
355 1 18 31 12 20 23 4 7 30 32 22 2 21 17 19 29 27 5 25 28 6 13 16 3 14 9 8 24 11 10 26 15
356 1 18 31 12 20 23 4 7 30 32 22 2 21 17 19 29 27 5 25 28 6 13 16 3 14 9 8 24 11 10 26 15
357 1 18 31 12 20 23 4 7 30 32 22 2 21 17 19 29 27 5 25 28 6 13 16 3 14 9 8 24 11 10 26 15
358 1 18 31 12 20 23 4 7 30 32 22 2 21 17 19 29 27 5 25 28 6 13 16 3 14 9 8 24 11 10 26 15
359 1 18 31 12 20 23 4 7 30 32 22 2 21 17 19 29 27 5 25 28 6 13 16 3 14 9 8 24 11 10 26 15
360 1 18 31 12 20 23 4 7 30 32 22 2 21 17 19 29 27 5 25 28 6 13 16 3 14 9 8 24 11 10 26 15
361 1 18 31 12 20 23 4 7 30 32 22 2 21 17 19 29 27 5 25 28 6 13 16 3 14 9 8 24 11 10 26 15
362 1 18 31 12 20 23 4 7 30 32 22 2 21 17 19 29 27 5 25 28 6 13 16 3 14 9 8 24 11 10 26 15
363 1 18 31 12 20 23 4 7 30 32 22 2 21 17 19 29 27 5 25 28 6 13 16 3 14 9 8 24 11 10 26 15
364 1 18 31 12 20 23 4 7 30 32 22 2 21 17 19 29 27 5 25 28 6 13 16 3 14 9 8 24 11 10 26 15
365 1 18 31 12 20 23 4 7 30 32 22 2 21 17 19 29 27 5 25 28 6 13 16 3 14 9 8 24 11 10 26 15
366 1 18 31 12 20 23 4 7 30 32 22 2 21 17 19 29 27 5 25 28 6 13 16 3 14 9 8 24 11 10 26 15
367 1 18 31 12 20 23 4 7 30 32 22 2 21 17 19 29 27 5 25 28 6 13 16 3 14 9 8 24 11 10 26 15
368 1 18 31 12 20 23 4 7 30 32 22 2 21 17 19 29 27 5 25 28 6 13 16 3 14 9 8 24 11 10 26 15
369 1 18 31 12 20 23 4 7 30 32 22 2 21 17 19 29 27 5 25 28 6 13 16 3 14 9 8 24 11 10 26 15
370 1 18 31 12 20 23 4 7 30 32 22 2 21 17 19 29 27 5 25 28 6 13 16 3 14 9 8 24 11 10 26 15
371 1 18 31 12 20 23 4 7 30 32 22 2 21 17 19 29 27 5 25 28 6 13 16 3 14 9 8 24 11 10 26 15
372 1 18 31 12 20 23 4 7 30 32 22 2 21 17 19 29 27 5 25 28 6 13 16 3 14 9 8 24 11 10 26 15
373 1 18 31 12 20 23 4 7 30 32 22 2 21 17 19 29 27 5 25 28 6 13 16 3 14 9 8 24 11 10 26 15
374 1 18 31 12 20 23 4 7 30 32 22 2 21 17 19 29 27 5 25 28 6 13 16 3 14 9 8 24 11 10 26 15
375 1 18 31 12 20 23 4 7 30 32 22 2 21 17 19 29 27 5 25 28 6 13 16 3 14 9 8 24 11 10 26 15
376 1 18 31 12 20 23 4 7 30 32 22 2 21 17 19 29 27 5 25 28 6 13 16 3 14 9 8 24 11 10 26 15
377 1 18 31 12 20 23 4 7 30 32 22 2 21 17 19 29 27 5 25 28 6 13 16 3 14 9 8 24 11 10 26 15
378 1 18 31 12 20 23 4 7 30 32 22 2 21 17 19 29 27 5 25 28 6 13 16 3 14 9 8 24 11 10 26 15
379 1 18 31 12 20 23 4 7 30 32 22 2 21 17 19 29 27 5 25 28 6 13 16 3 14 9 8 24 11 10 26 15
380 1 18 31 12 20 23 4 7 30 32 22 2 21 17 19 29 27 5 25 28 6 13 16 3 14 9 8 24 11 10 26 15
381 1 18 31 12 20 23 4 7 30 32 22 2 21 17 19 29 27 5 25 28 6 13 16 3 14 9 8 24 11 10 26 15
382 1 18 31 12 20 23 4 7 30 32 22 2 21 17 19 29 27 5 25 28 6 13 16 3 14 9 8 24 11 10 26 15
383 1 18 31 12 20 23 4 7 30 32 22 2 21 17 19 29 27 5 25 28 6 13 16 3 14 9 8 24 11 10 26 15
384 1 18 31 12 20 23 4 7 30 32 22 2 21 17 19 29 27 5 25 28 6 13 16 3 14 9 8 24 11 10 26 15
385 1 18 31 12 20 23 4 7 30 32 22 2 21 17 19 29 27 5 25 28 6 13 16 3 14 9 8 24 11 10 26 15
386 1 18 31 12 20 23 4 7 30 32 22 2 21 17 19 29 27 5 25 28 6 13 16 3 14 9 8 24 11 10 26 15
387 1 18 31 12 20 23 4 7 30 32 22 2 21 17 19 29 27 5 25 28 6 13 16 3 14 9 8 24 11 10 26 15
388 1 18 31 12 20 23 4 7 30 32 22 2 21 17 19 29 27 5 25 28 6 13 16 3 14 9 8 24 11 10 26 15
389 1 18 31 12 20 23 4 7 30 32 22 2 21 17 19 29 27 5 25 28 6 13 16 3 14 9 8 24 11 10 26 15
390 1 18 31 12 20 23 4 7 30 32 22 2 21 17 19 29 27 5 25 28 6 13 16 3 14 9 8 24 11 10 26 15
391 1 18 31 12 20 23 4 7 30 32 22 2 21 17 19 29 27 5 25 28 6 13 16 3 14 9 8 24 11 10 26 15
392 1 18 31 12 20 23 4 7 30 32 22 2 21 17 19 29 27 5 25 28 6 13 16 3 14 9 8 24 11 10 26 15
393 1 18 31 12 20 23 4 7 30 32 22 2 21 17 19 29 27 5 25 28 6 13 16 3 14 9 8 24 11 10 26 15
394 1 18 31 12 20 23 4 7 30 32 22 2 21 17 19 29 27 5 25 28 6 13 16 3 14 9 8 24 11 10 26 15
395 1 18 31 12 20 23 4 7 30 32 22 2 21 17 19 29 27 5 25 28 6 13 16 3 14 9 8 24 11 10 26 15
396 1 18 31 12 20 23 4 7 30 32 22 2 21 17 19 29 27 5 25 28 6 13 16 3 14 9 8 24 11 10 26 15
397 1 18 31 12 20 23 4 7 30 32 22 2 21 17 19 29 27 5 25 28 6 13 16 3 14 9 8 24 11 10 26 15
398 1 18 31 12 20 23 4 7 30 32 22 2 21 17 19 29 27 5 25 28 6 13 16 3 14 9 8 24 11 10 26 15
399 1 18 31 12 20 23 4 7 30 32 22 2 21 17 19 29 27 5 25 28 6 13 16 3 14 9 8 24 11 10 26 15
400 1 18 31 12 20 23 4 7 30 32 22 2 21 17 19 29 27 5 25 28 6 13 16 3 14 9 8 24 11 10 26 15
401 1 18 31 12 20 23 4 7 30 32 22 2 21 17 19 29 27 5 25 28 6 13 16 3 14 9 8 24 11 10 26 15
402 1 18 31 12 20 23 4 7 30 32 22 2 21 17 19 29 27 5 25 28 6 13 16 3 14 9 8 24 11 10 26 15
403 1 18 31 12 20 23 4 7 30 32 22 2 21 17 19 29 27 5 25 28 6 13 16 3 14 9 8 24 11 10 26 15
404 1 18 31 12 20 23 4 7 30 32 22 2 21 17 19 29 27 5 25 28 6 13 16 3 14 9 8 24 11 10 26 15
405 1 18 31 12 20 23 4 7 30 32 22 2 21 17 19 29 27 5 25 28 6 13 16 3 14 9 8 24 11 10 26 15
406 1 18 31 12 20 23 4 7 30 32 22 2 21 17 19 29 27 5 25 28 6 13 16 3 14 9 8 24 11 10 26 15
407 1 18 31 12 20 23 4 7 30 32 22 2 21 17 19 29 27 5 25 28 6 13 16 3 14 9 8 24 11 10 26 15
408 1 18 31 12 20 23 4 7 30 32 22 2 21 17 19 29 27 5 25 28 6 13 16 3 14 9 8 24 11 10 26 15
409 1 18 31 12 20 23 4 7 30 32 22 2 21 17 19 29 27 5 25 28 6 13 16 3 14 9 8 24 11 10 26 15
410 1 18 31 12 20 23 4 7 30 32 22 2 21 17 19 29 27 5 25 28 6 13 16 3 14 9 8 24 11 10 26 15
411 1 18 31 12 20 23 4 7 30 32 22 2 21 17 19 29 27 5 25 28 6 13 16 3 14 9 8 24 11 10 26 15
412 1 18 31 12 20 23 4 7 30 32 22 2 21 17 19 29 27 5 25 28 6 13 16 3 14 9 8 24 11 10 26 15
413 1 18 31 12 20 23 4 7 30 32 22 2 21 17 19 29 27 5 25 28 6 13 16 3 14 9 8 24 11 10 26 15
414 1 18 31 12 20 23 4 7 30 32 22 2 21 17 19 29 27 5 25 28 6 13 16 3 14 9 8 24 11 10 26 15
415 1 18 31 12 20 23 4 7 30 32 22 2 21 17 19 29 27 5 25 28 6 13 16 3 14 9 8 24 11 10 26 15
416 1 18 31 12 20 23 4 7 30 32 22 2 21 17 19 29 27 5 25 28 6 13 16 3 14 9 8 24 11 10 26 15
417 1 18 31 12 20 23 4 7 30 32 22 2 21 17 19 29 27 5 25 28 6 13 16 3 14 9 8 24 11 10 26 15
418 1 18 31 12 20 23 4 7 30 32 22 2 21 17 19 29 27 5 25 28 6 13 16 3 14 9 8 24 11 10 26 15
419 1 18 31 12 20 23 4 7 30 32 22 2 21 17 19 29 27 5 25 28 6 13 16 3 14 9 8 24 11 10 26 15
420 1 18 31 12 20 23 4 7 30 32 22 2 21 17 19 29 27 5 25 28 6 13 16 3 14 9 8 24 11 10 26 15
421 1 18 31 12 20 23 4 7 30 32 22 2 21 17 19 29 27 5 25 28 6 13 16 3 14 9 8 24 11 10 26 15
422 1 18 31 12 20 23 4 7 30 32 22 2 21 17 19 29 27 5 25 28 6 13 16 3 14 9 8 24 11 10 26 15
423 1 18 31 12 20 23 4 7 30 32 22 2 21 17 19 29 27 5 25 28 6 13 16 3 14 9 8 24 11 10 26 15
424 1 18 31 12 20 23 4 7 30 32 22 2 21 17 19 29 27 5 25 28 6 13 16 3 14 9 8 24 11 10 26 15
425 1 18 31 12 20 23 4 7 30 32 22 2 21 17 19 29 27 5 25 28 6 13 16 3 14 9 8 24 11 10 26 15
426 1 18 31 12 20 23 4 7 30 32 22 2 21 17 19 29 27 5 25 28 6 13 16 3 14 9 8 24 11 10 26 15
427 1 18 31 12 20 23 4 7 30 32 22 2 21 17 19 29 27 5 25 28 6 13 16 3 14 9 8 24 11 10 26 15
428 1 18 31 12 20 23 4 7 30 32 22 2 21 17 19 29 27 5 25 28 6 13 16 3 14 9 8 24 11 10 26 15
429 1 18 31 12 20 23 4 7 30 32 22 2 21 17 19 29 27 5 25 28 6 13 16 3 14 9 8 24 11 10 26 15
430 1 18 31 12 20 23 4 7 30 32 22 2 21 17 19 29 27 5 25 28 6 13 16 3 14 9 8 24 11 10 26 15
431 1 18 31 12 20 23 4 7 30 32 22 2 21 17 19 29 27 5 25 28 6 13 16 3 14 9 8 24 11 10 26 15
432 1 18 31 12 20 23 4 7 30 32 22 2 21 17 19 29 27 5 25 28 6 13 16 3 14 9 8 24 11 10 26 15
433 1 18 31 12 20 23 4 7 30 32 22 2 21 17 19 29 27 5 25 28 6 13 16 3 14 9 8 24 11 10 26 15
434 1 18 31 12 20 23 4 7 30 32 22 2 21 17 19 29 27 5 25 28 6 13 16 3 14 9 8 24 11 10 26 15
435 1 18 31 12 20 23 4 7 30 32 22 2 21 17 19 29 27 5 25 28 6 13 16 3 14 9 8 24 11 10 26 15
436 1 18 31 12 20 23 4 7 30 32 22 2 21 17 19 29 27 5 25 28 6 13 16 3 14 9 8 24 11 10 26 15
437 1 18 31 12 20 23 4 7 30 32 22 2 21 17 19 29 27 5 25 28 6 13 16 3 14 9 8 24 11 10 26 15
438 1 18 31 12 20 23 4 7 30 32 22 2 21 17 19 29 27 5 25 28 6 13 16 3 14 9 8 24 11 10 26 15
439 1 18 31 12 20 23 4 7 30 32 22 2 21 17 19 29 27 5 25 28 6 13 16 3 14 9 8 24 11 10 26 15
440 1 18 31 12 20 23 4 7 30 32 22 2 21 17 19 29 27 5 25 28 6 13 16 3 14 9 8 24 11 10 26 15
441 1 18 31 12 20 23 4 7 30 32 22 2 21 17 19 29 27 5 25 28 6 13 16 3 14 9 8 24 11 10 26 15
442 1 18 31 12 20 23 4 7 30 32 22 2 21 17 19 29 27 5 25 28 6 13 16 3 14 9 8 24 11 10 26 15
443 1 18 31 12 20 23 4 7 30 32 22 2 21 17 19 29 27 5 25 28 6 13 16 3 14 9 8 24 11 10 26 15
444 1 18 31 12 20 23 4 7 30 32 22 2 21 17 19 29 27 5 25 28 6 13 16 3 14 9 8 24 11 10 26 15
445 1 18 31 12 20 23 4 7 30 32 22 2 21 17 19 29 27 5 25 28 6 13 16 3 14 9 8 24 11 10 26 15
446 1 18 31 12 20 23 4 7 30 32 22 2 21 17 19 29 27 5 25 28 6 13 16 3 14 9 8 24 11 10 26 15
447 1 18 31 12 20 23 4 7 30 32 22 2 21 17 19 29 27 5 25 28 6 13 16 3 14 9 8 24 11 10 26 15
448 1 18 31 12 20 23 4 7 30 32 22 2 21 17 19 29 27 5 25 28 6 13 16 3 14 9 8 24 11 10 26 15
449 1 18 31 12 20 23 4 7 30 32 22 2 21 17 19 29 27 5 25 28 6 13 16 3 14 9 8 24 11 10 26 15
450 1 18 31 12 20 23 4 7 30 32 22 2 21 17 19 29 27 5 25 28 6 13 16 3 14 9 8 24 11 10 26 15
451 1 18 31 12 20 23 4 7 30 32 22 2 21 17 19 29 27 5 25 28 6 13 16 3 14 9 8 24 11 10 26 15
452 1 18 31 12 20 23 4 7 30 32 22 2 21 17 19 29 27 5 25 28 6 13 16 3 14 9 8 24 11 10 26 15
453 1 18 31 12 20 23 4 7 30 32 22 2 21 17 19 29 27 5 25 28 6 13 16 3 14 9 8 24 11 10 26 15
454 1 18 31 12 20 23 4 7 30 32 22 2 21 17 19 29 27 5 25 28 6 13 16 3 14 9 8 24 11 10 26 15
455 1 18 31 12 20 23 4 7 30 32 22 2 21 17 19 29 27 5 25 28 6 13 16 3 14 9 8 24 11 10 26 15
456 1 18 31 12 20 23 4 7 30 32 22 2 21 17 19 29 27 5 25 28 6 13 16 3 14 9 8 24 11 10 26 15
457 1 18 31 12 20 23 4 7 30 32 22 2 21 17 19 29 27 5 25 28 6 13 16 3 14 9 8 24 11 10 26 15
458 1 18 31 12 20 23 4 7 30 32 22 2 21 17 19 29 27 5 25 28 6 13 16 3 14 9 8 24 11 10 26 15
459 1 18 31 12 20 23 4 7 30 32 22 2 21 17 19 29 27 5 25 28 6 13 16 3 14 9 8 24 11 10 26 15
460 1 18 31 12 20 23 4 7 30 32 22 2 21 17 19 29 27 5 25 28 6 13 16 3 14 9 8 24 11 10 26 15
461 1 18 31 12 20 23 4 7 30 32 22 2 21 17 19 29 27 5 25 28 6 13 16 3 14 9 8 24 11 10 26 15
462 1 18 31 12 20 23 4 7 30 32 22 2 21 17 19 29 27 5 25 28 6 13 16 3 14 9 8 24 11 10 26 15
463 1 18 31 12 20 23 4 7 30 32 22 2 21 17 19 29 27 5 25 28 6 13 16 3 14 9 8 24 11 10 26 15
464 1 18 31 12 20 23 4 7 30 32 22 2 21 17 19 29 27 5 25 28 6 13 16 3 14 9 8 24 11 10 26 15
465 1 18 31 12 20 23 4 7 30 32 22 2 21 17 19 29 27 5 25 28 6 13 16 3 14 9 8 24 11 10 26 15
466 1 18 31 12 20 23 4 7 30 32 22 2 21 17 19 29 27 5 25 28 6 13 16 3 14 9 8 24 11 10 26 15
467 1 18 31 12 20 23 4 7 30 32 22 2 21 17 19 29 27 5 25 28 6 13 16 3 14 9 8 24 11 10 26 15
468 1 18 31 12 20 23 4 7 30 32 22 2 21 17 19 29 27 5 25 28 6 13 16 3 14 9 8 24 11 10 26 15
469 1 18 31 12 20 23 4 7 30 32 22 2 21 17 19 29 27 5 25 28 6 13 16 3 14 9 8 24 11 10 26 15
470 1 18 31 12 20 23 4 7 30 32 22 2 21 17 19 29 27 5 25 28 6 13 16 3 14 9 8 24 11 10 26 15
471 1 18 31 12 20 23 4 7 30 32 22 2 21 17 19 29 27 5 25 28 6 13 16 3 14 9 8 24 11 10 26 15
472 1 18 31 12 20 23 4 7 30 32 22 2 21 17 19 29 27 5 25 28 6 13 16 3 14 9 8 24 11 10 26 15
473 1 18 31 12 20 23 4 7 30 32 22 2 21 17 19 29 27 5 25 28 6 13 16 3 14 9 8 24 11 10 26 15
474 1 18 31 12 20 23 4 7 30 32 22 2 21 17 19 29 27 5 25 28 6 13 16 3 14 9 8 24 11 10 26 15
475 1 18 31 12 20 23 4 7 30 32 22 2 21 17 19 29 27 5 25 28 6 13 16 3 14 9 8 24 11 10 26 15
476 1 18 31 12 20 23 4 7 30 32 22 2 21 17 19 29 27 5 25 28 6 13 16 3 14 9 8 24 11 10 26 15
477 1 18 31 12 20 23 4 7 30 32 22 2 21 17 19 29 27 5 25 28 6 13 16 3 14 9 8 24 11 10 26 15
478 1 18 31 12 20 23 4 7 30 32 22 2 21 17 19 29 27 5 25 28 6 13 16 3 14 9 8 24 11 10 26 15
479 1 18 31 12 20 23 4 7 30 32 22 2 21 17 19 29 27 5 25 28 6 13 16 3 14 9 8 24 11 10 26 15
480 1 18 31 12 20 23 4 7 30 32 22 2 21 17 19 29 27 5 25 28 6 13 16 3 14 9 8 24 11 10 26 15
481 1 18 31 12 20 23 4 7 30 32 22 2 21 17 19 29 27 5 25 28 6 13 16 3 14 9 8 24 11 10 26 15
482 1 18 31 12 20 23 4 7 30 32 22 2 21 17 19 29 27 5 25 28 6 13 16 3 14 9 8 24 11 10 26 15
483 1 18 31 12 20 23 4 7 30 32 22 2 21 17 19 29 27 5 25 28 6 13 16 3 14 9 8 24 11 10 26 15
484 1 18 31 12 20 23 4 7 30 32 22 2 21 17 19 29 27 5 25 28 6 13 16 3 14 9 8 24 11 10 26 15
485 1 18 31 12 20 23 4 7 30 32 22 2 21 17 19 29 27 5 25 28 6 13 16 3 14 9 8 24 11 10 26 15
486 1 18 31 12 20 23 4 7 30 32 22 2 21 17 19 29 27 5 25 28 6 13 16 3 14 9 8 24 11 10 26 15
487 1 18 31 12 20 23 4 7 30 32 22 2 21 17 19 29 27 5 25 28 6 13 16 3 14 9 8 24 11 10 26 15
488 1 18 31 12 20 23 4 7 30 32 22 2 21 17 19 29 27 5 25 28 6 13 16 3 14 9 8 24 11 10 26 15
489 1 18 31 12 20 23 4 7 30 32 22 2 21 17 19 29 27 5 25 28 6 13 16 3 14 9 8 24 11 10 26 15
490 1 18 31 12 20 23 4 7 30 32 22 2 21 17 19 29 27 5 25 28 6 13 16 3 14 9 8 24 11 10 26 15
491 1 18 31 12 20 23 4 7 30 32 22 2 21 17 19 29 27 5 25 28 6 13 16 3 14 9 8 24 11 10 26 15
492 1 18 31 12 20 23 4 7 30 32 22 2 21 17 19 29 27 5 25 28 6 13 16 3 14 9 8 24 11 10 26 15
493 1 18 31 12 20 23 4 7 30 32 22 2 21 17 19 29 27 5 25 28 6 13 16 3 14 9 8 24 11 10 26 15
494 1 18 31 12 20 23 4 7 30 32 22 2 21 17 19 29 27 5 25 28 6 13 16 3 14 9 8 24 11 10 26 15
495 1 18 31 12 20 23 4 7 30 32 22 2 21 17 19 29 27 5 25 28 6 13 16 3 14 9 8 24 11 10 26 15
496 1 18 31 12 20 23 4 7 30 32 22 2 21 17 19 29 27 5 25 28 6 13 16 3 14 9 8 24 11 10 26 15
497 1 18 31 12 20 23 4 7 30 32 22 2 21 17 19 29 27 5 25 28 6 13 16 3 14 9 8 24 11 10 26 15
498 1 18 31 12 20 23 4 7 30 32 22 2 21 17 19 29 27 5 25 28 6 13 16 3 14 9 8 24 11 10 26 15
499 1 18 31 12 20 23 4 7 30 32 22 2 21 17 19 29 27 5 25 28 6 13 16 3 14 9 8 24 11 10 26 15
500 1 18 31 12 20 23 4 7 30 32 22 2 21 17 19 29 27 5 25 28 6 13 16 3 14 9 8 24 11 10 26 15
501 1 18 31 12 20 23 4 7 30 32 22 2 21 17 19 29 27 5 25 28 6 13 16 3 14 9 8 24 11 10 26 15
502 1 18 31 12 20 23 4 7 30 32 22 2 21 17 19 29 27 5 25 28 6 13 16 3 14 9 8 24 11 10 26 15
503 1 18 31 12 20 23 4 7 30 32 22 2 21 17 19 29 27 5 25 28 6 13 16 3 14 9 8 24 11 10 26 15
504 1 18 31 12 20 23 4 7 30 32 22 2 21 17 19 29 27 5 25 28 6 13 16 3 14 9 8 24 11 10 26 15
505 1 18 31 12 20 23 4 7 30 32 22 2 21 17 19 29 27 5 25 28 6 13 16 3 14 9 8 24 11 10 26 15
506 1 18 31 12 20 23 4 7 30 32 22 2 21 17 19 29 27 5 25 28 6 13 16 3 14 9 8 24 11 10 26 15
507 1 18 31 12 20 23 4 7 30 32 22 2 21 17 19 29 27 5 25 28 6 13 16 3 14 9 8 24 11 10 26 15
508 1 18 31 12 20 23 4 7 30 32 22 2 21 17 19 29 27 5 25 28 6 13 16 3 14 9 8 24 11 10 26 15
509 1 18 31 12 20 23 4 7 30 32 22 2 21 17 19 29 27 5 25 28 6 13 16 3 14 9 8 24 11 10 26 15
510 1 18 31 12 20 23 4 7 30 32 22 2 21 17 19 29 27 5 25 28 6 13 16 3 14 9 8 24 11 10 26 15
511 1 18 31 12 20 23 4 7 30 32 22 2 21 17 19 29 27 5 25 28 6 13 16 3 14 9 8 24 11 10 26 15
512 1 18 31 12 20 23 4 7 30 32 22 2 21 17 19 29 27 5 25 28 6 13 16 3 14 9 8 24 11 10 26 15
513 1 18 31 12 20 23 4 7 30 32 22 2 21 17 19 29 27 5 25 28 6 13 16 3 14 9 8 24 11 10 26 15
514 1 18 31 12 20 23 4 7 30 32 22 2 21 17 19 29 27 5 25 28 6 13 16 3 14 9 8 24 11 10 26 15
515 1 18 31 12 20 23 4 7 30 32 22 2 21 17 19 29 27 5 25 28 6 13 16 3 14 9 8 24 11 10 26 15
516 1 18 31 12 20 23 4 7 30 32 22 2 21 17 19 29 27 5 25 28 6 13 16 3 14 9 8 24 11 10 26 15
517 1 18 31 12 20 23 4 7 30 32 22 2 21 17 19 29 27 5 25 28 6 13 16 3 14 9 8 24 11 10 26 15
518 1 18 31 12 20 23 4 7 30 32 22 2 21 17 19 29 27 5 25 28 6 13 16 3 14 9 8 24 11 10 26 15
519 1 18 31 12 20 23 4 7 30 32 22 2 21 17 19 29 27 5 25 28 6 13 16 3 14 9 8 24 11 10 26 15
520 1 18 31 12 20 23 4 7 30 32 22 2 21 17 19 29 27 5 25 28 6 13 16 3 14 9 8 24 11 10 26 15
521 1 18 31 12 20 23 4 7 30 32 22 2 21 17 19 29 27 5 25 28 6 13 16 3 14 9 8 24 11 10 26 15
522 1 18 31 12 20 23 4 7 30 32 22 2 21 17 19 29 27 5 25 28 6 13 16 3 14 9 8 24 11 10 26 15
523 1 18 31 12 20 23 4 7 30 32 22 2 21 17 19 29 27 5 25 28 6 13 16 3 14 9 8 24 11 10 26 15
524 1 18 31 12 20 23 4 7 30 32 22 2 21 17 19 29 27 5 25 28 6 13 16 3 14 9 8 24 11 10 26 15
525 1 18 31 12 20 23 4 7 30 32 22 2 21 17 19 29 27 5 25 28 6 13 16 3 14 9 8 24 11 10 26 15
526 1 18 31 12 20 23 4 7 30 32 22 2 21 17 19 29 27 5 25 28 6 13 16 3 14 9 8 24 11 10 26 15
527 1 18 31 12 20 23 4 7 30 32 22 2 21 17 19 29 27 5 25 28 6 13 16 3 14 9 8 24 11 10 26 15
528 1 18 31 12 20 23 4 7 30 32 22 2 21 17 19 29 27 5 25 28 6 13 16 3 14 9 8 24 11 10 26 15
529 1 18 31 12 20 23 4 7 30 32 22 2 21 17 19 29 27 5 25 28 6 13 16 3 14 9 8 24 11 10 26 15
530 1 18 31 12 20 23 4 7 30 32 22 2 21 17 19 29 27 5 25 28 6 13 16 3 14 9 8 24 11 10 26 15
531 1 18 31 12 20 23 4 7 30 32 22 2 21 17 19 29 27 5 25 28 6 13 16 3 14 9 8 24 11 10 26 15
532 1 18 31 12 20 23 4 7 30 32 22 2 21 17 19 29 27 5 25 28 6 13 16 3 14 9 8 24 11 10 26 15
533 1 18 31 12 20 23 4 7 30 32 22 2 21 17 19 29 27 5 25 28 6 13 16 3 14 9 8 24 11 10 26 15
534 1 18 31 12 20 23 4 7 30 32 22 2 21 17 19 29 27 5 25 28 6 13 16 3 14 9 8 24 11 10 26 15
535 1 18 31 12 20 23 4 7 30 32 22 2 21 17 19 29 27 5 25 28 6 13 16 3 14 9 8 24 11 10 26 15
536 1 18 31 12 20 23 4 7 30 32 22 2 21 17 19 29 27 5 25 28 6 13 16 3 14 9 8 24 11 10 26 15
537 1 18 31 12 20 23 4 7 30 32 22 2 21 17 19 29 27 5 25 28 6 13 16 3 14 9 8 24 11 10 26 15
538 1 18 31 12 20 23 4 7 30 32 22 2 21 17 19 29 27 5 25 28 6 13 16 3 14 9 8 24 11 10 26 15
539 1 18 31 12 20 23 4 7 30 32 22 2 21 17 19 29 27 5 25 28 6 13 16 3 14 9 8 24 11 10 26 15
540 1 18 31 12 20 23 4 7 30 32 22 2 21 17 19 29 27 5 25 28 6 13 16 3 14 9 8 24 11 10 26 15
541 1 18 31 12 20 23 4 7 30 32 22 2 21 17 19 29 27 5 25 28 6 13 16 3 14 9 8 24 11 10 26 15
542 1 18 31 12 20 23 4 7 30 32 22 2 21 17 19 29 27 5 25 28 6 13 16 3 14 9 8 24 11 10 26 15
543 1 18 31 12 20 23 4 7 30 32 22 2 21 17 19 29 27 5 25 28 6 13 16 3 14 9 8 24 11 10 26 15
544 1 18 31 12 20 23 4 7 30 32 22 2 21 17 19 29 27 5 25 28 6 13 16 3 14 9 8 24 11 10 26 15
545 1 18 31 12 20 23 4 7 30 32 22 2 21 17 19 29 27 5 25 28 6 13 16 3 14 9 8 24 11 10 26 15
546 1 18 31 12 20 23 4 7 30 32 22 2 21 17 19 29 27 5 25 28 6 13 16 3 14 9 8 24 11 10 26 15
547 1 18 31 12 20 23 4 7 30 32 22 2 21 17 19 29 27 5 25 28 6 13 16 3 14 9 8 24 11 10 26 15
548 1 18 31 12 20 23 4 7 30 32 22 2 21 17 19 29 27 5 25 28 6 13 16 3 14 9 8 24 11 10 26 15
549 1 18 31 12 20 23 4 7 30 32 22 2 21 17 19 29 27 5 25 28 6 13 16 3 14 9 8 24 11 10 26 15
550 1 18 31 12 20 23 4 7 30 32 22 2 21 17 19 29 27 5 25 28 6 13 16 3 14 9 8 24 11 10 26 15
551 1 18 31 12 20 23 4 7 30 32 22 2 21 17 19 29 27 5 25 28 6 13 16 3 14 9 8 24 11 10 26 15
552 1 18 31 12 20 23 4 7 30 32 22 2 21 17 19 29 27 5 25 28 6 13 16 3 14 9 8 24 11 10 26 15
553 1 18 31 12 20 23 4 7 30 32 22 2 21 17 19 29 27 5 25 28 6 13 16 3 14 9 8 24 11 10 26 15
554 1 18 31 12 20 23 4 7 30 32 22 2 21 17 19 29 27 5 25 28 6 13 16 3 14 9 8 24 11 10 26 15
555 1 18 31 12 20 23 4 7 30 32 22 2 21 17 19 29 27 5 25 28 6 13 16 3 14 9 8 24 11 10 26 15
556 1 18 31 12 20 23 4 7 30 32 22 2 21 17 19 29 27 5 25 28 6 13 16 3 14 9 8 24 11 10 26 15
557 1 18 31 12 20 23 4 7 30 32 22 2 21 17 19 29 27 5 25 28 6 13 16 3 14 9 8 24 11 10 26 15
558 1 18 31 12 20 23 4 7 30 32 22 2 21 17 19 29 27 5 25 28 6 13 16 3 14 9 8 24 11 10 26 15
559 1 18 31 12 20 23 4 7 30 32 22 2 21 17 19 29 27 5 25 28 6 13 16 3 14 9 8 24 11 10 26 15
560 1 18 31 12 20 23 4 7 30 32 22 2 21 17 19 29 27 5 25 28 6 13 16 3 14 9 8 24 11 10 26 15
561 1 18 31 12 20 23 4 7 30 32 22 2 21 17 19 29 27 5 25 28 6 13 16 3 14 9 8 24 11 10 26 15
562 1 18 31 12 20 23 4 7 30 32 22 2 21 17 19 29 27 5 25 28 6 13 16 3 14 9 8 24 11 10 26 15
563 1 18 31 12 20 23 4 7 30 32 22 2 21 17 19 29 27 5 25 28 6 13 16 3 14 9 8 24 11 10 26 15
564 1 18 31 12 20 23 4 7 30 32 22 2 21 17 19 29 27 5 25 28 6 13 16 3 14 9 8 24 11 10 26 15
565 1 18 31 12 20 23 4 7 30 32 22 2 21 17 19 29 27 5 25 28 6 13 16 3 14 9 8 24 11 10 26 15
566 1 18 31 12 20 23 4 7 30 32 22 2 21 17 19 29 27 5 25 28 6 13 16 3 14 9 8 24 11 10 26 15
567 1 18 31 12 20 23 4 7 30 32 22 2 21 17 19 29 27 5 25 28 6 13 16 3 14 9 8 24 11 10 26 15
568 1 18 31 12 20 23 4 7 30 32 22 2 21 17 19 29 27 5 25 28 6 13 16 3 14 9 8 24 11 10 26 15
569 1 18 31 12 20 23 4 7 30 32 22 2 21 17 19 29 27 5 25 28 6 13 16 3 14 9 8 24 11 10 26 15
570 1 18 31 12 20 23 4 7 30 32 22 2 21 17 19 29 27 5 25 28 6 13 16 3 14 9 8 24 11 10 26 15
571 1 18 31 12 20 23 4 7 30 32 22 2 21 17 19 29 27 5 25 28 6 13 16 3 14 9 8 24 11 10 26 15
572 1 18 31 12 20 23 4 7 30 32 22 2 21 17 19 29 27 5 25 28 6 13 16 3 14 9 8 24 11 10 26 15
573 1 18 31 12 20 23 4 7 30 32 22 2 21 17 19 29 27 5 25 28 6 13 16 3 14 9 8 24 11 10 26 15
574 1 18 31 12 20 23 4 7 30 32 22 2 21 17 19 29 27 5 25 28 6 13 16 3 14 9 8 24 11 10 26 15
575 1 18 31 12 20 23 4 7 30 32 22 2 21 17 19 29 27 5 25 28 6 13 16 3 14 9 8 24 11 10 26 15
576 1 18 31 12 20 23 4 7 30 32 22 2 21 17 19 29 27 5 25 28 6 13 16 3 14 9 8 24 11 10 26 15
577 1 18 31 12 20 23 4 7 30 32 22 2 21 17 19 29 27 5 25 28 6 13 16 3 14 9 8 24 11 10 26 15
578 1 18 31 12 20 23 4 7 30 32 22 2 21 17 19 29 27 5 25 28 6 13 16 3 14 9 8 24 11 10 26 15
579 1 18 31 12 20 23 4 7 30 32 22 2 21 17 19 29 27 5 25 28 6 13 16 3 14 9 8 24 11 10 26 15
580 1 18 31 12 20 23 4 7 30 32 22 2 21 17 19 29 27 5 25 28 6 13 16 3 14 9 8 24 11 10 26 15
581 1 18 31 12 20 23 4 7 30 32 22 2 21 17 19 29 27 5 25 28 6 13 16 3 14 9 8 24 11 10 26 15
582 1 18 31 12 20 23 4 7 30 32 22 2 21 17 19 29 27 5 25 28 6 13 16 3 14 9 8 24 11 10 26 15
583 1 18 31 12 20 23 4 7 30 32 22 2 21 17 19 29 27 5 25 28 6 13 16 3 14 9 8 24 11 10 26 15
584 1 18 31 12 20 23 4 7 30 32 22 2 21 17 19 29 27 5 25 28 6 13 16 3 14 9 8 24 11 10 26 15
585 1 18 31 12 20 23 4 7 30 32 22 2 21 17 19 29 27 5 25 28 6 13 16 3 14 9 8 24 11 10 26 15
586 1 18 31 12 20 23 4 7 30 32 22 2 21 17 19 29 27 5 25 28 6 13 16 3 14 9 8 24 11 10 26 15
587 1 18 31 12 20 23 4 7 30 32 22 2 21 17 19 29 27 5 25 28 6 13 16 3 14 9 8 24 11 10 26 15
588 1 18 31 12 20 23 4 7 30 32 22 2 21 17 19 29 27 5 25 28 6 13 16 3 14 9 8 24 11 10 26 15
589 1 18 31 12 20 23 4 7 30 32 22 2 21 17 19 29 27 5 25 28 6 13 16 3 14 9 8 24 11 10 26 15
590 1 18 31 12 20 23 4 7 30 32 22 2 21 17 19 29 27 5 25 28 6 13 16 3 14 9 8 24 11 10 26 15
591 1 18 31 12 20 23 4 7 30 32 22 2 21 17 19 29 27 5 25 28 6 13 16 3 14 9 8 24 11 10 26 15
592 1 18 31 12 20 23 4 7 30 32 22 2 21 17 19 29 27 5 25 28 6 13 16 3 14 9 8 24 11 10 26 15
593 1 18 31 12 20 23 4 7 30 32 22 2 21 17 19 29 27 5 25 28 6 13 16 3 14 9 8 24 11 10 26 15
594 1 18 31 12 20 23 4 7 30 32 22 2 21 17 19 29 27 5 25 28 6 13 16 3 14 9 8 24 11 10 26 15
595 1 18 31 12 20 23 4 7 30 32 22 2 21 17 19 29 27 5 25 28 6 13 16 3 14 9 8 24 11 10 26 15
596 1 18 31 12 20 23 4 7 30 32 22 2 21 17 19 29 27 5 25 28 6 13 16 3 14 9 8 24 11 10 26 15
597 1 18 31 12 20 23 4 7 30 32 22 2 21 17 19 29 27 5 25 28 6 13 16 3 14 9 8 24 11 10 26 15
598 1 18 31 12 20 23 4 7 30 32 22 2 21 17 19 29 27 5 25 28 6 13 16 3 14 9 8 24 11 10 26 15
599 1 18 31 12 20 23 4 7 30 32 22 2 21 17 19 29 27 5 25 28 6 13 16 3 14 9 8 24 11 10 26 15
600 1 18 31 12 20 23 4 7 30 32 22 2 21 17 19 29 27 5 25 28 6 13 16 3 14 9 8 24 11 10 26 15
