0 1 11 3 15 28 22 26 4 19 10 16 25 20 31 29 17 14 30 23 21 13 32 12 6 9 18 5 7 27 2 24 8
1 1 2 10 14 15 30 7 12 28 32 20 6 17 19 18 11 24 21 27 25 23 29 16 3 31 4 5 22 9 13 26 8
2 1 2 10 14 15 30 7 12 28 32 20 6 17 11 3 22 26 4 19 16 25 31 29 23 21 13 9 18 5 27 24 8
3 1 21 20 16 3 6 31 18 5 14 17 11 27 25 7 26 12 22 28 30 8 13 9 24 29 32 4 2 23 15 10 19
4 1 21 20 16 3 6 32 31 18 5 14 17 11 27 25 7 26 12 22 28 30 8 13 9 24 29 4 2 23 15 10 19
5 1 21 20 16 3 6 31 18 5 14 17 11 27 25 7 26 12 22 32 28 30 8 13 9 24 29 4 2 23 15 10 19
6 1 2 10 14 21 20 16 3 6 31 18 5 17 11 27 25 7 26 12 22 32 28 30 8 13 9 4 29 24 23 15 19
7 1 2 10 14 21 20 16 3 6 31 18 5 17 11 27 25 7 26 12 22 32 28 30 8 13 9 4 29 24 23 15 19
8 1 2 10 14 21 20 16 3 6 31 18 5 17 11 27 25 7 26 12 22 32 28 30 8 13 9 4 29 24 23 15 19
9 1 2 10 14 21 20 16 3 6 31 18 5 17 11 27 25 7 26 12 22 32 28 30 8 13 9 4 29 24 23 15 19
10 1 2 10 14 21 20 16 3 22 12 26 7 25 27 11 17 5 18 31 6 32 28 30 8 13 9 4 29 24 23 15 19
11 1 30 8 13 9 20 16 3 6 31 18 5 17 11 27 25 7 26 12 22 32 28 2 10 14 21 4 29 24 23 15 19
12 1 30 8 2 10 14 21 20 16 3 22 12 26 7 6 31 18 5 17 11 27 25 32 28 13 9 4 29 24 23 15 19
13 1 30 8 2 10 14 21 20 16 3 22 12 26 7 6 31 18 5 17 11 27 25 32 13 9 28 4 29 24 23 15 19
14 1 2 30 8 10 14 21 13 9 20 16 3 6 31 18 5 17 11 27 25 7 26 12 22 32 28 4 29 24 23 15 19
15 1 2 30 8 10 14 21 13 9 20 16 3 22 12 26 7 6 31 18 5 17 11 27 25 32 28 4 29 24 23 15 19
16 1 2 30 8 10 14 21 13 9 20 16 3 22 12 26 7 6 31 18 5 17 11 27 25 32 28 4 29 24 23 15 19
17 1 2 30 8 10 14 21 13 9 20 16 3 22 12 26 7 6 25 18 5 17 11 27 31 32 28 4 29 24 23 15 19
18 1 2 30 8 10 14 21 13 9 20 16 3 22 12 26 7 6 25 18 31 17 11 27 5 32 28 4 29 24 23 15 19
19 1 2 30 8 10 14 21 13 9 20 32 3 22 12 26 7 6 25 18 31 17 11 27 5 16 28 4 29 24 23 15 19
20 1 2 30 8 10 14 21 15 23 24 29 4 28 32 31 27 11 17 5 18 25 6 7 26 12 22 3 16 20 9 13 19
21 1 2 30 8 10 14 21 15 23 24 29 4 28 32 31 27 11 17 5 18 25 6 7 26 13 9 20 16 3 22 12 19
22 1 2 30 8 10 14 21 15 23 24 29 4 28 32 31 27 11 17 5 18 25 6 7 26 13 9 20 16 3 22 12 19
23 1 2 30 8 10 14 21 15 23 24 29 4 28 32 31 27 11 17 5 18 25 6 7 26 13 9 20 16 3 22 12 19
24 1 2 30 8 10 14 21 15 23 24 29 4 28 32 31 27 11 17 5 18 25 6 7 26 13 9 20 16 3 22 12 19
25 1 2 30 8 10 14 21 15 23 24 29 4 28 32 31 27 11 17 5 18 25 6 7 26 13 9 20 16 3 22 12 19
26 1 2 30 8 10 14 21 15 23 24 29 4 28 32 31 27 11 17 5 18 25 6 7 26 13 9 20 16 3 22 12 19
27 1 2 30 8 10 14 21 15 23 24 29 4 28 32 5 27 11 17 31 18 25 6 7 26 13 9 20 16 3 22 12 19
28 1 2 30 8 10 14 21 15 23 24 29 4 28 32 5 27 11 17 31 18 25 6 7 26 13 9 20 16 3 22 12 19
29 1 2 30 8 10 14 21 15 23 24 29 4 28 31 17 11 27 5 32 18 25 6 7 26 13 9 20 16 3 22 12 19
30 1 2 30 8 10 14 21 15 23 24 29 4 28 31 17 11 5 27 32 18 25 6 7 26 13 9 20 16 3 22 12 19
31 1 2 30 8 10 14 21 15 24 23 29 4 28 31 17 11 27 5 32 18 25 6 7 26 13 9 20 16 3 22 12 19
32 1 2 30 8 10 14 21 15 24 23 29 4 28 31 17 11 27 5 32 18 25 6 7 26 13 9 20 16 3 22 12 19
33 1 2 30 8 10 14 21 15 24 23 29 4 28 31 17 11 27 5 32 18 25 6 7 16 20 9 13 26 3 22 12 19
34 1 2 30 8 10 14 21 15 24 23 29 4 28 31 17 11 27 5 32 18 25 6 7 16 20 9 13 26 3 22 12 19
35 1 2 30 8 10 14 21 15 24 23 29 4 5 27 11 17 31 28 32 18 25 6 7 16 20 9 13 26 3 22 12 19
36 1 2 30 8 10 14 21 15 24 23 29 4 5 27 11 17 31 28 32 18 25 6 7 16 20 9 13 26 3 22 12 19
37 1 2 30 8 10 14 21 15 24 23 29 4 5 27 11 17 31 28 32 18 25 6 7 16 20 9 13 26 3 22 12 19
38 1 2 30 8 10 14 21 15 24 23 29 4 5 27 11 17 31 28 32 18 25 6 7 16 20 9 13 26 3 22 12 19
39 1 30 2 8 10 14 21 15 24 23 29 4 5 27 11 17 31 28 32 18 25 6 7 16 20 9 13 26 3 22 12 19
40 1 30 2 8 10 14 21 15 24 23 29 4 5 27 11 17 31 28 32 18 25 6 7 16 20 9 13 26 3 22 12 19
41 1 30 2 8 10 14 21 15 24 23 29 4 5 27 11 17 31 28 32 18 25 6 7 16 20 9 13 26 3 22 12 19
42 1 30 2 8 14 10 21 15 24 23 29 4 5 27 11 17 31 28 32 18 25 6 7 16 20 9 13 26 3 22 12 19
43 1 30 2 8 14 10 21 15 24 23 29 4 5 27 11 17 31 28 32 18 25 6 7 16 20 9 13 26 3 22 12 19
44 1 30 2 8 10 14 21 15 24 23 29 4 5 27 11 17 31 28 32 18 25 16 20 9 6 7 13 26 3 22 12 19
45 1 30 2 8 14 10 21 15 24 23 29 4 5 27 11 17 31 28 32 18 25 6 16 20 9 7 13 26 3 22 12 19
46 1 30 2 8 14 10 21 15 24 23 29 4 5 27 11 17 31 28 32 18 25 6 16 20 9 7 13 26 3 22 12 19
47 1 30 2 8 14 10 21 15 24 23 29 4 5 27 11 17 31 28 32 18 25 6 16 20 9 7 13 26 3 22 12 19
48 1 30 2 8 14 10 21 15 24 23 29 4 5 27 11 17 31 28 32 18 25 6 16 20 9 7 13 26 3 22 12 19
49 1 30 2 8 14 10 21 15 24 23 29 4 5 27 11 17 31 28 32 18 25 6 16 20 9 7 13 26 3 22 12 19
50 1 30 2 8 14 10 21 15 24 23 29 4 5 27 11 17 31 28 32 18 25 6 16 20 9 7 13 26 3 22 12 19
51 1 30 2 8 14 10 21 15 24 23 29 4 5 27 11 17 31 28 32 18 25 6 16 20 9 7 13 26 3 22 12 19
52 1 30 2 8 14 10 21 15 24 23 29 4 5 27 11 17 31 28 32 18 25 6 16 20 9 7 13 26 3 22 12 19
53 1 30 2 8 14 10 21 15 24 23 29 4 5 27 11 17 31 28 32 18 25 6 16 20 9 7 13 22 3 26 12 19
54 1 30 2 8 14 10 21 15 24 23 29 4 5 27 11 17 31 28 32 18 25 6 16 20 9 7 26 13 3 22 12 19
55 1 30 2 8 14 10 21 15 24 23 29 4 5 27 11 17 31 28 32 18 25 6 16 20 9 7 26 13 3 22 12 19
56 1 30 2 8 14 10 21 15 24 23 29 4 5 27 11 17 31 28 32 18 25 6 16 20 9 7 3 22 13 26 12 19
57 1 30 2 8 14 10 21 15 24 23 29 4 5 27 11 17 31 28 32 18 25 6 16 20 9 7 3 22 26 13 12 19
58 1 30 2 8 14 10 21 15 24 23 29 4 5 27 11 17 31 28 32 18 25 6 16 20 9 7 3 22 26 13 12 19
59 1 30 2 8 14 10 21 15 24 23 29 4 5 27 11 17 31 28 32 18 25 6 16 20 9 7 3 22 26 13 12 19
60 1 30 2 8 14 10 21 15 24 23 29 4 5 27 11 17 31 28 32 18 25 6 16 20 9 7 3 22 26 13 12 19
61 1 30 2 8 14 10 21 15 24 23 29 4 5 27 11 17 31 28 25 18 32 6 16 20 9 7 3 22 26 13 12 19
62 1 30 2 8 14 10 21 15 24 23 29 4 5 27 11 17 31 28 25 18 32 6 16 20 9 7 3 22 26 13 12 19
63 1 30 2 8 14 10 21 15 24 23 29 4 5 27 11 17 31 28 25 18 32 6 16 20 9 7 3 22 26 13 12 19
64 1 30 2 8 14 10 12 13 26 22 3 7 9 20 16 6 32 18 25 28 31 17 11 27 5 4 29 23 24 15 21 19
65 1 30 2 8 14 10 12 13 26 22 3 7 9 20 16 6 32 18 25 28 31 17 11 27 5 4 29 23 24 15 21 19
66 1 30 2 8 14 10 12 13 26 22 3 7 9 20 16 6 32 18 25 28 31 17 11 27 5 4 29 23 24 15 21 19
67 1 30 2 8 14 10 12 13 26 22 3 7 9 20 16 6 32 18 25 28 31 17 11 27 5 4 29 23 24 15 21 19
68 1 30 2 8 14 10 12 13 26 22 3 7 9 20 16 6 32 18 25 28 31 17 11 27 5 4 29 23 24 15 21 19
69 1 30 2 8 14 10 12 13 26 22 3 7 9 20 16 6 32 18 25 28 31 17 11 27 5 4 29 23 24 15 21 19
70 1 30 2 8 14 10 12 13 26 22 3 7 9 20 16 6 32 18 25 28 31 17 11 27 5 4 29 23 24 15 21 19
71 1 30 2 8 14 10 12 13 26 22 3 7 9 20 16 6 32 18 25 28 31 17 11 27 5 4 29 23 24 15 21 19
72 1 30 2 8 14 10 12 13 26 22 3 7 9 20 16 6 32 27 5 18 25 28 31 17 11 4 29 23 24 15 21 19
73 1 30 2 8 14 10 12 13 26 22 3 7 9 20 16 6 32 18 25 27 5 28 31 17 11 4 29 23 24 15 21 19
74 1 30 2 8 14 10 12 13 26 22 3 7 9 20 16 6 32 18 25 27 5 28 31 17 11 4 29 23 24 15 21 19
75 1 30 2 8 14 10 12 13 26 22 3 7 9 20 16 6 32 18 25 27 5 28 31 17 11 4 29 23 24 15 21 19
76 1 30 2 8 14 10 12 13 26 22 3 7 9 20 16 6 32 18 25 27 5 28 31 17 11 4 29 23 24 15 21 19
77 1 30 2 8 14 10 12 13 26 22 3 7 9 20 16 6 32 18 25 27 28 5 31 17 11 4 29 23 24 15 21 19
78 1 30 2 8 14 10 12 13 26 22 3 7 9 20 6 16 32 18 25 27 28 5 31 17 11 4 29 23 24 15 21 19
79 1 30 29 4 11 17 31 5 28 27 25 18 32 6 16 20 9 7 3 22 26 13 12 10 14 8 2 23 24 15 21 19
80 1 30 29 4 11 17 31 5 28 27 25 18 32 6 16 20 9 7 3 22 26 13 12 10 14 8 2 23 24 15 21 19
81 1 30 29 4 11 17 31 5 28 27 25 18 32 6 16 20 9 7 3 22 26 13 12 10 14 8 2 23 24 15 21 19
82 1 30 29 4 11 17 31 5 28 27 25 18 32 6 16 20 9 7 3 22 26 13 12 10 14 8 2 23 24 15 21 19
83 1 30 29 4 11 17 31 5 28 27 25 18 32 6 16 20 9 7 3 22 26 13 12 10 14 8 2 23 24 15 21 19
84 1 30 29 4 11 17 31 5 28 27 25 18 32 6 16 20 9 7 3 22 26 13 12 10 14 8 2 23 24 15 21 19
85 1 30 29 4 11 17 31 5 28 27 25 18 32 6 16 20 9 7 3 22 26 13 12 10 14 8 2 23 24 15 21 19
86 1 30 29 4 11 17 31 5 28 27 25 18 32 6 16 20 9 7 3 22 26 13 12 10 14 8 2 23 24 15 21 19
87 1 30 29 4 11 17 31 5 28 27 25 18 32 6 16 20 9 7 3 22 26 13 12 10 14 8 2 23 24 15 21 19
88 1 30 29 4 11 17 31 5 28 27 25 18 32 6 16 20 9 7 3 22 26 13 12 10 14 8 2 23 24 15 21 19
89 1 30 29 4 11 17 31 5 28 27 25 18 32 6 16 20 9 7 3 22 26 13 12 10 14 8 2 23 24 15 21 19
90 1 30 29 4 11 17 31 5 28 27 25 18 16 6 32 20 9 7 3 22 26 13 12 10 14 8 2 23 24 15 21 19
91 1 30 29 4 11 17 31 5 28 27 25 18 16 6 32 20 9 7 3 22 26 13 12 10 14 8 2 23 24 15 21 19
92 1 30 29 4 11 17 31 5 28 27 25 18 16 6 32 20 9 7 3 22 26 13 12 10 14 8 2 23 24 15 21 19
93 1 30 29 4 11 17 31 5 28 27 25 18 16 6 32 20 9 7 3 22 26 13 12 10 14 8 2 23 24 15 21 19
94 1 30 29 4 11 17 31 5 28 27 25 18 16 6 32 20 9 7 3 22 26 13 12 10 14 8 2 23 24 15 21 19
95 1 30 29 4 11 17 31 5 28 27 25 18 16 6 32 20 9 7 3 22 26 13 12 10 14 8 2 23 24 15 21 19
96 1 30 29 4 11 17 31 5 28 27 25 18 16 6 32 20 9 7 3 22 26 13 12 10 14 8 2 23 24 15 21 19
97 1 30 29 4 11 17 31 5 28 27 25 18 16 6 32 20 9 7 3 22 26 13 12 10 14 8 2 23 24 15 21 19
98 1 30 29 4 11 17 31 5 28 27 25 18 16 6 32 20 9 7 3 22 26 13 12 10 14 8 2 23 24 15 21 19
99 1 30 29 4 11 17 31 5 28 27 25 18 16 6 32 20 9 7 3 22 26 13 12 10 14 8 2 23 24 15 21 19
100 1 30 29 4 11 17 31 5 28 27 25 18 16 6 32 20 9 7 3 22 26 13 12 10 14 8 2 23 24 15 21 19
101 1 30 29 4 11 17 31 5 28 27 25 18 16 6 32 20 9 7 3 22 26 13 12 10 14 8 2 23 24 15 21 19
102 1 30 29 4 11 17 31 5 28 27 25 18 16 6 32 20 9 7 3 22 26 13 12 10 14 8 2 23 24 15 21 19
103 1 30 29 4 11 17 31 5 28 27 25 18 16 6 32 20 9 7 3 22 26 13 12 10 14 8 2 23 24 15 21 19
104 1 30 29 4 11 17 31 5 28 27 25 18 16 6 32 20 9 7 3 22 26 13 12 10 14 8 2 23 24 15 21 19
105 1 30 29 4 11 17 31 5 28 27 25 18 16 6 32 20 9 7 3 22 26 13 12 10 14 8 2 23 24 15 21 19
106 1 30 29 4 11 17 31 5 28 27 25 18 16 6 32 20 9 7 3 22 26 13 12 10 14 8 2 23 24 15 21 19
107 1 30 29 4 11 17 31 5 28 27 25 18 16 6 32 20 9 7 3 22 26 13 12 10 14 8 2 23 24 15 21 19
108 1 30 29 4 11 17 31 5 28 27 25 18 16 6 32 20 9 7 3 22 26 13 12 10 14 8 2 23 24 15 21 19
109 1 30 29 17 11 4 31 5 28 27 25 18 16 6 32 20 9 7 3 22 26 13 12 10 14 8 2 23 24 15 21 19
110 1 30 29 4 17 11 31 5 28 27 25 18 16 6 32 20 9 7 3 22 26 13 12 10 14 8 2 23 24 15 21 19
111 1 30 29 17 11 4 31 5 25 27 28 18 16 6 32 20 9 7 3 22 26 13 12 10 14 8 2 23 24 15 21 19
112 1 30 29 17 11 4 31 5 25 27 28 18 16 6 32 20 9 7 3 22 26 13 12 10 14 8 2 23 24 15 21 19
113 1 30 29 17 11 4 31 5 25 27 28 18 16 6 32 20 9 7 3 22 26 13 12 10 14 8 2 23 24 15 21 19
114 1 30 29 17 4 11 31 5 28 27 25 18 16 6 32 20 9 7 3 22 26 13 12 10 14 8 2 23 24 15 21 19
115 1 30 29 17 4 11 31 5 25 27 28 18 16 6 32 20 9 7 3 22 26 13 12 10 14 8 2 23 24 15 21 19
116 1 30 29 17 4 11 31 5 25 27 28 18 16 6 32 20 9 7 3 22 26 13 12 10 14 8 2 23 24 15 21 19
117 1 30 29 17 4 11 31 5 25 27 28 18 16 6 32 20 9 7 3 22 26 13 12 10 14 8 2 23 24 15 21 19
118 1 30 29 17 4 11 31 5 25 27 28 18 16 6 32 20 9 7 3 22 26 13 12 10 14 8 2 23 24 15 21 19
119 1 30 29 17 4 11 31 5 25 27 28 18 16 6 32 20 9 7 3 22 26 13 12 10 14 8 2 23 24 15 21 19
120 1 30 29 17 4 11 31 5 25 27 28 18 16 6 32 20 9 7 3 22 26 13 12 10 14 8 2 23 24 15 21 19
121 1 30 29 17 4 11 31 5 25 27 28 18 16 6 32 20 9 7 3 22 26 13 12 10 14 8 2 23 24 15 21 19
122 1 30 29 17 4 11 31 5 25 27 28 18 16 20 6 32 9 7 3 22 26 13 12 10 14 8 2 23 24 15 21 19
123 1 30 29 17 4 11 31 5 25 27 28 18 6 16 32 20 9 7 3 22 26 13 12 10 14 8 2 23 24 15 21 19
124 1 30 29 17 4 11 31 5 25 27 28 18 16 6 20 32 9 7 3 22 26 13 12 10 14 8 2 23 24 15 21 19
125 1 30 29 17 4 11 31 5 25 27 28 18 6 16 20 32 9 7 3 22 26 13 12 10 14 8 2 23 24 15 21 19
126 1 30 29 17 4 11 31 5 25 27 28 18 6 16 20 32 9 7 3 22 26 13 12 10 14 8 2 23 24 15 21 19
127 1 30 29 17 4 11 31 5 25 27 28 18 6 16 20 32 9 7 3 22 26 13 12 10 14 8 2 23 24 15 21 19
128 1 30 29 17 4 11 31 5 27 25 28 18 6 16 20 32 9 7 3 22 26 13 12 10 14 8 2 23 24 15 21 19
129 1 30 29 17 4 11 31 5 27 25 28 18 6 16 20 32 9 7 3 22 26 13 12 10 14 8 2 23 24 15 21 19
130 1 15 24 23 2 8 30 29 17 4 11 31 5 25 27 28 18 6 16 20 32 9 7 3 22 26 13 12 10 14 21 19
131 1 15 24 23 2 8 30 29 17 4 11 31 5 27 25 28 18 6 16 20 32 9 7 3 22 26 13 12 10 14 21 19
132 1 15 24 23 2 8 30 29 17 4 11 31 5 27 25 28 18 6 16 20 32 9 7 3 22 26 13 12 10 14 21 19
133 1 15 24 23 2 8 30 29 17 4 11 31 5 27 25 28 18 6 16 20 32 9 7 3 22 26 13 12 10 14 21 19
134 1 15 24 23 2 30 29 17 4 11 31 5 27 25 28 18 6 16 20 32 9 7 3 22 26 13 12 10 14 8 21 19
135 1 15 24 23 2 30 29 17 4 11 31 5 27 25 28 18 6 16 20 32 9 7 3 22 26 13 12 10 14 8 21 19
136 1 15 24 23 2 30 29 17 4 11 31 5 27 25 28 18 6 16 20 32 9 7 3 22 26 13 12 10 14 8 21 19
137 1 15 24 23 2 30 29 17 4 11 31 5 27 25 28 18 6 16 20 32 9 7 3 22 26 13 12 10 14 8 21 19
138 1 15 24 23 2 30 29 17 4 11 31 5 27 25 28 18 6 16 20 32 9 7 3 22 26 13 12 10 14 8 21 19
139 1 15 24 23 2 30 29 17 4 11 31 5 27 25 28 18 6 16 20 32 9 7 3 22 26 13 12 10 14 8 21 19
140 1 15 24 23 2 30 29 17 4 11 31 5 27 25 28 18 6 16 20 32 9 7 3 22 26 13 12 10 14 8 21 19
141 1 15 24 23 2 30 29 17 4 11 31 5 27 25 28 18 6 16 20 32 9 7 3 22 26 13 12 10 14 8 21 19
142 1 15 24 23 2 30 29 17 4 11 31 5 27 25 28 18 6 16 20 32 9 7 3 22 26 13 12 10 14 8 21 19
143 1 15 24 23 2 30 29 17 4 11 31 5 27 25 28 18 6 16 20 32 9 7 3 22 26 13 12 10 14 8 21 19
144 1 15 24 23 2 30 29 17 4 11 31 5 27 25 28 18 6 16 20 32 9 7 3 22 26 13 12 10 14 8 21 19
145 1 15 24 23 2 30 29 17 4 11 31 5 27 25 28 18 6 16 20 32 9 7 3 22 26 13 12 10 14 8 21 19
146 1 15 24 23 2 30 29 17 4 11 31 5 27 25 28 18 6 16 20 32 9 7 3 22 26 13 12 10 14 8 21 19
147 1 15 24 23 2 30 29 17 4 11 31 5 27 25 28 18 6 16 20 32 9 7 3 22 26 13 12 10 14 8 21 19
148 1 15 24 2 23 30 29 17 4 11 31 5 27 25 28 18 6 16 20 32 9 7 3 22 26 13 12 10 14 8 21 19
149 1 15 24 2 23 30 29 17 4 11 31 5 27 25 28 18 6 16 20 32 9 7 3 22 26 13 12 10 14 8 21 19
150 1 15 24 2 23 30 29 17 4 11 31 5 27 25 28 18 6 16 20 32 9 7 3 22 26 13 12 10 14 8 21 19
151 1 15 24 2 23 30 29 17 4 11 31 5 27 25 28 18 6 16 20 32 9 7 3 22 26 13 12 10 14 8 21 19
152 1 15 24 2 23 30 29 17 4 11 31 5 27 25 28 18 6 16 20 32 9 7 3 22 26 13 12 10 14 8 21 19
153 1 15 24 2 23 30 29 17 4 11 31 5 27 25 28 18 6 16 20 32 9 7 3 22 26 13 12 10 14 8 21 19
154 1 15 24 2 23 30 29 17 4 11 31 5 27 25 28 18 6 16 20 32 9 7 3 22 26 13 12 10 14 8 21 19
155 1 15 24 2 23 30 29 17 4 11 31 5 27 25 28 18 6 16 20 32 9 7 3 22 26 13 12 10 14 8 21 19
156 1 15 24 2 23 30 29 17 4 11 31 5 27 25 28 18 6 16 20 32 9 7 3 22 26 13 12 10 14 8 21 19
157 1 15 24 2 23 30 29 17 4 11 31 5 27 25 28 18 6 16 20 32 9 7 3 22 26 13 12 10 14 8 21 19
158 1 15 24 2 23 30 29 17 4 11 31 5 27 25 28 18 6 16 20 32 9 7 3 22 26 13 12 10 14 8 21 19
159 1 15 24 2 23 30 29 17 4 11 31 5 27 25 28 18 6 16 20 32 9 7 3 22 26 13 12 10 14 8 21 19
160 1 15 24 2 23 30 29 17 4 11 31 5 27 25 28 18 6 16 20 32 9 7 3 22 26 13 12 10 14 8 21 19
161 1 15 24 2 23 30 29 17 4 11 31 5 27 25 28 18 6 16 20 32 9 7 3 22 26 13 12 10 14 8 21 19
162 1 15 24 2 23 30 29 17 4 11 31 5 27 25 28 18 6 16 20 32 9 7 3 22 26 13 12 10 14 8 21 19
163 1 15 24 2 23 30 29 17 4 11 31 5 27 25 28 18 6 16 20 32 9 7 3 22 26 13 12 10 14 8 21 19
164 1 15 24 2 23 30 29 17 4 11 31 5 27 25 28 18 6 16 20 32 9 7 3 22 26 13 12 10 14 8 21 19
165 1 15 24 2 23 30 29 17 4 11 31 5 27 25 28 18 6 16 20 32 9 7 3 22 26 13 12 10 14 8 21 19
166 1 15 24 2 23 30 29 17 4 11 31 5 27 25 28 18 6 16 20 32 9 7 3 22 26 13 12 10 14 8 21 19
167 1 15 24 2 23 30 29 17 4 11 31 5 27 25 28 18 6 16 20 32 9 7 3 22 26 13 12 10 14 8 21 19
168 1 15 24 2 23 30 29 17 4 11 31 5 27 25 28 18 6 16 20 32 9 7 3 22 26 13 12 10 14 8 21 19
169 1 15 24 2 23 30 29 17 4 11 31 5 27 25 28 18 6 16 20 32 9 7 3 22 26 13 12 10 14 8 21 19
170 1 15 24 2 23 30 29 17 4 11 31 5 27 25 28 18 6 16 20 32 9 7 3 22 26 13 12 10 14 8 21 19
171 1 15 24 2 23 30 29 17 4 11 31 5 27 25 28 18 6 16 20 32 9 7 3 22 26 13 12 10 14 8 21 19
172 1 15 24 2 23 30 29 17 4 11 31 5 27 25 28 18 6 16 20 32 9 7 3 22 26 13 12 10 14 8 21 19
173 1 15 24 2 23 30 29 17 4 11 31 5 27 25 28 18 6 16 20 32 9 7 3 22 26 13 12 10 14 8 21 19
174 1 15 24 2 23 30 29 17 4 11 31 5 27 25 28 18 6 16 20 32 9 7 3 22 26 13 12 10 14 8 21 19
175 1 15 24 2 23 30 29 17 4 11 31 5 27 25 28 18 6 16 20 32 9 7 3 22 26 13 12 10 14 8 21 19
176 1 15 24 2 23 30 29 17 4 11 31 5 27 25 28 18 6 16 20 32 9 7 3 22 26 13 12 10 14 8 21 19
177 1 15 24 2 23 30 29 17 4 11 31 5 27 25 28 18 6 16 20 32 9 7 3 22 26 13 12 10 14 8 21 19
178 1 15 24 2 23 30 29 17 4 11 31 5 27 25 28 18 6 16 20 32 9 7 3 22 26 13 12 10 14 8 21 19
179 1 15 24 2 23 30 29 17 4 11 31 5 27 25 28 18 6 16 20 32 9 7 3 22 26 13 12 10 14 8 21 19
180 1 15 24 2 23 30 29 17 4 11 31 5 27 25 28 18 6 16 20 32 9 7 3 22 26 13 12 10 14 8 21 19
181 1 15 24 2 23 30 29 17 4 11 31 5 27 25 28 18 6 16 20 32 9 7 3 22 26 13 12 10 14 8 21 19
182 1 15 24 2 23 30 29 17 4 11 31 5 27 25 28 18 6 16 20 32 9 7 3 22 26 13 12 10 14 8 21 19
183 1 15 24 2 23 30 29 17 4 11 31 5 27 25 28 18 6 16 20 32 9 7 3 22 26 13 12 10 14 8 21 19
184 1 15 24 2 23 30 29 17 4 11 31 5 27 25 28 18 6 16 20 32 9 7 3 22 26 13 12 10 14 8 21 19
185 1 15 24 2 23 30 29 17 4 11 31 5 27 25 28 18 6 16 20 32 9 7 3 22 26 13 12 10 14 8 21 19
186 1 15 24 2 23 30 29 17 4 11 31 5 27 25 28 18 6 16 20 32 9 7 3 22 26 13 12 10 14 8 21 19
187 1 15 24 2 23 30 29 17 4 11 31 5 27 25 28 18 6 16 20 32 9 7 3 22 26 13 12 10 14 8 21 19
188 1 15 24 2 23 30 29 17 4 11 31 5 27 25 28 18 6 16 20 32 9 7 3 22 26 13 12 10 14 8 21 19
189 1 15 24 2 23 30 29 17 4 11 31 5 27 25 28 18 6 16 20 32 9 7 3 22 26 13 12 10 14 8 21 19
190 1 15 24 2 23 30 29 17 4 11 31 5 27 25 28 18 6 16 20 32 9 7 3 22 26 13 12 10 14 8 21 19
191 1 15 24 2 23 30 29 17 4 11 31 5 27 25 28 18 6 16 20 32 9 7 3 22 26 13 12 10 14 8 21 19
192 1 15 24 2 23 30 29 17 4 11 31 5 27 25 28 18 6 16 20 32 9 7 3 22 26 13 12 10 14 19 8 21
193 1 15 24 2 23 30 29 17 4 11 31 5 27 25 28 18 6 16 20 32 9 7 3 22 26 13 12 10 14 19 8 21
194 1 15 24 2 23 30 29 17 4 11 31 5 27 25 28 18 6 16 20 32 9 7 3 22 26 13 12 10 14 19 8 21
195 1 15 24 2 23 30 29 17 4 11 31 5 27 25 28 18 6 16 20 32 9 7 3 22 26 13 12 10 14 19 8 21
196 1 15 24 2 23 30 29 17 4 11 31 5 27 25 28 18 6 16 20 32 9 7 3 22 26 13 12 10 14 19 8 21
197 1 15 24 2 23 30 29 17 4 11 31 5 27 25 28 18 6 16 20 32 9 7 3 22 26 13 12 10 14 19 8 21
198 1 15 24 2 23 30 29 17 4 11 31 5 27 25 28 18 6 16 20 32 9 7 3 22 26 13 12 10 14 19 8 21
199 1 15 24 2 23 30 29 17 4 11 31 5 27 25 28 18 6 16 20 32 9 7 3 22 26 13 12 10 14 19 8 21
200 1 15 24 2 23 30 29 17 4 11 31 5 27 25 28 18 6 16 20 32 9 7 3 22 26 13 12 10 14 19 8 21
201 1 15 24 2 23 30 29 17 4 11 31 5 27 25 28 18 6 16 20 32 9 7 3 22 26 13 12 10 14 19 8 21
202 1 15 24 2 23 30 29 17 4 11 31 5 27 25 28 18 6 16 20 32 9 7 3 22 26 13 12 10 14 19 8 21
203 1 15 24 2 23 30 29 17 4 11 31 5 27 25 28 18 6 16 20 32 9 7 3 22 26 13 12 10 14 19 8 21
204 1 15 24 2 23 30 29 17 4 11 31 5 27 25 28 18 6 16 20 32 9 7 3 22 26 13 12 10 14 19 8 21
205 1 15 24 2 23 30 29 17 4 11 31 5 27 25 28 18 6 16 20 32 9 7 3 22 26 13 12 10 19 14 8 21
206 1 15 24 2 23 30 29 17 4 11 31 5 27 25 28 18 6 16 20 32 9 7 3 22 26 13 12 10 19 14 8 21
207 1 15 24 2 23 30 29 17 4 11 31 5 27 25 28 18 6 16 20 32 9 7 3 22 26 13 12 10 19 14 8 21
208 1 15 24 2 23 30 29 17 4 11 31 5 27 25 28 18 6 16 20 32 9 7 3 22 26 13 12 10 19 14 8 21
209 1 15 24 2 23 30 29 17 4 11 31 5 27 25 28 18 6 16 20 32 9 7 3 22 26 13 12 10 19 14 8 21
210 1 15 24 2 23 30 29 17 4 11 31 5 27 25 28 18 6 16 20 32 9 7 3 22 26 13 12 10 19 14 8 21
211 1 15 24 2 23 30 29 17 4 11 31 5 27 25 28 18 6 16 20 32 9 7 3 22 26 13 12 10 19 14 8 21
212 1 15 24 2 23 30 29 17 4 11 31 5 27 25 28 18 6 16 20 32 9 7 3 22 26 13 12 10 19 14 8 21
213 1 15 24 2 23 30 29 17 4 11 31 5 27 25 28 18 6 16 20 32 9 7 3 22 26 13 12 10 19 14 8 21
214 1 15 24 2 23 30 29 17 4 11 31 5 27 25 28 18 6 16 20 32 9 7 3 22 26 13 12 10 19 14 8 21
215 1 15 24 2 23 30 29 17 4 11 31 5 27 25 28 18 6 16 20 32 9 7 3 22 26 13 12 10 19 14 8 21
216 1 15 24 2 23 30 29 17 4 11 31 5 27 25 28 18 6 16 20 32 9 7 3 22 26 13 12 10 19 14 21 8
217 1 15 24 2 23 30 29 17 4 11 31 5 27 25 28 18 6 16 20 32 9 7 3 22 26 13 12 10 19 14 21 8
218 1 15 24 2 23 30 29 17 4 11 31 5 27 25 28 18 6 16 20 32 9 7 3 22 26 13 12 10 19 14 21 8
219 1 15 24 2 23 30 29 17 4 11 31 5 27 25 28 18 6 16 20 32 9 7 3 22 26 13 12 10 19 14 21 8
220 1 15 24 2 23 30 29 17 4 11 31 5 27 25 28 18 6 16 20 32 9 7 3 22 26 13 12 10 19 14 21 8
221 1 15 24 2 23 30 29 17 4 11 31 5 27 25 28 18 6 16 20 32 9 7 3 22 26 13 12 10 19 14 21 8
222 1 15 24 2 23 30 29 17 4 11 31 5 27 25 28 18 6 16 20 32 9 7 3 22 26 13 12 10 19 14 21 8
223 1 15 24 2 23 30 29 17 4 11 31 5 27 25 28 18 6 16 20 32 9 7 3 22 26 13 12 10 19 14 21 8
224 1 15 24 2 23 30 29 17 4 11 31 5 27 25 28 18 6 16 20 32 9 7 3 22 26 13 12 10 19 14 21 8
225 1 15 24 2 23 30 29 17 4 11 31 5 27 25 28 18 6 16 20 32 9 7 3 22 26 13 12 10 19 14 21 8
226 1 15 24 2 23 30 29 17 4 11 31 5 27 25 28 18 6 16 20 32 9 7 3 22 26 13 12 10 19 14 21 8
227 1 15 24 2 23 30 29 17 4 11 31 5 27 25 28 18 6 16 20 32 9 7 3 22 26 13 12 10 19 14 21 8
228 1 15 24 2 23 30 29 17 4 11 31 5 27 25 28 18 6 16 20 32 9 7 3 22 26 13 12 10 19 14 21 8
229 1 15 24 2 23 30 29 17 4 11 31 5 27 25 28 18 6 16 20 32 9 7 3 22 26 13 12 10 19 14 21 8
230 1 15 24 2 23 30 29 17 4 11 31 5 27 25 28 18 6 16 20 32 9 7 3 22 26 13 12 10 19 14 21 8
231 1 15 24 2 23 30 29 17 4 11 31 5 27 25 28 18 6 16 20 32 9 7 3 22 26 13 12 10 19 14 21 8
232 1 15 24 2 23 30 29 17 4 11 31 5 27 25 28 18 6 16 20 32 9 7 3 22 26 13 12 10 19 14 21 8
233 1 15 24 2 23 30 29 17 4 11 31 5 27 25 28 18 6 16 20 32 9 7 3 22 26 13 12 10 19 14 21 8
234 1 15 24 2 23 30 29 17 4 11 31 5 27 25 28 18 6 16 20 32 9 7 3 22 26 13 12 10 19 14 21 8
235 1 15 24 2 23 30 29 17 4 11 31 5 27 25 28 18 6 16 20 32 9 7 3 22 26 13 12 10 19 14 21 8
236 1 15 24 2 23 30 29 17 4 11 31 5 27 25 28 18 6 16 20 32 9 7 3 22 26 13 12 10 19 14 21 8
237 1 15 24 2 23 30 29 17 4 11 31 5 27 25 28 18 6 16 20 32 9 7 3 22 26 13 12 10 19 14 21 8
238 1 15 24 2 23 30 29 17 4 11 31 5 27 25 28 18 6 16 20 32 9 7 3 22 26 13 12 10 19 14 21 8
239 1 15 24 2 23 30 29 17 4 11 31 5 27 25 28 18 6 16 20 32 9 7 3 22 26 13 12 10 19 14 21 8
240 1 15 24 2 23 30 29 17 4 11 31 5 27 25 28 18 6 16 20 32 9 7 3 22 26 13 12 10 19 14 21 8
241 1 15 24 2 23 30 29 17 4 11 31 5 27 25 28 18 6 16 20 32 9 7 3 22 26 13 12 10 19 14 21 8
242 1 15 24 2 23 30 29 17 4 11 31 5 27 25 28 18 6 16 20 32 9 7 3 22 26 13 12 10 19 14 21 8
243 1 15 24 2 23 30 29 17 4 11 31 5 27 25 28 18 6 16 20 32 9 7 3 22 26 13 12 10 19 14 21 8
244 1 15 24 2 23 30 29 17 4 11 31 5 27 25 28 18 6 16 20 32 9 7 3 22 26 13 12 10 19 14 21 8
245 1 15 24 2 23 30 29 17 4 11 31 5 27 25 28 18 6 16 20 32 9 7 3 22 26 13 12 10 19 14 21 8
246 1 15 24 2 23 30 29 17 4 11 31 5 27 25 28 18 6 16 20 32 9 7 3 22 26 13 12 10 19 14 21 8
247 1 15 24 2 23 30 29 17 4 11 31 5 27 25 28 18 6 16 20 32 9 7 3 22 26 13 12 10 19 14 21 8
248 1 15 24 2 23 30 29 17 4 11 31 5 27 25 28 18 6 16 20 32 9 7 3 22 26 13 12 10 19 14 21 8
249 1 15 24 2 23 30 29 17 4 11 31 5 27 25 28 18 6 16 20 32 9 7 3 22 26 13 12 10 19 14 21 8
250 1 15 24 2 23 30 29 17 4 11 31 5 27 25 28 18 6 16 20 32 9 7 3 22 26 13 12 10 19 14 21 8
251 1 15 24 2 23 30 29 17 4 11 31 5 27 25 28 18 6 16 20 32 9 7 3 22 26 13 12 10 19 14 21 8
252 1 15 24 2 23 30 29 17 4 11 31 5 27 25 28 18 6 16 20 32 9 7 3 22 26 13 12 10 19 14 21 8
253 1 15 24 2 23 30 29 17 4 11 31 5 27 25 28 18 6 16 20 32 9 7 3 22 26 13 12 10 19 14 21 8
254 1 15 24 2 23 30 29 17 4 11 31 5 27 25 28 18 6 16 20 32 9 7 3 22 26 13 12 10 19 14 21 8
255 1 15 24 2 23 30 29 17 4 11 31 5 27 25 28 18 6 16 20 32 9 7 3 22 26 13 12 10 19 14 21 8
256 1 15 24 2 23 30 29 17 4 11 31 5 27 25 28 18 6 16 20 32 9 7 3 22 26 13 12 10 19 14 21 8
257 1 15 24 2 23 30 29 17 4 11 31 5 27 25 28 18 6 16 20 32 9 7 3 22 26 13 12 10 19 14 21 8
258 1 15 24 2 23 30 29 17 4 11 31 5 27 25 28 18 6 16 20 32 9 7 3 22 26 13 12 10 19 14 21 8
259 1 15 24 2 23 30 29 17 4 11 31 5 27 25 28 18 6 16 20 32 9 7 3 22 26 13 12 10 19 14 21 8
260 1 15 24 2 23 30 29 17 4 11 31 5 27 25 28 18 6 16 20 32 9 7 3 22 26 13 12 10 19 14 21 8
261 1 15 24 2 23 30 29 17 4 11 31 5 27 25 28 18 6 16 20 32 9 7 3 22 26 13 12 10 19 14 21 8
262 1 15 24 2 23 30 29 17 4 11 31 5 27 25 28 18 6 16 20 32 9 7 3 22 26 13 12 10 19 14 21 8
263 1 15 24 2 23 30 29 17 4 11 31 5 27 25 28 18 6 16 20 32 9 7 3 22 26 13 12 10 19 14 21 8
264 1 15 24 2 23 30 29 17 4 11 31 5 27 25 28 18 6 16 20 32 9 7 3 22 26 13 12 10 19 14 21 8
265 1 15 24 2 23 30 29 17 4 11 31 5 27 25 28 18 6 16 20 32 9 7 3 22 26 13 12 10 19 14 21 8
266 1 15 24 2 23 30 29 17 4 11 31 5 27 25 28 18 6 16 20 32 9 7 3 22 26 13 12 10 19 14 21 8
267 1 15 24 2 23 30 29 17 4 11 31 5 27 25 28 18 6 16 20 32 9 7 3 22 26 13 12 10 19 14 21 8
268 1 15 24 2 23 30 29 17 4 11 31 5 27 25 28 18 6 16 20 32 9 7 3 22 26 13 12 10 19 14 21 8
269 1 15 24 2 23 30 29 17 4 11 31 5 27 25 28 18 6 16 20 32 9 7 3 22 26 13 12 10 19 14 21 8
270 1 15 24 2 23 30 29 17 4 11 31 5 27 25 28 18 6 16 20 32 9 7 3 22 26 13 12 10 19 14 21 8
271 1 15 24 2 23 30 29 17 4 11 31 5 27 25 28 18 6 16 20 32 9 7 3 22 26 13 12 10 19 14 21 8
272 1 15 24 2 23 30 29 17 4 11 31 5 27 25 28 18 6 16 20 32 9 7 3 22 26 13 12 10 19 14 21 8
273 1 15 24 2 23 30 29 17 4 11 31 5 27 25 28 18 6 16 20 32 9 7 3 22 26 13 12 10 19 14 21 8
274 1 15 24 2 23 30 29 17 4 11 31 5 27 25 28 18 6 16 20 32 9 7 3 22 26 13 12 10 19 14 21 8
275 1 15 24 2 23 30 29 17 4 11 31 5 27 25 28 18 6 16 20 32 9 7 3 22 26 13 12 10 19 14 21 8
276 1 15 24 2 23 30 29 17 4 11 31 5 27 25 28 18 6 16 20 32 9 7 3 22 26 13 12 10 19 14 21 8
277 1 15 24 2 23 30 29 17 4 11 31 5 27 25 28 18 6 16 20 32 9 7 3 22 26 13 12 10 19 14 21 8
278 1 15 24 2 23 30 29 17 4 11 31 5 27 25 28 18 6 16 20 32 9 7 3 22 26 13 12 10 19 14 21 8
279 1 15 24 2 23 30 29 17 4 11 31 5 27 25 28 18 6 16 20 32 9 7 3 22 26 13 12 10 19 14 21 8
280 1 15 24 2 23 30 29 17 4 11 31 5 27 25 28 18 6 16 20 32 9 7 3 22 26 13 12 10 19 14 21 8
281 1 15 24 2 23 30 29 17 4 11 31 5 27 25 28 18 6 16 20 32 9 7 3 22 26 13 12 10 19 14 21 8
282 1 15 24 2 23 30 29 17 4 11 31 5 27 25 28 18 6 16 20 32 9 7 3 22 26 13 12 10 19 14 21 8
283 1 15 24 2 23 30 29 17 4 11 31 5 27 25 28 18 6 16 20 32 9 7 3 22 26 13 12 10 19 14 21 8
284 1 15 24 2 23 30 29 17 4 11 31 5 27 25 28 18 6 16 20 32 9 7 3 22 26 13 12 10 19 14 21 8
285 1 15 24 2 23 30 29 17 4 11 31 5 27 25 28 18 6 16 20 32 9 7 3 22 26 13 12 10 19 14 21 8
286 1 15 24 2 23 30 29 17 4 11 31 5 27 25 28 18 6 16 20 32 9 7 3 22 26 13 12 10 19 14 21 8
287 1 15 24 2 23 30 29 17 4 11 31 5 27 25 28 18 6 16 20 32 9 7 3 22 26 13 12 10 19 14 21 8
288 1 15 24 2 23 30 29 17 4 11 31 5 27 25 28 18 6 16 20 32 9 7 3 22 26 13 12 10 19 14 21 8
289 1 15 24 2 23 30 29 17 4 11 31 5 27 25 28 18 6 16 20 32 9 7 3 22 26 13 12 10 19 14 21 8
290 1 15 24 2 23 30 29 17 4 11 31 5 27 25 28 18 6 16 20 32 9 7 3 22 26 13 12 10 19 14 21 8
291 1 15 24 2 23 30 29 17 4 11 31 5 27 25 28 18 6 16 20 32 9 7 3 22 26 13 12 10 19 14 21 8
292 1 15 24 2 23 30 29 17 4 11 31 5 27 25 28 18 6 16 20 32 9 7 3 22 26 13 12 10 19 14 21 8
293 1 15 24 2 23 30 29 17 4 11 31 5 27 25 28 18 6 16 20 32 9 7 3 22 26 13 12 10 19 14 21 8
294 1 15 24 2 23 30 29 17 4 11 31 5 27 25 28 18 6 16 20 32 9 7 3 22 26 13 12 10 19 14 21 8
295 1 15 24 2 23 30 29 17 4 11 31 5 27 25 28 18 6 16 20 32 9 7 3 22 26 13 12 10 19 14 21 8
296 1 15 24 2 23 30 29 17 4 11 31 5 27 25 28 18 6 16 20 32 9 7 3 22 26 13 12 10 19 14 21 8
297 1 15 24 2 23 30 29 17 4 11 31 5 27 25 28 18 6 16 20 32 9 7 3 22 26 13 12 10 19 14 21 8
298 1 15 2 24 23 30 29 17 4 11 31 5 27 25 28 18 6 16 20 32 9 7 3 22 26 13 12 10 19 14 21 8
299 1 15 2 24 23 30 29 17 4 11 31 5 27 25 28 18 6 16 20 32 9 7 3 22 26 13 12 10 19 14 21 8
300 1 15 2 24 23 30 29 17 4 11 31 5 27 25 28 18 6 16 20 32 9 7 3 22 26 13 12 10 19 14 21 8
301 1 15 2 24 23 30 29 17 4 11 31 5 27 25 28 18 6 16 20 32 9 7 3 22 26 13 12 10 19 14 21 8
302 1 15 2 24 23 30 29 17 4 11 31 5 27 25 28 18 6 16 20 32 9 7 3 22 26 13 12 10 19 14 21 8
303 1 15 2 24 23 30 29 17 4 11 31 5 27 25 28 18 6 16 20 32 9 7 3 22 26 13 12 10 19 14 21 8
304 1 15 2 24 23 30 29 17 4 11 31 5 27 25 28 18 6 16 20 32 9 7 3 22 26 13 12 10 19 14 21 8
305 1 15 2 24 23 30 29 17 4 11 31 5 27 25 28 18 6 16 20 32 9 7 3 22 26 13 12 10 19 14 21 8
306 1 15 2 24 23 30 29 17 4 11 31 5 27 25 28 18 6 16 20 32 9 7 3 22 26 13 12 10 19 14 21 8
307 1 15 2 24 23 30 29 17 4 11 31 5 27 25 28 18 6 16 20 32 9 7 3 22 26 13 12 10 19 14 21 8
308 1 15 2 24 23 30 29 17 4 11 31 5 27 25 28 18 6 16 20 32 9 7 3 22 26 13 12 10 19 14 21 8
309 1 15 2 24 23 30 29 17 4 11 31 5 27 25 28 18 6 16 20 32 9 7 3 22 26 13 12 10 19 14 21 8
310 1 15 2 24 23 30 29 17 4 11 31 5 27 25 28 18 6 16 20 32 9 7 3 22 26 13 12 10 19 14 21 8
311 1 15 2 24 23 30 29 17 4 11 31 5 27 25 28 18 6 16 20 32 9 7 3 22 26 13 12 10 19 14 21 8
312 1 15 2 24 23 30 29 17 4 11 31 5 27 25 28 18 6 16 20 32 9 7 3 22 26 13 12 10 19 14 21 8
313 1 15 2 24 23 30 29 17 4 11 31 5 27 25 28 18 6 16 20 32 9 7 3 22 26 13 12 10 19 14 21 8
314 1 15 2 24 23 30 29 17 4 11 31 5 27 25 28 18 6 16 20 32 9 7 3 22 26 13 12 10 19 14 21 8
315 1 15 2 24 23 30 29 17 4 11 31 5 27 25 28 18 6 16 20 32 9 7 3 22 26 13 12 10 19 14 21 8
316 1 15 2 24 23 30 29 17 4 11 31 5 27 25 28 18 6 16 20 32 9 7 3 22 26 13 12 10 19 14 21 8
317 1 15 2 24 23 30 29 17 4 11 31 5 27 25 28 18 6 16 20 32 9 7 3 22 26 13 12 10 19 14 21 8
318 1 15 2 24 23 30 29 17 4 11 31 5 27 25 28 18 6 16 20 32 9 7 3 22 26 13 12 10 19 14 21 8
319 1 15 2 24 23 30 29 17 4 11 31 5 27 25 28 18 6 16 20 32 9 7 3 22 26 13 12 10 19 14 21 8
320 1 15 2 24 23 30 29 17 4 11 31 5 27 25 28 18 6 16 20 32 9 7 3 22 26 13 12 10 19 14 21 8
321 1 15 2 24 23 30 29 17 4 11 31 5 27 25 28 18 6 16 20 32 9 7 3 22 26 13 12 10 19 14 21 8
322 1 15 2 24 23 30 29 17 4 11 31 5 27 25 28 18 6 16 20 32 9 7 3 22 26 13 12 10 19 14 21 8
323 1 15 2 24 23 30 29 17 4 11 31 5 27 25 28 18 6 16 20 32 9 7 3 22 26 13 12 10 19 14 21 8
324 1 15 2 24 23 30 29 17 4 11 31 5 27 25 28 18 6 16 20 32 9 7 3 22 26 13 12 10 19 14 21 8
325 1 15 2 24 23 30 29 17 4 11 31 5 27 25 28 18 6 16 20 32 9 7 3 22 26 13 12 10 19 14 21 8
326 1 15 2 24 23 30 29 17 4 11 31 5 27 25 28 18 6 16 20 32 9 7 3 22 26 13 12 10 19 14 21 8
327 1 15 2 24 23 30 29 17 4 11 31 5 27 25 28 18 6 16 20 32 9 7 3 22 26 13 12 10 19 14 21 8
328 1 15 2 24 23 30 29 17 4 11 31 5 27 25 28 18 6 16 20 32 9 7 3 22 26 13 12 10 19 14 21 8
329 1 15 2 24 23 30 29 17 4 11 31 5 27 25 28 18 6 16 20 32 9 7 3 22 26 13 12 10 19 14 21 8
330 1 15 2 24 23 30 29 17 4 11 31 5 27 25 28 18 6 16 20 32 9 7 3 22 26 13 12 10 19 14 21 8
331 1 15 2 24 23 30 29 17 4 11 31 5 27 25 28 18 6 16 20 32 9 7 3 22 26 13 12 10 19 14 21 8
332 1 15 2 24 23 30 29 17 4 11 31 5 27 25 28 18 6 16 20 32 9 7 3 22 26 13 12 10 19 14 21 8
333 1 15 2 24 23 30 29 17 4 11 31 5 27 25 28 18 6 16 20 32 9 7 3 22 26 13 12 10 19 14 21 8
334 1 15 2 24 23 30 29 17 4 11 31 5 27 25 28 18 6 16 20 32 9 7 3 22 26 13 12 10 19 14 21 8
335 1 15 2 24 23 30 29 17 4 11 31 5 27 25 28 18 6 16 20 32 9 7 3 22 26 13 12 10 19 14 21 8
336 1 15 2 24 23 30 29 17 4 11 31 5 27 25 28 18 6 16 20 32 9 7 3 22 26 13 12 10 19 14 21 8
337 1 15 2 24 23 30 29 17 4 11 31 5 27 25 28 18 6 16 20 32 9 7 3 22 26 13 12 10 19 14 21 8
338 1 15 2 24 23 30 29 17 4 11 31 5 27 25 28 18 6 16 20 32 9 7 3 22 26 13 12 10 19 14 21 8
339 1 15 2 24 23 30 29 17 4 11 31 5 27 25 28 18 6 16 20 32 9 7 3 22 26 13 12 10 19 14 21 8
340 1 15 2 24 23 30 29 17 4 11 31 5 27 25 28 18 6 16 20 32 9 7 3 22 26 13 12 10 19 14 21 8
341 1 15 2 24 23 30 29 17 4 11 31 5 27 25 28 18 6 16 20 32 9 7 3 22 26 13 12 10 19 14 21 8
342 1 15 2 24 23 30 29 17 4 11 31 5 27 25 28 18 6 16 20 32 9 7 3 22 26 13 12 10 19 14 21 8
343 1 15 2 24 23 30 29 17 4 11 31 5 27 25 28 18 6 16 20 32 9 7 3 22 26 13 12 10 19 14 21 8
344 1 15 2 24 23 30 29 17 4 11 31 5 27 25 28 18 6 16 20 32 9 7 3 22 26 13 12 10 19 14 21 8
345 1 15 2 24 23 30 29 17 4 11 31 5 27 25 28 18 6 16 20 32 9 7 3 22 26 13 12 10 19 14 21 8
346 1 15 2 24 23 30 29 17 4 11 31 5 27 25 28 18 6 16 20 32 9 7 3 22 26 13 12 10 19 14 21 8
347 1 15 2 24 23 30 29 17 4 11 31 5 27 25 28 18 6 16 20 32 9 7 3 22 26 13 12 10 19 14 21 8
348 1 15 2 24 23 30 29 17 4 11 31 5 27 25 28 18 6 16 20 32 9 7 3 22 26 13 12 10 19 14 21 8
349 1 15 2 24 23 30 29 17 4 11 31 5 27 25 28 18 6 16 20 32 9 7 3 22 26 13 12 10 19 14 21 8
350 1 15 2 24 23 30 29 17 4 11 31 5 27 25 28 18 6 16 20 32 9 7 3 22 26 13 12 10 19 14 21 8
351 1 15 2 24 23 30 29 17 4 11 31 5 27 25 28 18 6 16 20 32 9 7 3 22 26 13 12 10 19 14 21 8
352 1 15 2 24 23 30 29 17 4 11 31 5 27 25 28 18 6 16 20 32 9 7 3 22 26 13 12 10 19 14 21 8
353 1 15 2 24 23 30 29 17 4 11 31 5 27 25 28 18 6 16 20 32 9 7 3 22 26 13 12 10 19 14 21 8
354 1 15 2 24 23 30 29 17 4 11 31 5 27 25 28 18 6 16 20 32 9 7 3 22 26 13 12 10 19 14 21 8
355 1 15 2 24 23 30 29 17 4 11 31 5 27 25 28 18 6 16 20 32 9 7 3 22 26 13 12 10 19 14 21 8
356 1 15 2 24 23 30 29 17 4 11 31 5 27 25 28 18 6 16 20 32 9 7 3 22 26 13 12 10 19 14 21 8
357 1 15 2 24 23 30 29 17 4 11 31 5 27 25 28 18 6 16 20 32 9 7 3 22 26 13 12 10 19 14 21 8
358 1 15 2 24 23 30 29 17 4 11 31 5 27 25 28 18 6 16 20 32 9 7 3 22 26 13 12 10 19 14 21 8
359 1 15 2 24 23 30 29 17 4 11 31 5 27 25 28 18 6 16 20 32 9 7 3 22 26 13 12 10 19 14 21 8
360 1 15 2 24 23 30 29 17 4 11 31 5 27 25 28 18 6 16 20 32 9 7 3 22 26 13 12 10 19 14 21 8
361 1 15 2 24 23 30 29 17 4 11 31 5 27 25 28 18 6 16 20 32 9 7 3 22 26 13 12 10 19 14 21 8
362 1 15 2 24 23 30 29 17 4 11 31 5 27 25 28 18 6 16 20 32 9 7 3 22 26 13 12 10 19 14 21 8
363 1 15 2 24 23 30 29 17 4 11 31 5 27 25 28 18 6 16 20 32 9 7 3 22 26 13 12 10 19 14 21 8
364 1 15 2 24 23 30 29 17 4 11 31 5 27 25 28 18 6 16 20 32 9 7 3 22 26 13 12 10 19 14 21 8
365 1 15 2 24 23 30 29 17 4 11 31 5 27 25 28 18 6 16 20 32 9 7 3 22 26 13 12 10 19 14 21 8
366 1 15 2 24 23 30 29 17 4 11 31 5 27 25 28 18 6 16 20 32 9 7 3 22 26 13 12 10 19 14 21 8
367 1 15 2 24 23 30 29 17 4 11 31 5 27 25 28 18 6 16 20 32 9 7 3 22 26 13 12 10 19 14 21 8
368 1 15 2 24 23 30 29 17 4 11 31 5 27 25 28 18 6 16 20 32 9 7 3 22 26 13 12 10 19 14 21 8
369 1 15 2 24 23 30 29 17 4 11 31 5 27 25 28 18 6 16 20 32 9 7 3 22 26 13 12 10 19 14 21 8
370 1 15 2 24 23 30 29 17 4 11 31 5 27 25 28 18 6 16 20 32 9 7 3 22 26 13 12 10 19 14 21 8
371 1 15 2 24 23 30 29 17 4 11 31 5 27 25 28 18 6 16 20 32 9 7 3 22 26 13 12 10 19 14 21 8
372 1 15 2 24 23 30 29 17 4 11 31 5 27 25 28 18 6 16 20 32 9 7 3 22 26 13 12 10 19 14 21 8
373 1 15 2 24 23 30 29 17 4 11 31 5 27 25 28 18 6 16 20 32 9 7 3 22 26 13 12 10 19 14 21 8
374 1 15 2 24 23 30 29 17 4 11 31 5 27 25 28 18 6 16 20 32 9 7 3 22 26 13 12 10 19 14 21 8
375 1 15 2 24 23 30 29 17 4 11 31 5 27 25 28 18 6 16 20 32 9 7 3 22 26 13 12 10 19 14 21 8
376 1 15 2 24 23 30 29 17 4 11 31 5 27 25 28 18 6 16 20 32 9 7 3 22 26 13 12 10 19 14 21 8
377 1 15 2 24 23 30 29 17 4 11 31 5 27 25 28 18 6 16 20 32 9 7 3 22 26 13 12 10 19 14 21 8
378 1 15 2 24 23 30 29 17 4 11 31 5 27 25 28 18 6 16 20 32 9 7 3 22 26 13 12 10 19 14 21 8
379 1 15 2 24 23 30 29 17 4 11 31 5 27 25 28 18 6 16 20 32 9 7 3 22 26 13 12 10 19 14 21 8
380 1 15 2 24 23 30 29 17 4 11 31 5 27 25 28 18 6 16 20 32 9 7 3 22 26 13 12 10 19 14 21 8
381 1 15 2 24 23 30 29 17 4 11 31 5 27 25 28 18 6 16 20 32 9 7 3 22 26 13 12 10 19 14 21 8
382 1 15 2 24 23 30 29 17 4 11 31 5 27 25 28 18 6 16 20 32 9 7 3 22 26 13 12 10 19 14 21 8
383 1 15 2 24 23 30 29 17 4 11 31 5 27 25 28 18 6 16 20 32 9 7 3 22 26 13 12 10 19 14 21 8
384 1 15 2 24 23 30 29 17 4 11 31 5 27 25 28 18 6 16 20 32 9 7 3 22 26 13 12 10 19 14 21 8
385 1 15 2 24 23 30 29 17 4 11 31 5 27 25 28 18 6 16 20 32 9 7 3 22 26 13 12 10 19 14 21 8
386 1 15 2 24 23 30 29 17 4 11 31 5 27 25 28 18 6 16 20 32 9 7 3 22 26 13 12 10 19 14 21 8
387 1 15 2 24 23 30 29 17 4 11 31 5 27 25 28 18 6 16 20 32 9 7 3 22 26 13 12 10 19 14 21 8
388 1 15 2 24 23 30 29 17 4 11 31 5 27 25 28 18 6 16 20 32 9 7 3 22 26 13 12 10 19 14 21 8
389 1 15 2 24 23 30 29 17 4 11 31 5 27 25 28 18 6 16 20 32 9 7 3 22 26 13 12 10 19 14 21 8
390 1 15 2 24 23 30 29 17 4 11 31 5 27 25 28 18 6 16 20 32 9 7 3 22 26 13 12 10 19 14 21 8
391 1 15 2 24 23 30 29 17 4 11 31 5 27 25 28 18 6 16 20 32 9 7 3 22 26 13 12 10 19 14 21 8
392 1 15 2 24 23 30 29 17 4 11 31 5 27 25 28 18 6 16 20 32 9 7 3 22 26 13 12 10 19 14 21 8
393 1 15 2 24 23 30 29 17 4 11 31 5 27 25 28 18 6 16 20 32 9 7 3 22 26 13 12 10 19 14 21 8
394 1 15 2 24 23 30 29 17 4 11 31 5 27 25 28 18 6 16 20 32 9 7 3 22 26 13 12 10 19 14 21 8
395 1 15 2 24 23 30 29 17 4 11 31 5 27 25 28 18 6 16 20 32 9 7 3 22 26 13 12 10 19 14 21 8
396 1 15 2 24 23 30 29 17 4 11 31 5 27 25 28 18 6 16 20 32 9 7 3 22 26 13 12 10 19 14 21 8
397 1 15 2 24 23 30 29 17 4 11 31 5 27 25 28 18 6 16 20 32 9 7 3 22 26 13 12 10 19 14 21 8
398 1 15 2 24 23 30 29 17 4 11 31 5 27 25 28 18 6 16 20 32 9 7 3 22 26 13 12 10 19 14 21 8
399 1 15 2 24 23 30 29 17 4 11 31 5 27 25 28 18 6 16 20 32 9 7 3 22 26 13 12 10 19 14 21 8
400 1 15 2 24 23 30 29 17 4 11 31 5 27 25 28 18 6 16 20 32 9 7 3 22 26 13 12 10 19 14 21 8
401 1 15 2 24 23 30 29 17 4 11 31 5 27 25 28 18 6 16 20 32 9 7 3 22 26 13 12 10 19 14 21 8
402 1 15 2 24 23 30 29 17 4 11 31 5 27 25 28 18 6 16 20 32 9 7 3 22 26 13 12 10 19 14 21 8
403 1 15 2 24 23 30 29 17 4 11 31 5 27 25 28 18 6 16 20 32 9 7 3 22 26 13 12 10 19 14 21 8
404 1 15 2 24 23 30 29 17 4 11 31 5 27 25 28 18 6 16 20 32 9 7 3 22 26 13 12 10 19 14 21 8
405 1 15 2 24 23 30 29 17 4 11 31 5 27 25 28 18 6 16 20 32 9 7 3 22 26 13 12 10 19 14 21 8
406 1 15 2 24 23 30 29 17 4 11 31 5 27 25 28 18 6 16 20 32 9 7 3 22 26 13 12 10 19 14 21 8
407 1 15 2 24 23 30 29 17 4 11 31 5 27 25 28 18 6 16 20 32 9 7 3 22 26 13 12 10 19 14 21 8
408 1 15 2 24 23 30 29 17 4 11 31 5 27 25 28 18 6 16 20 32 9 7 3 22 26 13 12 10 19 14 21 8
409 1 15 2 24 23 30 29 17 4 11 31 5 27 25 28 18 6 16 20 32 9 7 3 22 26 13 12 10 19 14 21 8
410 1 15 2 24 23 30 29 17 4 11 31 5 27 25 28 18 6 16 20 32 9 7 3 22 26 13 12 10 19 14 21 8
411 1 15 2 24 23 30 29 17 4 11 31 5 27 25 28 18 6 16 20 32 9 7 3 22 26 13 12 10 19 14 21 8
412 1 15 2 24 23 30 29 17 4 11 31 5 27 25 28 18 6 16 20 32 9 7 3 22 26 13 12 10 19 14 21 8
413 1 15 2 24 23 30 29 17 4 11 31 5 27 25 28 18 6 16 20 32 9 7 3 22 26 13 12 10 19 14 21 8
414 1 15 2 24 23 30 29 17 4 11 31 5 27 25 28 18 6 16 20 32 9 7 3 22 26 13 12 10 19 14 21 8
415 1 15 2 24 23 30 29 17 4 11 31 5 27 25 28 18 6 16 20 32 9 7 3 22 26 13 12 10 19 14 21 8
416 1 15 2 24 23 30 29 17 4 11 31 5 27 25 28 18 6 16 20 32 9 7 3 22 26 13 12 10 19 14 21 8
417 1 15 2 24 23 30 29 17 4 11 31 5 27 25 28 18 6 16 20 32 9 7 3 22 26 13 12 10 19 14 21 8
418 1 15 2 24 23 30 29 17 4 11 31 5 27 25 28 18 6 16 20 32 9 7 3 22 26 13 12 10 19 14 21 8
419 1 15 2 24 23 30 29 17 4 11 31 5 27 25 28 18 6 16 20 32 9 7 3 22 26 13 12 10 19 14 21 8
420 1 15 2 24 23 30 29 17 4 11 31 5 27 25 28 18 6 16 20 32 9 7 3 22 26 13 12 10 19 14 21 8
421 1 15 2 24 23 30 29 17 4 11 31 5 27 25 28 18 6 16 20 32 9 7 3 22 26 13 12 10 19 14 21 8
422 1 15 2 24 23 30 29 17 4 11 31 5 27 25 28 18 6 16 20 32 9 7 3 22 26 13 12 10 19 14 21 8
423 1 15 2 24 23 30 29 17 4 11 31 5 27 25 28 18 6 16 20 32 9 7 3 22 26 13 12 10 19 14 21 8
424 1 15 2 24 23 30 29 17 4 11 31 5 27 25 28 18 6 16 20 32 9 7 3 22 26 13 12 10 19 14 21 8
425 1 15 2 24 23 30 29 17 4 11 31 5 27 25 28 18 6 16 20 32 9 7 3 22 26 13 12 10 19 14 21 8
426 1 15 2 24 23 30 29 17 4 11 31 5 27 25 28 18 6 16 20 32 9 7 3 22 26 13 12 10 19 14 21 8
427 1 15 2 24 23 30 29 17 4 11 31 5 27 25 28 18 6 16 20 32 9 7 3 22 26 13 12 10 19 14 21 8
428 1 15 2 24 23 30 29 17 4 11 31 5 27 25 28 18 6 16 20 32 9 7 3 22 26 13 12 10 19 14 21 8
429 1 15 2 24 23 30 29 17 4 11 31 5 27 25 28 18 6 16 20 32 9 7 3 22 26 13 12 10 19 14 21 8
430 1 15 2 24 23 30 29 17 4 11 31 5 27 25 28 18 6 16 20 32 9 7 3 22 26 13 12 10 19 14 21 8
431 1 15 2 24 23 30 29 17 4 11 31 5 27 25 28 18 6 16 20 32 9 7 3 22 26 13 12 10 19 14 21 8
432 1 15 2 24 23 30 29 17 4 11 31 5 27 25 28 18 6 16 20 32 9 7 3 22 26 13 12 10 19 14 21 8
433 1 15 2 24 23 30 29 17 4 11 31 5 27 25 28 18 6 16 20 32 9 7 3 22 26 13 12 10 19 14 21 8
434 1 15 2 24 23 30 29 17 4 11 31 5 27 25 28 18 6 16 20 32 9 7 3 22 26 13 12 10 19 14 21 8
435 1 15 2 24 23 30 29 17 4 11 31 5 27 25 28 18 6 16 20 32 9 7 3 22 26 13 12 10 19 14 21 8
436 1 15 2 24 23 30 29 17 4 11 31 5 27 25 28 18 6 16 20 32 9 7 3 22 26 13 12 10 19 14 21 8
437 1 15 2 24 23 30 29 17 4 11 31 5 27 25 28 18 6 16 20 32 9 7 3 22 26 13 12 10 19 14 21 8
438 1 15 2 24 23 30 29 17 4 11 31 5 27 25 28 18 6 16 20 32 9 7 3 22 26 13 12 10 19 14 21 8
439 1 15 2 24 23 30 29 17 4 11 31 5 27 25 28 18 6 16 20 32 9 7 3 22 26 13 12 10 19 14 21 8
440 1 15 2 24 23 30 29 17 4 11 31 5 27 25 28 18 6 16 20 32 9 7 3 22 26 13 12 10 19 14 21 8
441 1 15 2 24 23 30 29 17 4 11 31 5 27 25 28 18 6 16 20 32 9 7 3 22 26 13 12 10 19 14 21 8
442 1 15 2 24 23 30 29 17 4 11 31 5 27 25 28 18 6 16 20 32 9 7 3 22 26 13 12 10 19 14 21 8
443 1 15 2 24 23 30 29 17 4 11 31 5 27 25 28 18 6 16 20 32 9 7 3 22 26 13 12 10 19 14 21 8
444 1 15 2 24 23 30 29 17 4 11 31 5 27 25 28 18 6 16 20 32 9 7 3 22 26 13 12 10 19 14 21 8
445 1 15 2 24 23 30 29 17 4 11 31 5 27 25 28 18 6 16 20 32 9 7 3 22 26 13 12 10 19 14 21 8
446 1 15 2 24 23 30 29 17 4 11 31 5 27 25 28 18 6 16 20 32 9 7 3 22 26 13 12 10 19 14 21 8
447 1 15 2 24 23 30 29 17 4 11 31 5 27 25 28 18 6 16 20 32 9 7 3 22 26 13 12 10 19 14 21 8
448 1 15 2 24 23 30 29 17 4 11 31 5 27 25 28 18 6 16 20 32 9 7 3 22 26 13 12 10 19 14 21 8
449 1 15 2 24 23 30 29 17 4 11 31 5 27 25 28 18 6 16 20 32 9 7 3 22 26 13 12 10 19 14 21 8
450 1 15 2 24 23 30 29 17 4 11 31 5 27 25 28 18 6 16 20 32 9 7 3 22 26 13 12 10 19 14 21 8
451 1 15 2 24 23 30 29 17 4 11 31 5 27 25 28 18 6 16 20 32 9 7 3 22 26 13 12 10 19 14 21 8
452 1 15 2 24 23 30 29 17 4 11 31 5 27 25 28 18 6 16 20 32 9 7 3 22 26 13 12 10 19 14 21 8
453 1 15 2 24 23 30 29 17 4 11 31 5 27 25 28 18 6 16 20 32 9 7 3 22 26 13 12 10 19 14 21 8
454 1 15 2 24 23 30 29 17 4 11 31 5 27 25 28 18 6 16 20 32 9 7 3 22 26 13 12 10 19 14 21 8
455 1 15 2 24 23 30 29 17 4 11 31 5 27 25 28 18 6 16 20 32 9 7 3 22 26 13 12 10 19 14 21 8
456 1 15 2 24 23 30 29 17 4 11 31 5 27 25 28 18 6 16 20 32 9 7 3 22 26 13 12 10 19 14 21 8
457 1 15 2 24 23 30 29 17 4 11 31 5 27 25 28 18 6 16 20 32 9 7 3 22 26 13 12 10 19 14 21 8
458 1 15 2 24 23 30 29 17 4 11 31 5 27 25 28 18 6 16 20 32 9 7 3 22 26 13 12 10 19 14 21 8
459 1 15 2 24 23 30 29 17 4 11 31 5 27 25 28 18 6 16 20 32 9 7 3 22 26 13 12 10 19 14 21 8
460 1 15 2 24 23 30 29 17 4 11 31 5 27 25 28 18 6 16 20 32 9 7 3 22 26 13 12 10 19 14 21 8
461 1 15 2 24 23 30 29 17 4 11 31 5 27 25 28 18 6 16 20 32 9 7 3 22 26 13 12 10 19 14 21 8
462 1 15 2 24 23 30 29 17 4 11 31 5 27 25 28 18 6 16 20 32 9 7 3 22 26 13 12 10 19 14 21 8
463 1 15 2 24 23 30 29 17 4 11 31 5 27 25 28 18 6 16 20 32 9 7 3 22 26 13 12 10 19 14 21 8
464 1 15 2 24 23 30 29 17 4 11 31 5 27 25 28 18 6 16 20 32 9 7 3 22 26 13 12 10 19 14 21 8
465 1 15 2 24 23 30 29 17 4 11 31 5 27 25 28 18 6 16 20 32 9 7 3 22 26 13 12 10 19 14 21 8
466 1 15 2 24 23 30 29 17 4 11 31 5 27 25 28 18 6 16 20 32 9 7 3 22 26 13 12 10 19 14 21 8
467 1 15 2 24 23 30 29 17 4 11 31 5 27 25 28 18 6 16 20 32 9 7 3 22 26 13 12 10 19 14 21 8
468 1 15 2 24 23 30 29 17 4 11 31 5 27 25 28 18 6 16 20 32 9 7 3 22 26 13 12 10 19 14 21 8
469 1 15 2 24 23 30 29 17 4 11 31 5 27 25 28 18 6 16 20 32 9 7 3 22 26 13 12 10 19 14 21 8
470 1 15 2 24 23 30 29 17 4 11 31 5 27 25 28 18 6 16 20 32 9 7 3 22 26 13 12 10 19 14 21 8
471 1 15 2 24 23 30 29 17 4 11 31 5 27 25 28 18 6 16 20 32 9 7 3 22 26 13 12 10 19 14 21 8
472 1 15 2 24 23 30 29 17 4 11 31 5 27 25 28 18 6 16 20 32 9 7 3 22 26 13 12 10 19 14 21 8
473 1 15 2 24 23 30 29 17 4 11 31 5 27 25 28 18 6 16 20 32 9 7 3 22 26 13 12 10 19 14 21 8
474 1 15 2 24 23 30 29 17 4 11 31 5 27 25 28 18 6 16 20 32 9 7 3 22 26 13 12 10 19 14 21 8
475 1 15 2 24 23 30 29 17 4 11 31 5 27 25 28 18 6 16 20 32 9 7 3 22 26 13 12 10 19 14 21 8
476 1 15 2 24 23 30 29 17 4 11 31 5 27 25 28 18 6 16 20 32 9 7 3 22 26 13 12 10 19 14 21 8
477 1 15 2 24 23 30 29 17 4 11 31 5 27 25 28 18 6 16 20 32 9 7 3 22 26 13 12 10 19 14 21 8
478 1 15 2 24 23 30 29 17 4 11 31 5 27 25 28 18 6 16 20 32 9 7 3 22 26 13 12 10 19 14 21 8
479 1 15 2 24 23 30 29 17 4 11 31 5 27 25 28 18 6 16 20 32 9 7 3 22 26 13 12 10 19 14 21 8
480 1 15 2 24 23 30 29 17 4 11 31 5 27 25 28 18 6 16 20 32 9 7 3 22 26 13 12 10 19 14 21 8
481 1 15 2 24 23 30 29 17 4 11 31 5 27 25 28 18 6 16 20 32 9 7 3 22 26 13 12 10 19 14 21 8
482 1 15 2 24 23 30 29 17 4 11 31 5 27 25 28 18 6 16 20 32 9 7 3 22 26 13 12 10 19 14 21 8
483 1 15 2 24 23 30 29 17 4 11 31 5 27 25 28 18 6 16 20 32 9 7 3 22 26 13 12 10 19 14 21 8
484 1 15 2 24 23 30 29 17 4 11 31 5 27 25 28 18 6 16 20 32 9 7 3 22 26 13 12 10 19 14 21 8
485 1 15 2 24 23 30 29 17 4 11 31 5 27 25 28 18 6 16 20 32 9 7 3 22 26 13 12 10 19 14 21 8
486 1 15 2 24 23 30 29 17 4 11 31 5 27 25 28 18 6 16 20 32 9 7 3 22 26 13 12 10 19 14 21 8
487 1 15 2 24 23 30 29 17 4 11 31 5 27 25 28 18 6 16 20 32 9 7 3 22 26 13 12 10 19 14 21 8
488 1 15 2 24 23 30 29 17 4 11 31 5 27 25 28 18 6 16 20 32 9 7 3 22 26 13 12 10 19 14 21 8
489 1 15 2 24 23 30 29 17 4 11 31 5 27 25 28 18 6 16 20 32 9 7 3 22 26 13 12 10 19 14 21 8
490 1 15 2 24 23 30 29 17 4 11 31 5 27 25 28 18 6 16 20 32 9 7 3 22 26 13 12 10 19 14 21 8
491 1 15 2 24 23 30 29 17 4 11 31 5 27 25 28 18 6 16 20 32 9 7 3 22 26 13 12 10 19 14 21 8
492 1 15 2 24 23 30 29 17 4 11 31 5 27 25 28 18 6 16 20 32 9 7 3 22 26 13 12 10 19 14 21 8
493 1 15 2 24 23 30 29 17 4 11 31 5 27 25 28 18 6 16 20 32 9 7 3 22 26 13 12 10 19 14 21 8
494 1 15 2 24 23 30 29 17 4 11 31 5 27 25 28 18 6 16 20 32 9 7 3 22 26 13 12 10 19 14 21 8
495 1 15 2 24 23 30 29 17 4 11 31 5 27 25 28 18 6 16 20 32 9 7 3 22 26 13 12 10 19 14 21 8
496 1 15 2 24 23 30 29 17 4 11 31 5 27 25 28 18 6 16 20 32 9 7 3 22 26 13 12 10 19 14 21 8
497 1 15 2 24 23 30 29 17 4 11 31 5 27 25 28 18 6 16 20 32 9 7 3 22 26 13 12 10 19 14 21 8
498 1 15 2 24 23 30 29 17 4 11 31 5 27 25 28 18 6 16 20 32 9 7 3 22 26 13 12 10 19 14 21 8
499 1 15 2 24 23 30 29 17 4 11 31 5 27 25 28 18 6 16 20 32 9 7 3 22 26 13 12 10 19 14 21 8
500 1 15 2 24 23 30 29 17 4 11 31 5 27 25 28 18 6 16 20 32 9 7 3 22 26 13 12 10 19 14 21 8
501 1 15 2 24 23 30 29 17 4 11 31 5 27 25 28 18 6 16 20 32 9 7 3 22 26 13 12 10 19 14 21 8
502 1 15 2 24 23 30 29 17 4 11 31 5 27 25 28 18 6 16 20 32 9 7 3 22 26 13 12 10 19 14 21 8
503 1 15 2 24 23 30 29 17 4 11 31 5 27 25 28 18 6 16 20 32 9 7 3 22 26 13 12 10 19 14 21 8
504 1 15 2 24 23 30 29 17 4 11 31 5 27 25 28 18 6 16 20 32 9 7 3 22 26 13 12 10 19 14 21 8
505 1 15 2 24 23 30 29 17 4 11 31 5 27 25 28 18 6 16 20 32 9 7 3 22 26 13 12 10 19 14 21 8
506 1 15 2 24 23 30 29 17 4 11 31 5 27 25 28 18 6 16 20 32 9 7 3 22 26 13 12 10 19 14 21 8
507 1 15 2 24 23 30 29 17 4 11 31 5 27 25 28 18 6 16 20 32 9 7 3 22 26 13 12 10 19 14 21 8
508 1 15 2 24 23 30 29 17 4 11 31 5 27 25 28 18 6 16 20 32 9 7 3 22 26 13 12 10 19 14 21 8
509 1 15 2 24 23 30 29 17 4 11 31 5 27 25 28 18 6 16 20 32 9 7 3 22 26 13 12 10 19 14 21 8
510 1 15 2 24 23 30 29 17 4 11 31 5 27 25 28 18 6 16 20 32 9 7 3 22 26 13 12 10 19 14 21 8
511 1 15 2 24 23 30 29 17 4 11 31 5 27 25 28 18 6 16 20 32 9 7 3 22 26 13 12 10 19 14 21 8
512 1 15 2 24 23 30 29 17 4 11 31 5 27 25 28 18 6 16 20 32 9 7 3 22 26 13 12 10 19 14 21 8
513 1 15 2 24 23 30 29 17 4 11 31 5 27 25 28 18 6 16 20 32 9 7 3 22 26 13 12 10 19 14 21 8
514 1 15 2 24 23 30 29 17 4 11 31 5 27 25 28 18 6 16 20 32 9 7 3 22 26 13 12 10 19 14 21 8
515 1 15 2 24 23 30 29 17 4 11 31 5 27 25 28 18 6 16 20 32 9 7 3 22 26 13 12 10 19 14 21 8
516 1 15 2 24 23 30 29 17 4 11 31 5 27 25 28 18 6 16 20 32 9 7 3 22 26 13 12 10 19 14 21 8
517 1 15 2 24 23 30 29 17 4 11 31 5 27 25 28 18 6 16 20 32 9 7 3 22 26 13 12 10 19 14 21 8
518 1 15 2 24 23 30 29 17 4 11 31 5 27 25 28 18 6 16 20 32 9 7 3 22 26 13 12 10 19 14 21 8
519 1 15 2 24 23 30 29 17 4 11 31 5 27 25 28 18 6 16 20 32 9 7 3 22 26 13 12 10 19 14 21 8
520 1 15 2 24 23 30 29 17 4 11 31 5 27 25 28 18 6 16 20 32 9 7 3 22 26 13 12 10 19 14 21 8
521 1 15 2 24 23 30 29 17 4 11 31 5 27 25 28 18 6 16 20 32 9 7 3 22 26 13 12 10 19 14 21 8
522 1 15 2 24 23 30 29 17 4 11 31 5 27 25 28 18 6 16 20 32 9 7 3 22 26 13 12 10 19 14 21 8
523 1 15 2 24 23 30 29 17 4 11 31 5 27 25 28 18 6 16 20 32 9 7 3 22 26 13 12 10 19 14 21 8
524 1 15 2 24 23 30 29 17 4 11 31 5 27 25 28 18 6 16 20 32 9 7 3 22 26 13 12 10 19 14 21 8
525 1 15 2 24 23 30 29 17 4 11 31 5 27 25 28 18 6 16 20 32 9 7 3 22 26 13 12 10 19 14 21 8
526 1 15 2 24 23 30 29 17 4 11 31 5 27 25 28 18 6 16 20 32 9 7 3 22 26 13 12 10 19 14 21 8
527 1 15 2 24 23 30 29 17 4 11 31 5 27 25 28 18 6 16 20 32 9 7 3 22 26 13 12 10 19 14 21 8
528 1 15 2 24 23 30 29 17 4 11 31 5 27 25 28 18 6 16 20 32 9 7 3 22 26 13 12 10 19 14 21 8
529 1 15 2 24 23 30 29 17 4 11 31 5 27 25 28 18 6 16 20 32 9 7 3 22 26 13 12 10 19 14 21 8
530 1 15 2 24 23 30 29 17 4 11 31 5 27 25 28 18 6 16 20 32 9 7 3 22 26 13 12 10 19 14 21 8
531 1 15 2 24 23 30 29 17 4 11 31 5 27 25 28 18 6 16 20 32 9 7 3 22 26 13 12 10 19 14 21 8
532 1 15 2 24 23 30 29 17 4 11 31 5 27 25 28 18 6 16 20 32 9 7 3 22 26 13 12 10 19 14 21 8
533 1 15 2 24 23 30 29 17 4 11 31 5 27 25 28 18 6 16 20 32 9 7 3 22 26 13 12 10 19 14 21 8
534 1 15 2 24 23 30 29 17 4 11 31 5 27 25 28 18 6 16 20 32 9 7 3 22 26 13 12 10 19 14 21 8
535 1 15 2 24 23 30 29 17 4 11 31 5 27 25 28 18 6 16 20 32 9 7 3 22 26 13 12 10 19 14 21 8
536 1 15 2 24 23 30 29 17 4 11 31 5 27 25 28 18 6 16 20 32 9 7 3 22 26 13 12 10 19 14 21 8
537 1 15 2 24 23 30 29 17 4 11 31 5 27 25 28 18 6 16 20 32 9 7 3 22 26 13 12 10 19 14 21 8
538 1 15 2 24 23 30 29 17 4 11 31 5 27 25 28 18 6 16 20 32 9 7 3 22 26 13 12 10 19 14 21 8
539 1 15 2 24 23 30 29 17 4 11 31 5 27 25 28 18 6 16 20 32 9 7 3 22 26 13 12 10 19 14 21 8
540 1 15 2 24 23 30 29 17 4 11 31 5 27 25 28 18 6 16 20 32 9 7 3 22 26 13 12 10 19 14 21 8
541 1 15 2 24 23 30 29 17 4 11 31 5 27 25 28 18 6 16 20 32 9 7 3 22 26 13 12 10 19 14 21 8
542 1 15 2 24 23 30 29 17 4 11 31 5 27 25 28 18 6 16 20 32 9 7 3 22 26 13 12 10 19 14 21 8
543 1 15 2 24 23 30 29 17 4 11 31 5 27 25 28 18 6 16 20 32 9 7 3 22 26 13 12 10 19 14 21 8
544 1 15 2 24 23 30 29 17 4 11 31 5 27 25 28 18 6 16 20 32 9 7 3 22 26 13 12 10 19 14 21 8
545 1 15 2 24 23 30 29 17 4 11 31 5 27 25 28 18 6 16 20 32 9 7 3 22 26 13 12 10 19 14 21 8
546 1 15 2 24 23 30 29 17 4 11 31 5 27 25 28 18 6 16 20 32 9 7 3 22 26 13 12 10 19 14 21 8
547 1 15 2 24 23 30 29 17 4 11 31 5 27 25 28 18 6 16 20 32 9 7 3 22 26 13 12 10 19 14 21 8
548 1 15 2 24 23 30 29 17 4 11 31 5 27 25 28 18 6 16 20 32 9 7 3 22 26 13 12 10 19 14 21 8
549 1 15 2 24 23 30 29 17 4 11 31 5 27 25 28 18 6 16 20 32 9 7 3 22 26 13 12 10 19 14 21 8
550 1 15 2 24 23 30 29 17 4 11 31 5 27 25 28 18 6 16 20 32 9 7 3 22 26 13 12 10 19 14 21 8
551 1 15 2 24 23 30 29 17 4 11 31 5 27 25 28 18 6 16 20 32 9 7 3 22 26 13 12 10 19 14 21 8
552 1 15 2 24 23 30 29 17 4 11 31 5 27 25 28 18 6 16 20 32 9 7 3 22 26 13 12 10 19 14 21 8
553 1 15 2 24 23 30 29 17 4 11 31 5 27 25 28 18 6 16 20 32 9 7 3 22 26 13 12 10 19 14 21 8
554 1 15 2 24 23 30 29 17 4 11 31 5 27 25 28 18 6 16 20 32 9 7 3 22 26 13 12 10 19 14 21 8
555 1 15 2 24 23 30 29 17 4 11 31 5 27 25 28 18 6 16 20 32 9 7 3 22 26 13 12 10 19 14 21 8
556 1 15 2 24 23 30 29 17 4 11 31 5 27 25 28 18 6 16 20 32 9 7 3 22 26 13 12 10 19 14 21 8
557 1 15 2 24 23 30 29 17 4 11 31 5 27 25 28 18 6 16 20 32 9 7 3 22 26 13 12 10 19 14 21 8
558 1 15 2 24 23 30 29 17 4 11 31 5 27 25 28 18 6 16 20 32 9 7 3 22 26 13 12 10 19 14 21 8
559 1 15 2 24 23 30 29 17 4 11 31 5 27 25 28 18 6 16 20 32 9 7 3 22 26 13 12 10 19 14 21 8
560 1 15 2 24 23 30 29 17 4 11 31 5 27 25 28 18 6 16 20 32 9 7 3 22 26 13 12 10 19 14 21 8
561 1 15 2 24 23 30 29 17 4 11 31 5 27 25 28 18 6 16 20 32 9 7 3 22 26 13 12 10 19 14 21 8
562 1 15 2 24 23 30 29 17 4 11 31 5 27 25 28 18 6 16 20 32 9 7 3 22 26 13 12 10 19 14 21 8
563 1 15 2 24 23 30 29 17 4 11 31 5 27 25 28 18 6 16 20 32 9 7 3 22 26 13 12 10 19 14 21 8
564 1 15 2 24 23 30 29 17 4 11 31 5 27 25 28 18 6 16 20 32 9 7 3 22 26 13 12 10 19 14 21 8
565 1 15 2 24 23 30 29 17 4 11 31 5 27 25 28 18 6 16 20 32 9 7 3 22 26 13 12 10 19 14 21 8
566 1 15 2 24 23 30 29 17 4 11 31 5 27 25 28 18 6 16 20 32 9 7 3 22 26 13 12 10 19 14 21 8
567 1 15 2 24 23 30 29 17 4 11 31 5 27 25 28 18 6 16 20 32 9 7 3 22 26 13 12 10 19 14 21 8
568 1 15 2 24 23 30 29 17 4 11 31 5 27 25 28 18 6 16 20 32 9 7 3 22 26 13 12 10 19 14 21 8
569 1 15 2 24 23 30 29 17 4 11 31 5 27 25 28 18 6 16 20 32 9 7 3 22 26 13 12 10 19 14 21 8
570 1 15 2 24 23 30 29 17 4 11 31 5 27 25 28 18 6 16 20 32 9 7 3 22 26 13 12 10 19 14 21 8
571 1 15 2 24 23 30 29 17 4 11 31 5 27 25 28 18 6 16 20 32 9 7 3 22 26 13 12 10 19 14 21 8
572 1 15 2 24 23 30 29 17 4 11 31 5 27 25 28 18 6 16 20 32 9 7 3 22 26 13 12 10 19 14 21 8
573 1 15 2 24 23 30 29 17 4 11 31 5 27 25 28 18 6 16 20 32 9 7 3 22 26 13 12 10 19 14 21 8
574 1 15 2 24 23 30 29 17 4 11 31 5 27 25 28 18 6 16 20 32 9 7 3 22 26 13 12 10 19 14 21 8
575 1 15 2 24 23 30 29 17 4 11 31 5 27 25 28 18 6 16 20 32 9 7 3 22 26 13 12 10 19 14 21 8
576 1 15 2 24 23 30 29 17 4 11 31 5 27 25 28 18 6 16 20 32 9 7 3 22 26 13 12 10 19 14 21 8
577 1 15 2 24 23 30 29 17 4 11 31 5 27 25 28 18 6 16 20 32 9 7 3 22 26 13 12 10 19 14 21 8
578 1 15 2 24 23 30 29 17 4 11 31 5 27 25 28 18 6 16 20 32 9 7 3 22 26 13 12 10 19 14 21 8
579 1 15 2 24 23 30 29 17 4 11 31 5 27 25 28 18 6 16 20 32 9 7 3 22 26 13 12 10 19 14 21 8
580 1 15 2 24 23 30 29 17 4 11 31 5 27 25 28 18 6 16 20 32 9 7 3 22 26 13 12 10 19 14 21 8
581 1 15 2 24 23 30 29 17 4 11 31 5 27 25 28 18 6 16 20 32 9 7 3 22 26 13 12 10 19 14 21 8
582 1 15 2 24 23 30 29 17 4 11 31 5 27 25 28 18 6 16 20 32 9 7 3 22 26 13 12 10 19 14 21 8
583 1 15 2 24 23 30 29 17 4 11 31 5 27 25 28 18 6 16 20 32 9 7 3 22 26 13 12 10 19 14 21 8
584 1 15 2 24 23 30 29 17 4 11 31 5 27 25 28 18 6 16 20 32 9 7 3 22 26 13 12 10 19 14 21 8
585 1 15 2 24 23 30 29 17 4 11 31 5 27 25 28 18 6 16 20 32 9 7 3 22 26 13 12 10 19 14 21 8
586 1 15 2 24 23 30 29 17 4 11 31 5 27 25 28 18 6 16 20 32 9 7 3 22 26 13 12 10 19 14 21 8
587 1 15 2 24 23 30 29 17 4 11 31 5 27 25 28 18 6 16 20 32 9 7 3 22 26 13 12 10 19 14 21 8
588 1 15 2 24 23 30 29 17 4 11 31 5 27 25 28 18 6 16 20 32 9 7 3 22 26 13 12 10 19 14 21 8
589 1 15 2 24 23 30 29 17 4 11 31 5 27 25 28 18 6 16 20 32 9 7 3 22 26 13 12 10 19 14 21 8
590 1 15 2 24 23 30 29 17 4 11 31 5 27 25 28 18 6 16 20 32 9 7 3 22 26 13 12 10 19 14 21 8
591 1 15 2 24 23 30 29 17 4 11 31 5 27 25 28 18 6 16 20 32 9 7 3 22 26 13 12 10 19 14 21 8
592 1 15 2 24 23 30 29 17 4 11 31 5 27 25 28 18 6 16 20 32 9 7 3 22 26 13 12 10 19 14 21 8
593 1 15 2 24 23 30 29 17 4 11 31 5 27 25 28 18 6 16 20 32 9 7 3 22 26 13 12 10 19 14 21 8
594 1 15 2 24 23 30 29 17 4 11 31 5 27 25 28 18 6 16 20 32 9 7 3 22 26 13 12 10 19 14 21 8
595 1 15 2 24 23 30 29 17 4 11 31 5 27 25 28 18 6 16 20 32 9 7 3 22 26 13 12 10 19 14 21 8
596 1 15 2 24 23 30 29 17 4 11 31 5 27 25 28 18 6 16 20 32 9 7 3 22 26 13 12 10 19 14 21 8
597 1 15 2 24 23 30 29 17 4 11 31 5 27 25 28 18 6 16 20 32 9 7 3 22 26 13 12 10 19 14 21 8
598 1 15 2 24 23 30 29 17 4 11 31 5 27 25 28 18 6 16 20 32 9 7 3 22 26 13 12 10 19 14 21 8
599 1 15 2 24 23 30 29 17 4 11 31 5 27 25 28 18 6 16 20 32 9 7 3 22 26 13 12 10 19 14 21 8
600 1 15 2 24 23 30 29 17 4 11 31 5 27 25 28 18 6 16 20 32 9 7 3 22 26 13 12 10 19 14 21 8
