-2.03769
-0.797587
-0.921167
0.185989
0.185989
-0.507931
0.982728
-0.808319
-0.808319
-0.808319
-0.808319
-0.808319
-0.844897
-0.957552
-0.957552
-1.10985
-0.479079
-0.479079
-0.479079
-0.469047
0.535384
1.35594
2.31919
0.272374
0.689627
0.689627
0.689627
0.689627
0.689627
2.38137
0.403909
1.55639
1.55639
0.32925
0.535262
0.435521
-1.105
-1.105
-2.40625
-0.234037
-0.234037
-0.234037
-1.84746
-0.902827
-1.4433
1.18358
0.842769
0.842769
0.842769
0.842769
-0.345531
-0.345531
1.71686
3.23925
3.23925
3.23925
1.94559
2.20371
2.20371
2.20371
1.34855
-1.13861
-1.13861
0.6893
-1.70523
-1.70523
-0.122715
-0.122715
-0.122715
2.12449
-0.154741
-0.154741
-0.154741
-1.84261
-1.84261
-1.84261
-1.84261
-0.0931961
-0.0931961
-0.383659
0.147742
0.147742
0.125113
-0.636287
0.949624
0.949624
0.949624
0.949624
0.949624
-0.150011
0.521158
0.521158
0.0245378
0.0245378
0.0245378
0.0245378
0.0245378
0.0245378
0.662512
0.871508
1.08834
1.96795
0.255056
-0.14467
-1.71747
-1.71747
-1.6492
-1.53954
-1.53954
0.640756
-0.479442
-1.95551
-1.95551
-1.95551
-1.95551
-2.79007
-2.79007
-2.49177
-1.134
-1.134
-1.32674
0.40196
0.40196
0.40196
0.40196
0.40196
-0.587472
0.693508
-0.17269
1.24298
1.58426
1.58426
-0.421563
-0.475349
-0.82764
-0.788826
-1.39212
-1.39212
-1.39212
-2.11969
-2.61793
-0.257572
-0.257572
-0.257572
0.286326
0.652542
0.652542
0.652542
0.652542
0.839596
-0.218529
-0.218529
2.46847
2.46847
1.94986
0.165553
0.165553
0.165553
0.165553
1.10613
1.10613
1.83579
1.33975
1.33975
-0.607215
-0.607215
-0.607215
1.06931
-0.194625
-0.194625
-0.194625
-0.194625
-0.194625
-0.194625
0.262419
0.262419
-0.112645
-0.112645
-0.112645
-0.112645
-0.112645
-0.112645
-0.0569896
-0.957809
-0.957809
0.0712234
0.0712234
0.299183
0.975596
0.975596
0.975596
-0.684948
-0.684948
-0.968946
0.217166
0.271744
0.271744
-1.15615
-1.15615
-1.15615
-1.15615
1.04162
-0.623806
-0.623806
1.20575
-1.41942
-0.413185
0.520542
0.2457
0.2457
0.2457
0.2457
0.2457
-0.999964
0.934643
-1.0197
-0.707331
-0.707331
-0.707331
-0.707331
-1.95468
-1.058
-0.312718
-0.312718
-0.347363
-0.347363
1.85486
0.680447
1.41247
1.47815
1.47815
1.55279
0.439347
0.439347
-1.46197
0.689431
0.661942
1.67963
1.58413
1.58413
1.58413
-0.760597
0.709331
0.86297
0.406082
0.406082
0.406082
-0.598269
0.461009
-0.961616
-0.961616
0.590271
-0.796265
0.298737
-0.174481
-0.174481
-0.174481
-0.174481
1.35255
1.35255
1.35255
1.92005
1.92005
-0.368904
0.0620237
-1.09117
-1.09117
-1.09117
0.609729
-0.20819
-0.20819
-1.72475
-1.72475
-1.72475
0.82396
1.20466
-1.14734
0.69809
0.69809
-0.736877
-0.736877
-0.736877
-0.0299718
0.584912
0.776195
0.776195
0.776195
0.776195
0.776195
3.17576
3.17576
2.77648
2.77353
2.77353
2.77353
2.19011
2.25095
2.25095
1.19823
0.540076
0.540076
-0.957887
-0.957887
-0.00892964
-0.00892964
-0.391348
-0.391348
-0.391348
-0.391348
0.206122
0.206122
-0.842475
0.0734567
0.0734567
0.0734567
0.471735
1.60042
1.2295
1.3037
1.3037
-1.08719
0.629566
1.56767
1.56767
2.41085
2.41085
2.79354
2.79354
1.97431
1.97431
1.97431
-0.275138
-0.275138
0.518314
0.518314
0.518314
0.518314
1.04067
1.04067
-0.75868
1.8104
1.8104
1.8104
-0.496534
-0.496534
0.492609
0.492609
0.492609
0.108097
-0.138357
0.475145
2.1619
1.6071
1.6071
0.634957
-1.17428
0.783922
0.223762
1.62618
-1.01377
-2.16914
-2.16914
-2.12394
-0.417403
-0.417403
-0.417403
0.624398
0.624398
0.755511
0.755511
1.19402
0.235378
0.235378
0.235378
-0.0937573
-0.0937573
-0.0937573
1.17111
1.17111
1.17111
1.09697
1.09697
-0.732334
-0.732334
-1.25562
-1.25562
-1.11062
0.506779
0.321034
0.0517114
0.0517114
0.0517114
-2.41789
-2.41789
-2.59723
-2.59723
-1.38058
-1.38058
-0.304544
-0.304544
0.631844
0.631844
-0.657621
-0.684026
0.755512
1.45611
1.45611
1.45611
1.45611
0.631405
-0.397881
0.569877
-0.374688
-0.374688
-0.664317
-0.327331
-0.471665
-0.471665
1.98178
1.98178
1.06164
1.06164
1.06164
1.06164
1.06164
-0.258688
1.30562
0.517299
0.517299
0.517299
0.517299
0.517299
1.25798
1.93156
1.93156
0.18129
0.18129
0.18129
0.18129
-1.33648
0.639765
0.639765
0.639765
-0.230389
-0.230389
-0.230389
-0.230389
-0.230389
-2.02609
0.228751
0.24125
0.24125
0.24125
-1.41924
-1.41924
-1.41924
-1.27184
-1.27184
-1.27184
-1.27184
-0.304529
-0.304529
-0.217336
-0.217336
-0.217336
-0.217336
0.241982
0.241982
0.535796
-0.784923
1.10996
1.51678
1.02954
-0.722035
0.976396
0.976396
0.976396
0.976396
0.976396
0.430633
0.430633
0.229369
0.229369
1.26279
1.26279
0.347004
0.347004
0.347004
0.347004
-0.22681
-0.22681
-0.962094
-1.56883
-1.56883
-1.56883
-0.285396
-0.285396
-0.285396
-0.285396
0.0795608
0.0795608
-0.00527921
0.681625
-1.865
-1.41455
-0.9573
-0.9573
-0.9573
0.559596
1.36817
-0.113189
0.451857
0.451857
-1.18434
-0.652413
-0.652413
1.01647
1.01647
0.153051
0.153051
0.153051
0.153051
2.26315
0.833251
0.833251
-1.23213
0.864726
0.771511
0.771511
3.40344
3.40344
0.97346
0.172249
-1.64176
-1.64176
-1.64176
-1.64176
0.181729
0.663991
0.663991
1.27164
0.666304
0.666304
-0.139427
-0.253406
-0.253406
-2.11268
0.383018
0.383018
-0.28556
0.907305
-0.74193
1.55887
-0.389464
-0.389464
1.01234
0.429544
0.429544
0.429544
0.763035
0.763035
-0.713532
-0.713532
1.53036
1.53036
1.53036
1.53036
0.181328
0.995551
0.995551
0.995551
-0.0579001
0.558599
0.334503
0.614424
0.614424
0.614424
-1.481
-1.481
-1.481
-1.36061
-0.200089
0.780105
0.780105
0.780105
0.780105
-0.445661
-0.445661
-0.445661
-0.465374
-0.465374
-0.465374
1.61419
1.61419
1.61419
1.29327
1.29327
1.29327
1.29327
1.29327
-0.219654
-0.219654
-0.219654
-0.219654
-0.219654
-0.219654
0.482398
0.482398
1.52093
1.01587
0.876016
0.443232
0.747479
0.747479
0.747479
0.747479
-1.83946
0.0215199
0.0215199
-1.00311
-1.00311
-1.00311
-1.00311
1.09699
1.27566
1.27566
1.27566
0.771221
0.771221
1.20562
1.20562
1.20562
1.20562
-1.05777
-1.05777
0.868879
0.868879
0.868879
0.868879
-0.435534
0.820935
0.820935
-0.729186
-0.729186
-0.729186
-0.729186
-0.980622
-1.85651
0.531331
0.0268577
0.0268577
0.0268577
0.368918
0.24962
-1.55803
-0.451347
-0.451347
1.10165
1.10165
1.18894
0.504547
0.504547
-0.244031
-0.169939
-0.169939
-0.488274
1.71311
0.593192
0.593192
0.176869
0.176869
0.229229
0.229229
0.152349
0.152349
0.499646
-0.139474
0.68299
1.26457
-0.686437
-0.686437
1.53294
-0.119813
-0.119813
-1.76493
-1.76493
-1.76493
0.653017
0.653017
0.653017
0.915921
-0.115418
-0.115418
0.448484
0.521024
-1.13976
-1.13976
-1.13976
-2.2457
-0.263663
0.884325
0.884325
0.884325
-1.46651
-1.46651
-1.93526
-1.93526
-0.452503
-0.452503
-0.452503
-0.452503
-0.695273
-0.695273
-0.695273
-1.24567
-0.233738
-0.233738
-0.233738
-0.233738
0.651515
0.894779
-0.197094
1.59112
1.59112
1.10205
2.61538
1.22854
1.22854
-0.492267
0.907423
0.777896
0.383696
0.383696
0.383696
-1.6715
-1.64042
-1.64042
-1.73241
0.846294
0.846294
0.846294
0.846294
-0.580664
-1.93909
-0.696031
-0.696031
-0.263476
-0.263476
-0.0231373
-1.22119
-1.22119
-0.0528051
-0.0528051
-0.0528051
-0.0528051
-0.0528051
-0.0528051
-0.0528051
-0.0528051
-2.16571
-2.16571
-1.96469
-1.81162
-1.81162
-1.6907
-1.57079
0.850741
0.356794
0.311974
1.97447
1.97447
1.97447
2.27591
0.0324908
0.671336
-0.259362
-2.09057
-0.499346
-0.499346
-0.499346
-0.499346
-0.499346
-0.499346
-0.429878
-0.481146
-0.481146
-0.481146
-0.481146
0.617817
1.04164
-0.391451
-0.391451
1.58149
0.44593
0.44593
-1.06734
0.939063
-1.11027
-1.11027
0.618631
1.60442
0.2402
0.610288
0.904736
0.986187
0.986187
1.2721
-0.336749
-0.336749
-0.336749
1.02783
1.02783
-0.682916
-0.781651
-0.781651
-2.21465
0.331119
0.78008
0.78008
0.78008
0.78008
0.78008
-0.780922
-1.03009
-0.745181
0.579212
0.579212
-0.241056
-0.241056
-0.191132
-0.191132
-1.60583
-0.116317
-0.225113
-0.225113
-0.225113
-0.225113
-0.225113
-0.225113
-0.225113
-0.242551
-0.242551
1.19398
1.73774
1.73774
1.73774
1.73774
2.08757
1.207
1.04883
1.04883
0.661262
0.661262
1.72837
1.72837
1.75972
1.75972
1.75972
-0.0825452
-0.973346
-0.973346
-1.76634
-0.535034
-0.535034
-0.535034
-0.130496
-2.14805
0.438611
0.438611
0.276138
0.276138
0.267716
-0.921204
-0.536557
-2.33995
-0.389354
-0.163715
1.44431
0.349571
0.349571
0.701557
0.148524
0.148524
0.148524
-2.53725
-2.53725
-0.942493
-0.942493
-0.942493
-0.942493
-1.65976
-1.79318
-1.79318
-1.27726
1.04135
1.04135
0.621751
0.621751
0.621751
0.621751
0.621751
-0.113311
-1.41428
-3.44435
-3.44435
-1.68855
-1.68855
-0.572819
-0.572819
-0.572819
1.53742
-0.28032
-0.28032
-0.28032
-0.28032
-0.28032
-0.103326
-0.103326
-0.639842
-0.4161
1.54881
-0.948755
0.904856
1.04627
-0.0503282
-0.897216
-0.897216
0.741602
1.65273
1.76455
1.76455
1.76455
1.76455
1.76455
2.30273
0.462689
-0.303162
-0.303162
-0.303162
-0.217365
-0.891125
-1.28358
-1.28358
0.683538
0.891317
-0.209383
-0.815507
0.522377
0.522377
0.522377
0.522377
0.522377
-2.01253
-0.930266
-0.930266
1.76255
0.244592
0.244592
-0.0349088
-0.192428
-0.192428
0.439341
0.439341
0.330135
-1.27731
0.915237
1.20429
1.20429
0.504087
-1.2013
-1.47737
-1.47737
-1.54844
-0.146706
0.565231
0.565231
0.565231
0.643457
-0.00554719
-0.00554719
0.204518
-0.815269
-0.908205
1.09881
-1.43941
0.67917
0.67917
0.67917
0.67917
0.175887
0.175887
0.886088
-0.856334
0.285776
0.285776
0.285776
0.285776
0.285776
2.25593
-0.2199
0.348659
0.0311661
-0.913556
-1.50071
-1.09264
-1.09264
0.723108
-1.0186
0.387097
-0.0995514
-0.0995514
-0.337391
-0.337391
-0.337391
0.386133
0.386133
-1.29318
-0.235633
1.47744
0.215917
0.215917
1.38373
1.38373
-1.13986
-0.190213
-0.190213
0.601653
-0.183291
-0.399398
-0.399398
-0.399398
1.42601
1.42601
-0.268237
-0.268237
-0.268237
0.920555
0.920555
0.920555
0.400025
0.650571
-1.56872
-1.18184
-1.18184
-1.88488
-2.48814
-2.48814
-1.65733
0.891257
0.891257
0.891257
0.733418
0.733418
0.733418
-0.799357
0.394923
1.45505
1.45505
1.45505
1.51751
1.72469
1.72469
1.80832
-0.0813042
0.73266
-1.05572
-1.05572
-1.05572
-1.05572
-1.05572
-3.71982
-3.71982
-3.71982
-4.627
-4.627
-4.627
-4.627
-4.66301
-4.66301
-3.89211
-2.17419
-2.19618
-1.94893
0.7353
0.7353
-0.260704
-0.260704
-0.260704
0.973341
0.973341
-0.338145
-0.338145
-0.338145
1.50159
1.79627
1.79627
1.38787
1.38787
1.68893
1.68893
0.0299802
0.0299802
-0.557463
0.513437
-0.26063
-0.7217
-0.7217
-0.7217
0.112382
0.526787
-0.0851872
0.873445
0.764779
-0.437765
-0.437765
-0.437765
-0.437765
2.08945
0.986653
-1.61807
-1.61807
-1.61807
0.630528
-0.115807
0.652372
0.181893
-0.68807
-0.68807
-0.68807
0.199002
0.199002
-1.57809
-1.57809
-1.57809
-1.57809
-1.57809
-1.57809
-1.95286
-0.70181
-0.70181
-0.70181
-0.94315
-0.94315
1.07687
1.07687
-0.897211
1.5582
2.05703
2.05703
2.05703
1.70065
1.83495
1.83495
1.17189
1.17189
1.17189
-1.49296
-0.109622
1.45038
1.1578
-1.0944
0.729196
-0.157029
-0.157029
0.891647
0.891647
-0.794041
-0.951294
-0.951294
-0.951294
1.01983
-0.552192
-0.552192
-0.552192
-0.552192
0.403205
-0.396641
-0.650041
-1.43616
-0.139425
-0.414665
-0.414665
-3.00207
-2.59734
-2.33248
-2.33248
-2.33248
-2.24371
-0.894176
1.69443
1.69443
1.69443
1.69443
1.69443
1.69443
1.46868
1.02115
3.22742
0.660846
0.660846
-0.41929
-0.41929
-2.68325
-0.522461
0.586812
0.586812
0.586812
0.385205
0.385205
1.851
1.851
1.57769
0.681443
0.705641
-0.73754
-1.32432
-2.09668
-1.79749
-1.79749
-0.537231
1.13724
1.13724
1.13724
0.808079
-0.145896
-0.145896
-0.145896
0.945316
0.945316
-1.03244
0.289395
0.289395
0.289395
0.289395
2.34366
2.34366
-0.28702
0.572934
1.17339
1.9483
0.365158
0.365158
-0.529459
0.0612575
0.0612575
1.32602
1.32817
1.32817
0.579891
0.579891
1.20593
0.220706
0.505029
0.505029
0.505029
0.505029
-0.954179
-0.954179
-0.289837
-1.06079
-1.06079
-1.06079
0.0224601
0.0224601
0.0224601
-0.63456
-0.567964
0.508738
1.72367
-0.289142
0.0627122
-1.1752
0.657559
0.657559
0.657559
-0.567174
-0.976293
-0.976293
1.06473
1.33282
-1.1687
-1.1687
0.487488
0.487488
0.487488
0.487488
0.487488
0.487488
0.487488
0.487488
0.487488
-1.47554
-0.623582
0.207305
0.829443
0.829443
-0.436596
0.396548
0.396548
0.62259
0.62259
-0.778634
-0.344578
-0.344578
-0.344578
-0.344578
-0.344578
-0.621897
-0.621897
-1.72107
0.5047
0.5047
0.5047
0.5047
0.81899
0.81899
0.81899
-0.976884
-0.177532
0.459777
2.76979
2.76979
2.76979
2.76979
1.54409
1.54409
-0.0688579
-0.0688579
0.811015
0.811015
-0.0553947
-0.0553947
0.0169171
0.0169171
0.0169171
0.0169171
0.0169171
0.0169171
0.0169171
-0.580406
-0.580406
-0.580406
-0.580406
-0.580406
-0.580406
-0.580406
-0.670298
-2.21481
-0.275365
-0.275365
0.80827
0.80827
0.80827
0.80827
0.80827
0.935325
0.935325
0.365328
-0.820666
-1.68292
-1.68292
-1.68292
-1.68292
-0.303542
0.60736
0.60736
0.60736
1.17418
0.198679
1.39604
0.667892
0.0517387
0.0517387
-1.3691
-2.36715
-2.12032
-2.12032
-0.0780248
-0.0780248
-0.0780248
-0.0780248
-0.0780248
0.617239
0.617239
-0.441155
-0.441155
0.828501
0.828501
0.608791
0.608791
0.0785995
0.0785995
0.0785995
0.446595
1.1792
1.1792
-0.507903
-0.507903
-0.892507
-1.2346
-0.804557
0.449143
0.622308
0.622308
2.16982
2.16982
-0.192315
-0.192315
-0.192315
-0.293042
-0.293042
0.53164
1.65205
1.65205
1.65205
2.05109
2.05109
0.474243
0.993843
-1.38153
-1.38153
0.612522
0.612522
0.543007
0.543007
0.543007
0.543007
-0.378054
1.19019
1.19019
-0.346063
0.632733
-0.822395
-0.822395
-0.822395
-0.822395
-0.165269
-0.165269
-0.369957
1.24477
1.24477
1.24477
1.28127
-1.04344
-0.288611
-0.155174
-0.155174
-0.155174
0.213778
0.925211
-0.501793
-0.501793
-0.501793
-0.501793
1.24766
0.209039
0.0442543
0.0442543
0.0442543
0.0442543
0.263593
0.873789
-1.02957
1.12329
1.12329
0.737463
1.84403
1.84403
1.84403
-0.147982
-0.147982
-0.147982
-0.147982
0.384579
0.384579
1.54514
1.17084
0.0568477
0.0568477
1.38435
1.38435
1.38435
-0.946202
-0.855859
-1.27889
-0.584322
-0.584322
-0.584322
-0.584322
-0.286112
0.124736
1.70188
1.70188
1.70188
0.425357
0.492993
0.492993
1.90075
1.90075
0.956209
0.956209
0.956209
1.5603
-0.318428
-0.318428
-0.778111
-0.778111
-0.778111
-0.778111
1.35318
1.35318
-0.960107
0.143884
0.51029
-0.210288
-0.210288
-0.210288
-0.210288
-0.485859
-0.485859
-0.485859
0.656828
1.21445
1.09584
1.09584
1.65618
1.65618
1.18997
-0.614828
0.770645
0.770645
1.40619
1.40619
0.715911
0.429498
0.429498
0.429498
-0.0885624
-0.0885624
0.0782209
-0.274895
0.395358
-1.3475
-1.3475
-0.767378
-0.767378
-0.767378
-0.497558
-0.628842
-0.241131
-0.241131
-0.986531
0.942032
-1.30028
0.836898
0.684244
-1.40433
-1.40433
-3.21098
-3.21098
-2.08738
-1.27408
-1.27408
0.233571
-0.520523
1.63486
0.782524
0.782524
-0.65877
-0.65877
-0.65877
-0.65877
-0.65877
0.517272
0.969927
-1.57299
-1.57299
-1.3496
0.411652
1.33228
1.98009
1.98009
1.98009
1.98009
1.98009
-0.408501
-0.222651
0.611966
0.611966
-0.372896
-0.372896
-0.372896
-0.372896
-0.372896
-0.999952
-0.965966
-0.965966
0.878986
0.878986
0.878986
-1.22295
-1.22295
-1.22295
-1.22295
-0.524333
-0.524333
-0.524333
-0.524333
-0.524333
-0.524333
0.581742
0.581742
0.581742
-0.716549
-0.733032
-0.733032
0.611661
0.611661
-0.901608
0.769695
1.75895
2.25416
2.24731
1.88017
1.88017
1.88017
0.659469
0.659469
0.659469
0.659469
-0.0865505
0.0756697
0.0756697
-0.79173
-0.79173
1.33811
1.33811
2.39613
0.731323
0.575576
-0.661844
-0.661844
-0.661844
-0.661844
0.135291
0.135291
-0.383096
0.940176
0.940176
0.940176
-1.33426
-1.13377
0.532192
0.532192
-1.14496
0.793346
-0.214814
0.0226274
-0.243184
0.0802305
0.987207
1.94062
-0.273805
-0.273805
-0.273805
-0.241302
-0.299123
-2.02398
-2.02398
-2.02398
-2.02398
-1.36046
1.12626
-1.33878
0.208128
0.208128
0.340654
-1.13495
0.0158088
0.0158088
1.07479
1.71033
1.71033
1.71033
1.71033
1.71033
-0.674354
-0.674354
-1.133
0.0894217
-2.47492
-1.02434
-1.75646
-1.75646
-1.75646
-2.86679
-2.86679
-0.723075
0.148171
0.148171
0.357774
0.357774
1.55119
-0.779266
-0.779266
-0.779266
-0.779266
-1.5953
-1.5953
-0.892591
-0.892591
-1.65611
0.0437187
1.08295
-0.00863516
-0.00863516
1.44032
0.714246
0.714246
1.8001
1.8001
0.281012
0.281012
-0.315896
1.5981
0.0981606
0.663797
0.343639
0.343639
0.130812
2.25765
1.975
1.975
1.3399
-1.0546
-1.51224
-1.57892
-1.57892
0.405756
0.565194
0.565194
-0.544115
0.00468559
0.481183
0.656969
-2.00856
-2.00856
-1.13389
0.178066
0.178066
1.09055
1.33081
-1.26806
-1.26806
-1.26806
0.64366
0.0957593
0.0957593
0.830647
-0.452524
-0.868822
-0.545992
0.479078
-0.836208
-2.58014
-0.185625
-0.185625
-0.185625
-0.185625
-0.280937
-0.280937
-2.80985
-3.23756
-3.84501
-3.84501
-3.84501
-3.8654
-2.84959
-0.753827
-0.753827
-0.753827
0.789899
0.789899
0.789899
0.0800677
0.515896
0.515896
0.051289
0.0574252
-0.780017
0.0290543
0.0290543
1.08637
1.08637
1.08637
1.08637
-1.14637
-0.392598
-0.392598
0.289992
1.90558
-0.553742
-0.857291
-0.857291
-0.857291
1.21283
1.21283
1.21283
1.21283
1.21283
1.21283
0.860064
-0.983929
-1.63613
1.04883
1.04883
-0.743651
1.30587
1.30587
1.30587
0.960195
-0.709523
-0.709523
0.711528
0.873174
0.873174
0.873174
-0.145955
-0.722852
-0.331129
-0.0617609
0.749307
0.384356
0.384356
0.384356
0.534464
0.534464
-1.09493
-1.16065
1.22416
1.59631
1.16101
1.16101
0.692961
-0.535856
-0.535856
-1.66073
-1.66073
-0.976685
-0.976685
0.151679
-1.61502
-1.61502
-0.296227
1.95435
1.95435
1.07716
1.07716
-1.0283
1.11125
1.11125
1.11125
0.162977
-1.99055
-1.99055
-2.9735
-0.876636
0.46812
-0.454576
-0.454576
0.818313
0.818313
1.79381
1.79381
1.79381
-0.871342
-0.858464
0.355269
-0.376483
-2.28659
-2.28659
0.266578
-0.543605
-0.0340382
-0.593989
-0.593989
-0.0259987
0.903501
0.903501
-1.09079
-1.54826
-1.54826
0.726221
1.81278
-0.0600091
-0.0600091
-0.0600091
-0.0600091
-0.838269
-1.76514
-1.76514
-1.94279
-1.94279
-1.94279
-2.1076
0.196549
0.196549
0.196549
0.196549
0.196549
-2.42344
-0.484528
-1.51747
-1.51747
-0.674552
0.0733554
0.312731
0.312731
-0.310039
-0.804518
1.5785
1.5785
0.0320125
0.0320125
0.0320125
0.168427
0.512332
0.512332
0.512332
0.512332
-0.762129
-0.762129
-0.762129
-0.762129
-0.578514
-1.64011
-1.26934
-1.26934
-1.26934
-1.26934
-1.26934
-1.26934
-0.948832
-0.627807
-0.627807
1.72553
1.72553
1.84586
0.876515
2.1843
0.418678
1.62535
-0.428606
-0.428606
-0.0480631
-0.487504
-0.659183
1.2972
1.2972
1.13969
1.13969
1.13969
-0.409308
-1.2633
-1.66888
0.917723
0.917723
-1.50494
-1.50494
-1.50494
-1.82344
-1.82344
-1.26674
-1.26674
0.495823
0.495823
0.495823
0.495823
0.24051
0.396428
0.396428
-1.15344
-1.15344
-1.15344
-1.15344
-1.15344
-1.10011
0.512418
0.512418
-0.580784
-0.580784
1.39869
1.39869
1.31124
-0.654114
-0.437577
-0.437577
-0.298722
0.970762
1.14958
-0.882183
0.390717
0.357299
-0.708521
-0.12569
-0.12569
0.684419
0.684419
1.35868
-0.665813
-0.665813
0.946486
-0.762621
0.730009
0.942361
0.942361
-0.59801
-0.59801
-0.59801
-0.59801
-0.453463
-0.494994
-0.494994
-1.4276
-1.4276
-1.4276
-0.19002
-1.7742
0.516769
-1.04021
-0.608278
0.197028
0.197028
0.197028
0.854152
1.99143
2.0272
1.67035
1.67035
1.67035
1.67035
1.42718
1.42718
2.07432
2.41454
2.41454
0.535621
0.535621
0.535621
0.535621
0.535621
-1.59035
-1.59035
0.80504
0.80504
0.425796
0.425796
-1.42938
-1.42938
-1.42938
1.04531
0.0657348
0.899177
0.899177
0.899177
-0.879994
-1.42363
-0.417199
-0.662546
0.301601
0.301601
-1.38747
-0.131631
-0.131631
-0.131631
-0.131631
0.984787
-1.11888
-1.11888
-1.11888
-1.11888
-1.12381
-1.12381
-0.117856
-0.117856
-0.117856
-0.836291
-0.339389
-2.01501
-2.22786
-1.5739
-1.01551
-1.01551
-0.215877
-0.215877
-0.215877
-0.215877
-0.215877
0.436335
0.211643
0.211643
0.211643
0.211643
0.211643
0.211643
-0.418908
-0.418908
-0.418908
-0.418908
1.02769
-0.810545
-0.810545
-0.810545
-0.810545
-0.810545
-0.810545
-0.810545
1.03285
1.03285
0.637882
0.637882
0.637882
-1.97168
0.442268
-0.412193
0.431968
-0.727854
-0.727854
-0.727854
-0.499991
0.0731196
0.0731196
0.0731196
0.0731196
0.0731196
0.50049
0.50049
0.50049
0.50049
1.10142
-0.67732
-0.346732
1.31819
1.41117
1.15937
-0.0572974
-0.0572974
-0.0572974
-0.0572974
-0.0572974
-1.50234
-0.987153
-0.987153
-0.987153
-0.233201
0.13257
1.07347
-1.14626
0.355947
0.355947
0.355947
-0.227336
-0.227336
-0.227336
1.46238
1.91906
1.91906
1.91906
1.91906
1.23103
1.23103
1.23103
1.23103
-0.996419
-0.996419
-0.996419
-0.996419
-0.738589
0.811455
0.811455
0.501364
0.501364
0.501364
-1.33145
-1.33145
-1.33145
1.26011
-0.139818
-0.139818
-0.139818
-0.139818
-0.139818
-0.139818
-0.139818
-0.139818
-1.76046
-0.223275
-0.223275
-0.223275
-0.223275
-0.223275
0.682906
1.76641
-0.207049
-0.207049
-0.218494
-0.218494
0.28063
0.28063
-0.0262943
2.11851
2.11851
2.35019
2.35019
0.777584
0.457267
0.948503
0.948503
0.308606
1.94236
-0.252249
-0.252249
-0.252249
-1.56267
-1.17063
-0.478957
0.472539
-0.40166
-0.40166
-0.40166
-0.0606504
-0.0606504
-0.0606504
-0.0606504
-0.0606504
-1.20821
-1.20821
0.855986
0.881849
0.881849
-1.21149
-1.21149
-1.21149
-1.21149
-1.32013
-0.556945
0.766806
0.0259036
-0.781097
-0.781097
1.77592
0.11185
1.36711
-1.00934
-1.00934
-1.54044
-1.54044
-1.99312
-1.99312
-1.43952
-1.43952
-1.56331
-0.898087
-0.471457
-0.463688
-0.463688
-0.463688
0.102563
1.24447
-0.62317
1.43739
0.356312
0.356312
1.37886
1.73549
0.0223731
1.21806
1.54975
1.33952
0.348132
0.348132
0.348132
-1.80062
0.848746
2.24447
2.24447
2.24447
0.934993
-1.73872
-1.73872
-0.914635
-1.94751
-1.94751
-1.12688
-1.12688
-1.12688
-0.189505
-0.189505
-0.189505
-0.189505
-0.189505
-0.538552
-2.08908
-1.9331
-1.9331
-1.9331
-1.65749
0.453552
-0.214191
-0.214191
2.06386
2.10104
1.59584
1.62938
0.343469
0.155451
-0.059173
2.37801
3.0056
0.961666
0.230773
0.230773
0.230773
-0.707294
0.479752
0.479752
0.479752
0.479752
0.756229
0.756229
3.02975
3.02975
2.79494
2.79494
2.79494
0.573293
0.573293
0.573293
-0.224189
0.447375
0.447375
0.923326
0.6509
0.6509
0.433121
-0.888451
-0.738441
-0.738441
-0.738441
0.741683
-0.64555
-0.64555
-0.204998
-1.92749
0.300442
0.300442
0.965849
1.07736
1.91671
1.91671
1.91671
-0.622809
-0.622809
0.314979
0.314979
-0.422552
-1.63853
0.0795256
0.397371
-1.45773
0.786313
0.786313
0.61544
0.61544
0.61544
0.61544
0.61544
0.20149
0.129065
1.07024
1.07024
1.07024
1.07024
1.06768
-1.00911
-1.00911
0.861049
1.07326
-0.32454
1.36683
1.36683
0.85779
-0.171827
-0.171827
-0.405916
-0.405916
-2.54817
-1.1523
-1.1523
-1.1523
1.05433
-0.902269
1.15742
1.15742
1.15742
-0.568399
0.739933
-0.798602
-0.798602
1.27803
1.27803
1.27803
2.19703
2.19703
2.19703
3.44752
3.44752
3.17967
1.51367
1.51367
0.756874
0.756874
0.756874
0.756874
0.986869
-1.55019
-0.597677
1.47593
1.47593
1.47593
-0.0385433
0.553452
0.553452
0.767095
-1.16524
-1.16524
-1.16524
0.357165
0.357165
0.357165
0.357165
0.749704
0.637023
0.637023
0.637023
0.637023
0.637023
-0.0931013
-0.0931013
-0.0931013
-0.66766
-0.209458
-1.44742
-0.156972
-0.156972
-0.156972
-0.899038
-0.899038
-1.19926
-1.19926
1.03875
0.0109284
0.0109284
-1.33244
-2.3273
-1.62383
0.526877
-0.0806029
2.46603
2.46603
2.46603
2.46603
2.46603
2.07951
2.07951
1.33773
1.33773
-1.34922
-0.061033
0.974056
0.974056
-1.52497
0.0805056
0.0805056
-0.347275
1.34686
1.06701
0.0719619
0.750506
0.750506
0.787751
1.32618
1.32618
0.530651
0.530651
1.49805
1.49805
0.173222
0.173222
-2.29982
-1.05266
-1.05266
-1.05266
-1.05266
0.450493
0.450493
0.450493
0.450493
0.450493
0.450493
0.450493
-0.146343
-0.146343
-0.146343
-0.146343
-1.25926
-0.919966
-0.919966
-0.387006
-0.387006
-0.387006
-0.387006
-0.387006
-0.0481255
0.419702
-0.0577574
-0.0577574
-0.0577574
-0.0577574
-0.0577574
-0.0577574
-0.278337
-1.66533
-1.5864
0.717708
0.0774676
-0.452623
0.214997
-0.172861
1.04893
-1.13269
-1.38153
-1.38153
-0.0388837
-1.65488
-2.102
-2.51673
-1.27229
-1.27229
0.822169
0.822169
0.750539
1.53566
1.53566
1.61966
0.596624
-0.918485
-0.918485
0.0818462
0.0818462
-1.18802
-1.18802
1.28115
-0.989312
-0.989312
-0.917925
0.56719
0.164649
-1.43804
-1.43804
0.816998
0.816998
0.909606
-0.715198
1.19484
0.662403
0.191728
-2.28014
-2.28014
-2.28014
-0.841021
1.03484
-0.838372
-0.838372
1.14521
-0.654484
-0.654484
0.293627
0.293627
-0.739934
0.485051
-1.00162
-2.91307
-0.497639
1.37855
1.35924
1.35924
1.35924
1.35924
-0.804889
-0.804889
-0.101814
-0.101814
-0.101814
-1.22196
-0.348024
-0.348024
-0.0765747
-0.0765747
-0.0765747
-0.0765747
-0.0765747
-0.0765747
-0.0765747
-0.0765747
-0.45949
0.289411
0.289411
1.78263
1.11714
1.11714
0.173898
0.248896
1.36034
1.36034
-0.155738
-0.155738
-0.155738
2.10824
2.10824
2.10824
0.543835
1.90067
1.90067
0.755964
0.755964
0.755964
0.755964
0.427937
1.48922
1.48922
1.10459
0.960222
0.0946065
-1.31876
0.454233
0.00566316
0.00566316
0.00566316
0.00566316
0.00566316
1.68224
0.847581
0.847581
-1.22982
-0.062808
1.96985
1.58998
-0.140067
-0.140067
1.96001
1.32281
1.80627
0.568066
-0.890224
-0.890224
-0.890224
-0.428019
1.81773
0.299715
0.475302
0.475302
0.475302
0.92598
-0.109048
0.020093
0.020093
0.020093
0.216443
0.216443
1.53591
-0.173806
-0.980301
-0.980301
-0.980301
-0.980301
-1.16593
-1.16593
1.04628
0.514065
0.514065
-0.929042
0.741783
-1.07661
-1.51511
0.378093
0.378093
-1.13865
1.02273
-1.64121
-0.665636
-0.665636
-0.665636
-0.665636
-1.94745
0.435795
0.435795
0.435795
0.435795
-1.24137
-1.24137
-1.5911
0.0181851
-1.6869
-0.81273
-0.81273
-1.85161
-1.98151
-1.98151
0.143566
0.143566
0.143566
-0.265275
0.433079
0.433079
0.433079
0.821972
0.453078
0.0641537
1.19007
2.12411
2.11077
2.11077
2.11077
2.11077
2.11077
2.11077
1.47673
-0.186533
-0.186533
-0.186533
-0.7286
0.00697614
0.00697614
0.00697614
0.978059
-1.19284
-1.19284
-0.913773
-0.913773
-0.913773
-0.913773
-0.913773
-0.913773
-0.913773
1.17748
1.17748
1.17748
1.17748
2.58579
1.23349
1.23349
1.23349
-0.326516
1.22027
2.34207
2.34207
2.34207
2.34207
-0.13733
-0.13733
-0.13733
1.61255
1.61255
-0.112768
-0.112768
-0.112768
-1.04321
0.819457
0.819457
0.85706
-0.854266
-0.854266
-0.854266
-0.854266
-2.00564
-2.00564
-2.00564
-1.09936
-1.09936
-1.09936
-0.00121964
2.269
-0.27526
0.0959095
0.63533
-0.967636
0.192984
0.192984
0.961857
0.961857
0.961857
0.961857
1.81101
0.16849
0.16849
2.14639
2.14639
0.702767
-0.371301
-0.423896
-0.423896
1.67979
1.67979
-0.934188
0.569102
0.569102
-0.67716
-0.67716
-0.67716
-0.0460527
0.959556
0.959556
0.959556
-1.34906
-1.31865
0.232274
-0.00048821
-1.17774
0.567779
-1.9262
-0.168952
-0.168952
-1.55015
-1.99557
-2.60455
-2.60148
-1.02339
-1.02339
-1.02339
-1.02339
-1.09751
0.00735114
1.02194
1.02194
-0.684675
-1.94913
0.116638
0.116638
0.116638
0.116638
0.209216
-0.524886
-0.862435
-0.862435
-0.862435
-0.16952
-1.34278
-1.67011
-1.90399
-0.405276
-0.405276
-1.44957
-1.44957
-1.44957
-0.236957
-0.521612
-0.0937246
1.42999
0.173276
0.173276
1.33387
1.33387
-0.395759
-0.809297
-0.809297
0.46302
0.46302
0.46302
0.46302
0.46302
0.46302
0.721218
0.721218
0.721218
-0.800155
-0.18766
0.185509
-0.414376
-0.414376
-0.414376
-0.414376
0.270288
0.270288
0.754123
0.826024
0.826024
0.48533
0.48533
-1.06981
-1.06981
-1.41124
-2.61862
-2.61862
-0.57665
-0.57665
-0.422246
-0.422246
-2.35615
-2.10757
-0.951104
-0.951104
-0.951104
-0.951104
0.224949
2.47498
2.47498
1.30304
0.0857788
0.0857788
0.0857788
-0.271889
-0.271889
1.00675
-0.480883
-0.480883
-0.554064
0.0397504
0.0397504
0.668503
0.668503
0.668503
0.668503
0.242158
0.242158
0.408435
-1.56571
-1.56571
-1.56571
0.895204
0.419302
0.612589
0.0241465
0.839229
-1.25769
1.33504
1.33504
1.64968
-0.223901
-0.223901
-0.223901
-0.223901
-0.223901
-0.223901
-0.223901
0.549036
0.549036
-1.77683
-1.77683
0.511903
0.511903
-1.18697
-1.18697
-1.18697
1.45256
1.45256
0.970094
0.970094
1.08765
-1.23228
0.104617
0.104617
-0.302132
-0.302132
0.178816
0.485389
0.485389
-0.527587
1.73774
1.73774
0.0880894
0.0880894
0.0880894
1.36618
0.995437
2.31173
2.31173
2.45432
2.45432
3.01137
3.01137
2.0661
2.0661
-0.226752
-0.226752
-0.705204
-0.245579
-0.245579
-0.245579
-0.245579
-1.18189
-1.88041
-1.92315
-0.0799779
-0.0799779
-0.0799779
-0.0799779
-0.0799779
-0.0799779
-0.0799779
-0.654135
-0.654135
-0.224946
-0.647037
-0.202802
-0.703091
-0.703091
-0.703091
0.925593
0.925593
-1.20065
-1.20065
-0.900017
0.311145
0.311145
0.311145
-0.912312
-0.912312
-0.669865
-1.75926
-1.40124
-1.33521
-1.33521
-1.33521
0.0021062
0.0021062
-1.27147
-1.55895
-1.55895
-1.22919
-1.22919
-0.929168
0.439962
1.28832
2.17982
0.815609
-1.50456
-2.54723
-0.589071
-0.589071
-0.589071
0.175757
-0.148243
-0.148243
-0.122147
-0.122147
-1.16615
-1.16615
1.10987
1.72736
0.818118
0.818118
-0.697687
-0.937577
-0.937577
-0.937577
0.968268
-0.50305
2.16628
2.16628
0.791422
0.53561
0.53561
-0.780543
0.937178
0.937178
0.937178
0.937178
0.477468
-0.729307
-0.729307
0.932726
0.932726
-0.72671
-0.72671
-0.72671
-0.72671
-0.72671
-0.72671
1.41086
1.27306
-0.20712
-0.20712
-0.20712
-0.20712
-0.590347
-0.945284
-1.18491
-0.197369
-0.0544094
-0.0544094
-0.0544094
-0.0544094
-0.0544094
-0.0544094
-0.0544094
-0.0544094
1.26833
1.36832
0.68523
-0.169279
-0.169279
-0.169279
-0.169279
-2.55877
-0.177842
0.986484
0.986484
0.986484
0.986484
0.00770374
1.91238
1.91238
0.595353
0.352316
0.352316
0.352316
0.352316
-1.96679
-1.96679
-0.182938
0.834704
0.473937
-0.902796
-1.77775
-0.615105
-2.17325
-1.87313
-1.87313
-1.87313
-2.66418
-2.91088
-0.550204
-0.550204
-0.779891
0.991839
2.69362
1.83254
1.83254
1.83254
-0.0991348
-0.0991348
-1.12186
-1.12186
-1.03484
1.65359
1.03239
1.18238
0.568945
1.40786
2.00672
0.169191
-0.976955
-0.830063
0.958275
-1.2422
-1.2422
-1.9784
-0.508486
-0.508486
1.57336
1.57336
0.624441
0.624441
0.624441
0.624441
0.914024
-0.266631
-0.266631
0.476094
0.492416
0.492416
0.189856
-1.21114
-0.0341674
1.14493
-0.107295
0.0566319
-1.94515
-1.38267
-1.38267
-0.180404
-0.564733
-0.564733
0.130353
0.0287005
-0.551123
-0.0466369
-0.0466369
-0.0466369
-0.0466369
-0.229424
-0.229424
-0.229424
-0.229424
-0.666137
-0.666137
-0.666137
-0.666137
-0.666137
-0.666137
-0.666137
-0.666137
-0.666137
-0.599833
-0.599833
0.302775
-0.220723
0.130462
0.130462
0.130462
0.518967
0.518967
-1.33913
-1.33913
-0.353445
0.67099
0.155596
-0.5051
1.03081
1.03081
-1.0097
-0.283921
-0.283921
-0.705285
0.971322
0.971322
0.971322
1.65586
-0.0892999
-0.0892999
-0.0892999
-0.0892999
0.516461
-0.20048
0.948346
0.765074
-1.00105
-1.00105
1.00027
0.035874
0.035874
0.035874
0.0729601
0.121875
-0.968607
0.641087
1.69382
1.69382
1.69382
1.69382
1.69382
1.33958
-0.783159
-0.783159
-0.783159
-0.363426
-0.363426
-1.24631
-1.24631
-1.24631
-0.769034
-0.769034
-0.654826
0.887242
1.47818
0.647372
-1.96626
-0.98672
-0.00774048
-0.00774048
-0.00774048
-0.00774048
-0.00774048
0.237377
0.960598
1.21744
-0.658492
-0.567335
0.283163
-1.21997
0.945656
0.945656
0.945656
0.945656
-0.390444
-0.327735
1.19694
1.19694
-0.869178
-0.869178
-1.01297
1.34552
-1.02734
1.59437
-0.610311
0.508281
0.508281
-0.785851
0.305859
-0.176211
-0.176211
1.60791
1.60791
1.622
1.622
1.622
0.74261
0.74261
0.74261
-1.82819
-0.0844834
-0.0844834
-0.730733
0.920823
0.609343
0.609343
0.609343
-0.0780127
0.595943
0.595943
-0.051775
-0.051775
-0.051775
-0.051775
-0.051775
1.68871
2.51389
2.51389
2.51389
-0.0976614
-0.0976614
-0.0976614
-1.03834
-0.0365448
-0.0365448
-0.0365448
-0.0365448
-0.0365448
-0.0365448
-0.0365448
-0.37641
0.3826
-0.626488
-0.626488
0.579866
0.579866
-1.80994
-1.80994
-1.80994
0.0840462
-0.562968
-0.950227
-0.950227
-1.6485
0.208361
0.243379
0.243379
0.243379
0.243379
0.243379
0.243379
-0.652784
-0.652784
-0.652784
-0.652784
-0.652784
-1.51857
-1.51857
-0.539417
-0.724597
-1.47069
-1.63687
-1.63687
1.01646
1.01646
0.24223
-1.22467
-1.22467
-1.16723
-1.73654
-1.41027
-1.41027
-2.04738
-2.04738
-2.04738
-1.56034
-1.56034
-1.56034
0.0683461
0.0636065
0.0636065
0.00945249
1.15685
1.27451
2.23725
1.45201
-0.870098
-0.870098
-0.870098
0.375997
-0.257852
-2.01508
-2.01508
-2.01508
-1.02636
-1.87936
-0.337445
1.87212
1.87212
1.87212
1.87212
1.83614
1.47779
1.47779
-0.486169
0.41128
0.41128
-0.514549
-0.514549
-0.514549
-1.59179
-2.50965
-2.50965
-2.50965
-2.05824
-0.696926
-0.696926
1.25561
1.25561
-1.02409
-1.02409
-0.709746
0.577618
0.577618
0.577618
0.577618
0.68358
0.345236
-1.6358
-0.80249
-0.713984
1.31855
-0.00521762
-0.00521762
-0.00521762
-0.00521762
-0.578996
1.10644
1.10644
0.711399
0.711399
0.51603
0.856103
1.8932
-0.0724787
-0.0724787
-0.0724787
1.74664
1.74664
1.74664
1.74664
0.70794
0.168317
0.168317
0.846694
-0.83258
-0.83258
-0.83258
0.567245
0.567245
0.19424
0.19424
0.19424
-0.495358
-1.88742
-1.18886
-1.18886
-1.18886
0.0100659
0.35281
0.35281
0.35281
1.28258
1.36966
-1.31198
0.177291
0.177291
0.695763
0.695763
0.711166
0.711166
-1.10843
-0.852087
-1.74483
0.236686
0.236686
-0.477467
-0.477467
0.377162
0.226424
0.226424
0.226424
0.798533
0.976293
0.976293
2.13478
2.13478
2.13478
2.13478
0.450675
0.87222
1.24167
1.24167
-0.137123
2.16489
2.16489
2.16489
1.6684
1.6684
1.6684
1.6684
-0.129974
-0.129974
-0.129974
-0.129974
0.578523
0.578523
-0.635287
-0.635287
0.656976
0.956925
1.0082
1.0082
0.573643
0.573643
0.573643
-0.835341
1.45788
-0.800469
-1.65786
0.248047
-1.41379
0.639863
-0.930723
1.32256
1.45564
1.32787
-0.752525
0.201116
0.201116
1.23231
0.672398
1.0429
-0.513631
-1.41099
-0.85687
-0.348925
1.81108
-0.31225
-0.148908
-0.148908
0.186511
0.186511
-2.47437
-2.47437
-0.598123
0.79129
-0.93938
-1.43339
-0.407063
-1.69651
-1.5272
-1.5272
-1.5272
-1.5272
-1.5272
-0.370854
0.0948088
-0.331685
-0.331685
-0.873852
0.930445
0.930445
0.930445
0.930445
0.930445
0.930445
0.930445
1.58687
-0.912112
-1.30498
-0.975704
-0.975704
-0.975704
0.317152
0.317152
1.52876
0.207314
0.968189
-0.446888
0.387246
0.387246
0.387246
-0.121479
1.49008
1.49008
1.49008
1.14866
-0.0702373
-0.0702373
-0.484098
-0.484098
-0.548703
0.822221
-1.6857
-1.12157
-1.37974
1.0709
1.4587
-0.525399
-0.525399
-0.010727
-0.248344
-0.248344
-1.44416
-1.44416
-1.44416
-3.08488
-2.00682
-0.0755932
-0.0755932
-0.0755932
-0.0755932
0.558084
1.95203
2.05024
0.363093
0.363093
0.842685
0.842685
0.842685
0.83394
0.674257
-1.05723
-0.307529
-0.307529
-1.69473
-2.26367
-1.74394
-0.541428
-0.541428
-0.541428
1.89467
1.89467
0.62353
0.62353
0.62353
-1.94322
-2.30416
-2.30416
-2.30416
-2.30416
-0.517491
-0.948533
-0.948533
0.193266
-0.0254703
1.22286
-0.414343
-0.414343
-0.414343
0.324857
0.324857
-0.406048
-0.406048
-1.66293
-1.30672
-1.30672
-1.43397
-1.289
-0.131113
-0.131113
1.79181
1.79181
1.95735
3.26672
3.39542
3.39542
3.39542
2.04083
0.512285
-1.11952
-0.870706
-0.870706
-0.849205
-0.849205
-0.829859
0.660418
-1.90165
-1.43994
0.499519
0.408623
1.16961
1.16961
0.127555
0.127555
-0.812373
-0.812373
-0.812373
-0.812373
0.879406
0.110517
1.66112
1.66112
1.26155
1.26155
-1.25934
0.813173
-0.126828
-0.126828
0.59271
1.29135
1.2009
1.2009
-1.23072
-0.317758
-0.317758
-0.317758
-0.317758
-0.317758
0.684792
0.684792
1.77913
1.77913
1.77913
2.1547
1.30375
0.179733
0.539961
0.539961
-0.478119
-0.478119
-0.478119
1.22764
1.22764
1.22764
1.19311
1.23057
0.59583
0.59583
0.632833
0.632833
0.632833
-1.23428
0.751747
-0.357485
-0.357485
0.447675
-0.0891733
-0.0891733
-0.0891733
-0.0891733
-0.0891733
-0.161142
-0.161142
-0.161142
-0.161142
-0.161142
0.285332
0.923282
0.923282
0.923282
-0.0234288
-0.0234288
-0.0234288
-0.916363
1.29173
0.337596
-0.944181
0.34364
0.34364
-0.752835
-0.922449
-0.190803
-1.19161
-1.19161
-1.19161
-1.19161
1.47433
0.493756
0.499684
-0.0462618
1.75909
1.75909
-0.249204
-0.249204
-0.249204
-0.958077
-0.958077
-0.958077
-1.30635
-1.30635
-1.30635
-0.318889
-0.318889
-1.56005
0.434448
-0.739635
0.517518
0.517518
-0.918709
1.39043
-0.381978
-0.381978
-0.374517
-0.830847
-0.420875
1.47749
-0.836295
0.269504
1.11791
1.25574
-0.34656
-1.1758
-1.1758
-1.1758
-1.1758
-0.432992
-0.432992
-0.432992
0.509861
-0.0796721
-0.0796721
-0.0796721
-0.0796721
-0.0796721
0.310431
0.310431
0.310431
0.310431
1.08273
1.08273
0.222569
-0.0284751
-0.0273484
-0.0273484
0.545074
0.368864
-1.2553
-0.115358
-1.58052
-0.184512
0.180796
0.180796
0.180796
0.180796
0.392714
0.392714
0.392714
-0.233144
0.165661
0.165661
0.165661
-0.3999
1.82166
1.82166
-0.713519
-0.46603
0.336731
-0.392877
0.400412
1.52905
-0.198509
-0.198509
0.245978
-1.28635
-1.28635
-0.304447
-0.304447
-0.304447
-1.30234
0.805116
0.805116
0.238654
0.238654
0.238654
0.595376
0.595376
0.595376
0.467903
0.47229
0.47229
-1.86178
-0.492455
1.19118
0.569981
1.37838
1.37838
1.80902
1.03415
1.03415
-0.913874
0.753925
0.689622
0.689622
0.689622
-1.14647
0.235414
1.50217
1.50217
-1.08926
-1.08926
1.12021
1.06418
1.06418
1.06418
2.4304
2.21664
1.17706
0.862738
2.93464
0.495539
-0.591379
-0.591379
-0.591379
-0.591379
-2.00318
0.526534
-1.8329
0.49084
0.497987
0.497987
-1.0186
-0.477314
-0.477314
0.391081
0.391081
1.11157
-0.988311
1.01943
1.01943
-0.0607044
-1.22605
-1.22605
0.0544147
0.0544147
0.0544147
0.0544147
0.0544147
0.0544147
1.17093
1.17093
2.40601
0.234755
1.61002
1.61002
-0.676012
1.73314
1.35213
2.56537
1.78308
1.78308
1.78308
1.78308
-0.561536
-0.561536
-1.14438
-1.14438
-1.14438
1.53494
1.23363
1.23363
-1.2224
-1.2472
-0.30833
-0.30833
0.997661
0.290752
0.290752
0.290752
0.290752
-1.00001
0.0590014
-0.246626
-0.246626
1.25688
-0.730663
-0.111515
0.962738
0.962738
0.962738
-0.335975
-0.335975
-0.335975
-0.335975
-0.335975
-0.335975
-0.335975
-0.335975
-0.335975
-0.355928
-0.355928
1.12059
1.33762
1.09764
1.09764
1.51096
0.966558
0.966558
0.966558
0.966558
-1.19317
-1.7971
0.774889
0.774889
-0.553349
0.730706
0.730706
0.730706
0.730706
0.730706
0.987879
0.987879
0.987879
0.135315
0.135315
0.135315
0.135315
0.135315
0.636344
-0.135999
1.57922
1.57922
2.46219
2.21171
2.21171
-0.00481245
-1.15094
-1.02255
-1.02255
1.5822
1.5822
1.55421
1.55421
1.55421
1.5324
1.5324
0.691414
0.691414
0.691414
0.691414
-0.395552
0.913949
-0.192302
-0.192302
-0.192302
-0.192302
-0.192302
-0.260954
-1.26839
-0.926174
-1.38653
1.08152
-0.560221
0.104142
0.104142
0.104142
0.104142
-0.394763
-0.394763
-0.321766
-0.321766
1.19803
1.19803
-1.12989
-1.12989
0.120875
0.120875
0.120875
0.120875
-0.466553
0.122111
0.217805
0.217805
0.309321
0.864972
0.864972
-0.813539
-0.813539
-0.813539
-0.71513
-0.71513
0.425933
-1.39478
-1.39478
-1.39478
-0.871804
-0.0945484
-1.18823
-1.18823
-2.91181
-1.2441
0.550697
0.550697
-0.983311
0.381422
0.734594
0.801422
0.801422
0.801422
2.17528
-0.0628375
-0.381265
0.4373
0.4373
0.570216
-1.56255
-1.32521
-2.31542
-2.7478
-3.14302
-1.04829
1.26095
1.26095
0.668949
0.409164
0.409164
-1.52965
-1.90974
0.521226
-1.71201
-1.71201
-0.528317
-0.528317
-1.18787
-1.18787
0.985296
-0.455282
-0.455282
2.17128
2.17128
1.71569
1.71569
-0.168079
0.862508
0.862508
0.862508
0.543307
0.628591
0.628591
0.628591
0.628591
0.595569
0.595569
-0.939864
-0.939864
1.71794
0.588584
0.588584
-0.367143
-1.69528
-1.69528
-1.69528
-2.08285
-1.54095
-2.71975
-2.82393
-2.82393
-2.06552
-2.06552
-1.88527
-1.88527
-1.88527
-2.35776
-1.97463
-1.97463
-1.97463
-1.59738
-1.59738
-1.59588
-1.8524
-1.24024
-1.24024
-1.6424
0.86672
1.49895
2.16047
1.32298
1.32298
-0.455664
1.27396
1.27396
0.232225
1.50556
0.732096
-0.098632
-0.098632
-0.464919
-0.464919
1.26947
0.342005
-0.295127
-0.295127
0.50148
0.50148
-0.840622
-0.0846335
-1.28993
-1.28993
1.09962
1.09962
0.00144557
-1.12571
-1.00841
-1.95446
-1.74621
-1.74621
-2.20626
-0.109908
-0.109908
-0.109908
0.710391
0.263822
-0.477865
-0.477865
-0.385624
-0.385624
-1.16784
1.04665
0.161238
-1.02204
-1.02204
-1.02204
-1.02204
-0.483561
-2.68425
-2.68425
-2.68425
-1.32277
-0.95191
-0.401501
-0.401501
-0.401501
-0.401501
-0.079923
0.185507
0.185507
0.185507
0.185507
0.185507
0.252715
0.657436
0.657436
0.404653
0.404653
-0.552002
-1.55724
-0.0344579
0.639465
0.639465
0.035732
0.035732
0.035732
1.79577
1.79577
0.399574
0.413094
0.983971
0.983971
0.224198
0.479834
0.345074
0.345074
1.48753
1.84753
-0.245546
-0.245546
-0.245546
-0.245546
1.62623
1.58143
1.50798
1.5848
-1.02717
1.39645
-1.09531
-1.46378
-1.46378
-1.46378
-1.46378
-1.46378
-1.51127
-1.51127
0.220051
-0.922089
1.65843
1.65843
-0.903547
-0.903547
-3.40032
-3.00985
-3.00985
-0.564465
-1.40095
-1.40095
0.624486
0.321065
0.66472
1.32442
0.348872
0.348872
0.348872
-0.403337
-0.403337
0.63191
-0.59642
-0.718738
0.391763
0.391763
0.717305
0.653254
0.653254
0.287266
-0.608017
-0.608017
-1.87709
0.0620294
-0.629709
-0.629709
-0.629709
1.22754
1.22754
1.22754
1.22754
1.22754
1.22754
1.79538
1.79538
0.938016
0.938016
1.12525
1.15951
-0.500205
1.87175
0.235823
-0.839872
-1.47722
-1.32826
-1.32826
-1.32826
-2.2441
-1.18097
0.204763
0.204763
-0.242523
-0.575212
0.646304
0.646304
-1.43156
-1.43156
0.141762
2.22751
2.34443
2.0375
0.674586
-1.26933
-1.68445
-0.84197
-0.84197
0.256984
0.256984
0.450212
0.828571
0.828571
-0.500698
-0.500698
-0.500698
0.979548
0.979548
0.154162
-0.290838
0.629102
0.0409652
-0.107288
-1.94017
-2.27763
-1.86742
-1.86742
-1.10705
-1.10705
-1.41314
-0.0170309
-0.0170309
-0.0170309
0.9297
0.844277
0.844277
-0.039907
0.249863
0.914905
0.914905
0.173565
-1.21169
-1.41925
-0.392314
-0.392314
-0.023648
-0.023648
-1.23862
-1.23862
-1.23862
-1.23862
-1.05317
-0.935283
1.50609
-0.946353
0.753875
-0.661787
0.212384
1.43702
1.43702
1.14684
-0.250634
-1.66691
-1.66691
0.765513
0.263246
0.263246
0.263246
0.223666
-0.745357
-0.908352
-0.908352
-0.908352
-1.37532
-0.556825
-1.20894
-0.0144307
-1.00536
-1.00536
-2.50206
-2.50206
-0.133425
1.57344
1.57344
0.161249
-0.416835
-0.416835
-0.416835
0.927724
0.499532
0.499532
0.499532
0.499532
0.499532
0.499532
0.499532
1.70958
0.787686
0.787686
0.787686
0.787686
1.03583
1.03583
-0.284851
-0.264339
-0.264339
0.61974
0.61974
0.61974
-0.804384
1.73204
1.09746
-0.969591
-1.39907
-0.304068
-1.36179
-1.36179
0.138066
0.138066
0.33474
1.14902
2.3667
2.3667
2.97474
2.97474
2.04431
1.2626
1.2626
1.40671
-0.887388
-0.163243
-1.52174
-1.52174
-1.52174
-1.52174
-1.52174
-1.52174
0.208443
0.00618466
-0.617884
-0.617884
-0.617884
-0.617884
-1.65058
-1.65058
-0.161689
0.469598
0.469598
0.469598
0.469598
1.84321
2.70247
1.89456
0.335953
0.335953
1.12183
1.8937
1.8937
1.8937
-0.244927
0.145483
-0.892711
-0.892711
-0.892711
-0.858537
-0.858537
0.653752
1.15633
1.33129
-0.768523
0.788714
0.788714
-0.169218
-0.169218
-0.174941
-1.06078
-1.06078
-0.899026
-0.899026
1.281
0.241276
-1.14833
-1.42729
-0.21227
1.17896
0.694289
0.694289
0.694763
-0.891349
-0.732489
-0.732489
-2.20762
-2.20762
-2.20762
-1.40128
-1.40128
-1.40128
-1.40128
-1.36443
0.82693
0.98449
0.718161
0.718161
1.21316
1.21316
0.016295
-0.344037
0.972995
0.972995
-1.3707
-1.3707
-1.1541
-1.86345
0.295049
-0.282516
-0.710535
-0.383891
-0.383891
-0.383891
-0.383891
1.60196
1.60196
0.165473
0.165473
0.455696
0.965739
-1.43191
-1.27891
-0.754266
-0.236399
0.0269109
0.0269109
0.316042
0.316042
0.316042
0.316042
0.316042
0.316042
0.966922
0.556135
-0.387817
-0.387817
-1.11284
-0.420146
0.661972
0.661972
-1.32164
-1.32164
-1.32164
0.662178
0.662178
-1.80591
-1.80591
-0.147351
-0.854556
-0.213501
0.725422
-0.823191
-0.823191
1.10144
0.816019
-0.112613
-0.112613
1.3326
-1.32309
-1.32309
-0.136126
-0.136126
-0.142176
-0.142176
-2.29586
-2.29586
0.125416
-0.632733
-0.951838
-2.14796
-0.692592
-0.692592
-0.692592
-0.692592
-2.59512
-0.508432
0.261508
0.591449
0.591449
0.591449
-0.121503
-0.704483
-0.704483
-0.704483
-0.704483
-0.704483
0.160459
1.46957
1.46957
0.562342
-0.382891
-0.382891
-0.382891
0.120266
-0.0740046
-0.0740046
-0.0740046
1.11107
0.966339
1.00428
-0.976873
-0.976873
0.875893
0.762445
0.20501
-0.0053876
0.950076
0.950076
0.950076
1.04517
1.87757
0.474469
-1.42413
-1.42413
-1.29524
-1.29524
0.412638
1.03124
-0.493062
0.0433447
1.05352
1.05352
0.999773
0.999773
-1.42862
0.556693
0.556693
0.556693
1.87028
0.0854313
0.0854313
-1.34317
-1.34317
1.03255
1.03255
2.13519
2.28597
1.78039
-0.150508
-0.288662
-0.878054
-0.878054
-0.247606
0.0508167
0.0069293
0.13254
0.13254
-0.884573
-0.468247
-0.468247
-0.468247
-0.468247
-0.354454
-1.17696
-1.17696
-1.17696
-1.17696
-1.17696
0.0664546
-0.382564
-1.49265
-2.07235
-2.31941
-1.72288
-0.755669
-0.939256
-0.939256
0.172647
-2.36208
-2.36208
-0.993413
-0.993413
-0.993413
-0.993413
-0.993413
-0.993413
-1.80096
-1.80096
-1.80096
-1.80096
-1.80096
-0.663475
-0.105025
-0.105025
-0.204454
-0.193398
1.07522
1.07522
0.909814
-1.157
-1.51758
-1.51758
-1.34641
0.426108
0.426108
0.426108
0.968598
0.968598
-1.12532
-1.12532
-1.12532
0.265465
1.07429
-1.40683
-1.40683
-1.20985
-1.20985
-1.20985
-0.381321
0.110516
-2.27734
0.0509939
0.349978
1.26734
-0.248258
-0.864774
0.722889
-1.14226
-1.14226
-1.14226
-0.748511
-0.748511
-0.752776
0.655304
0.655304
-1.9197
-1.9197
0.250088
-1.03366
1.34189
1.11123
-1.00496
-1.00496
0.613263
0.613263
-1.09916
1.58886
2.04129
2.04129
1.26899
1.88417
1.88417
0.0198111
0.0198111
0.0198111
-1.11715
1.21073
1.21073
1.36526
1.31731
-0.372616
-0.79682
-0.79682
-0.496487
-0.381487
-0.592835
1.13874
1.13874
1.13874
-1.1957
-1.1957
-0.20942
0.996146
-0.981535
-0.981535
-1.75275
-0.878589
-0.878589
-2.05324
-2.05324
-1.18944
-1.18944
-0.997624
-1.16699
-1.16699
0.787984
0.787984
-0.566236
-0.566236
1.01128
1.01128
0.767773
1.15278
0.729495
0.729495
-0.305559
-0.305559
-0.55944
1.09408
1.09408
-1.05383
-1.05383
-1.05383
1.02698
0.0811538
0.517355
0.517355
-0.400458
-0.400458
-0.400458
-0.400458
-0.400458
0.91293
0.91293
-1.14478
-1.14478
0.321659
0.321659
0.321659
0.675021
1.54323
1.54323
0.785355
0.989534
2.53969
1.64023
1.64023
0.196124
0.196124
1.7882
1.7882
0.348013
0.348013
-1.60803
-1.06002
-1.789
-1.29046
-0.669596
-0.669596
-0.669596
-0.669596
-0.669596
-0.669596
0.469084
0.32146
0.32146
-0.927808
0.34379
-0.583982
-0.583982
-0.583982
-0.583982
-0.583982
-1.09685
1.36419
-0.951094
-1.4219
-0.235549
0.459182
0.459182
1.17882
1.17882
1.17882
0.624734
0.783949
-0.610699
-0.610699
-0.610699
-1.37008
0.512069
0.512069
0.512069
0.512069
0.512069
1.59453
-0.307
-1.08063
0.322717
-0.219843
-0.219843
-0.219843
0.10351
-0.419309
-2.38883
-2.38883
-0.800711
1.01711
-1.59004
-0.0532696
-0.0532696
-0.0532696
1.26557
1.26557
1.26557
-0.884254
1.70874
1.70874
1.70874
1.70874
1.70874
-0.715672
-1.86416
-1.86416
-1.86416
-1.97597
-1.97597
-1.97597
-0.755468
-0.747024
0.588687
-0.796593
-0.796593
-0.796593
-1.68342
-2.44651
-2.44651
-1.6678
0.836856
0.836856
-0.463234
-0.463234
-0.463234
-0.894159
-0.894159
-1.12438
-1.32263
-1.32263
-1.32263
1.02847
1.02847
1.02847
1.02847
-0.205163
-0.205163
-0.205163
-0.396471
-1.61157
-1.61157
-1.61157
-0.596691
-0.197937
-0.197937
-0.197937
-0.197937
-2.03669
-0.422806
-0.422806
-0.422806
0.696446
-1.63705
0.870927
0.296247
0.569964
-0.402354
0.08705
0.332509
0.332509
1.64829
-0.916614
1.17611
1.17611
1.17611
1.17611
0.977588
0.977588
0.977588
-0.168481
0.794386
0.794386
0.794386
-0.843456
-0.843456
-0.843456
1.36268
1.36268
-0.46048
-0.46048
-0.88067
-1.40675
-0.584495
-1.15678
-1.15678
0.115586
0.115586
-1.86308
0.194768
0.194768
0.194768
-0.738585
0.0258498
0.0258498
0.270439
0.270439
-2.35839
-2.35839
-1.80915
-1.05526
-0.0276984
0.275726
-0.910875
-0.910875
-0.910875
-0.910875
-0.910875
-0.910875
-0.910875
-0.910875
-0.910875
1.51058
0.834958
-0.464902
-0.464902
-0.464902
-0.464902
0.633456
0.811661
0.219843
-2.02544
-2.02544
-2.02544
-0.0625169
-1.61631
0.735
-1.31613
-1.04853
-1.05828
-0.0438278
0.926478
-0.786526
-0.786526
-0.771521
-0.771521
-0.771521
-0.771521
0.638593
-0.790051
0.0285247
-1.5283
-0.684008
-0.684008
-1.37119
-1.19835
1.0568
1.54549
1.54549
1.54549
1.54549
1.0738
1.0738
-0.941005
-0.941005
0.0211214
-2.44472
-2.37148
-1.49009
0.487195
1.50391
1.50391
1.59806
-0.739433
0.45849
0.45849
0.45849
0.45849
0.45849
0.45849
0.45849
0.45849
-2.17029
-1.9139
-1.34424
-1.34424
0.97249
0.97249
0.97249
0.97249
0.97249
0.39794
0.39794
0.39794
-0.383829
-0.383829
1.14963
1.14963
1.14963
-0.588856
-1.75083
-1.90673
-1.08532
-0.0457048
1.43733
1.43733
-0.854919
1.11613
1.08131
1.06112
1.00343
-1.5293
-1.5293
-1.5293
-0.203954
1.61065
1.55049
1.61337
-0.956271
-0.956271
-1.15183
-1.15183
-1.15183
0.0849082
-1.24486
0.735491
-0.192521
0.716756
0.716756
0.716756
-0.375659
-0.454498
-0.454498
0.74806
0.74806
0.74806
0.285147
0.272652
0.272652
0.272652
0.272652
0.272652
-0.405673
0.322559
0.910489
0.910489
-1.25415
-1.25415
0.601154
1.16787
1.16787
2.64687
2.64687
0.830276
-1.12224
-0.391194
-0.346352
-0.622852
-0.622852
-1.35833
-2.10712
-1.13935
-1.13935
-1.13935
-0.697059
0.244342
1.25061
1.25061
1.25061
-0.970667
-0.310295
-0.310295
-0.310295
-0.293407
-0.744148
-0.744148
0.338982
0.338982
1.019
1.019
1.019
-1.58364
0.0498435
0.0498435
-0.425561
-0.425561
-0.425561
0.541143
-1.46576
-1.49374
0.312967
0.645105
0.054128
0.054128
-0.024852
-1.01793
0.0546619
0.0546619
0.0546619
0.0396351
0.316151
0.316151
-0.562794
1.67332
1.67332
-0.495656
0.903067
0.0993449
0.672828
-0.683054
-0.683054
-0.683054
-0.683054
-0.683054
-0.683054
0.147006
0.147006
-0.367062
-0.367062
-0.367062
0.0899048
0.0899048
-0.0533271
-0.0533271
-2.14364
-2.14364
-2.14364
-2.14364
-2.14364
-0.972105
-0.532107
-0.532107
-0.0912394
-0.0912394
0.37441
1.02725
-1.1513
-1.1513
0.91056
-0.844387
-0.844387
0.0931139
0.0931139
0.0931139
0.0931139
1.31289
1.31289
-0.447885
0.936943
-0.203869
-0.203869
0.69612
0.249766
-0.263466
-1.2482
-0.867168
-0.16736
0.100917
0.195851
-0.181738
-0.181738
-0.181738
-0.181738
0.310638
0.310638
-0.892991
-0.892991
-0.892991
-0.892991
1.45684
0.792577
0.792577
0.792577
0.792577
0.792577
0.792577
1.40592
2.78981
2.78981
2.78981
2.78981
0.338871
-2.30154
-1.98696
0.269401
0.823292
2.3066
2.36503
2.61424
1.55632
1.55632
1.55632
0.0121599
0.0121599
0.0121599
0.0260654
0.00831819
0.00831819
0.00831819
0.834628
0.834628
-0.754163
-0.754163
-0.754163
1.53755
0.847154
0.847154
0.847154
1.22546
1.22546
1.22546
1.22546
1.22546
-0.605706
-0.207055
-0.872131
-1.89686
-1.89686
-2.76147
-2.86555
-2.86555
-0.963494
-0.239852
-0.239852
-0.239852
-0.239852
-0.239852
-0.239852
-0.239852
-0.239852
0.624785
0.186623
0.662434
-1.6441
-1.29134
-1.29134
-1.29134
-1.29134
-1.0573
-1.0573
-0.374251
-0.374251
2.27024
-0.353715
-0.353715
-0.353715
0.320026
0.320026
-0.0416878
-0.13094
-0.13094
-0.13094
-1.5497
0.398683
0.398683
-0.16476
-0.16476
-0.647352
0.224568
0.224568
0.22386
0.22386
0.22386
-1.00567
-1.00567
-0.325843
-0.325843
-1.64953
-0.95106
0.888885
0.888885
0.888885
0.888885
-1.53873
-2.75692
-2.09684
-1.53727
0.974198
-1.67906
-1.67906
0.59292
-0.184771
-0.184771
-0.667758
-0.308054
-0.308054
-0.308054
-0.806981
0.777257
0.777257
0.777257
-1.0293
-1.73779
-1.73779
0.230034
0.230034
0.371918
-1.47393
-1.47393
0.351858
0.946624
1.09064
1.19992
-0.368575
-0.368575
0.736716
0.736716
0.736716
0.736716
0.734775
0.734775
-0.898837
-0.898837
-0.898837
-0.977388
0.341337
1.11717
-0.575175
-1.13041
-1.13041
1.11964
-0.959193
-0.959193
-0.959193
0.838995
0.0467237
-0.794785
-0.794785
1.52596
2.64836
2.64836
2.35166
2.25873
2.25873
0.317083
0.317083
0.317083
0.317083
-0.33673
-0.33673
-0.20456
1.35543
0.399744
0.399744
-1.7643
-1.7643
-1.7643
-1.7643
-1.7643
-1.7643
-1.24733
-1.24733
-1.24733
-2.2554
-0.437581
-0.437581
0.251111
0.251111
0.251111
-0.40838
-1.11343
-1.11343
0.73868
-1
0.0453452
0.0453452
0.0453452
0.364919
0.364919
0.474349
-0.793661
-0.895129
-1.50179
-1.50179
-1.50179
1.13429
1.13429
0.380972
0.159875
-1.76859
0.480599
0.480599
0.480599
0.480599
0.227629
-0.363532
0.507603
0.507603
1.3623
-0.684328
-0.684328
0.0706772
0.0706772
-0.0253815
1.42709
-0.118007
-0.630973
0.753461
0.753461
-0.000918995
1.62276
-0.896952
-0.896952
1.38883
0.324866
0.707313
0.707313
2.52405
1.14906
0.440775
0.440775
-0.394564
-0.572391
-0.572391
-0.572391
-0.572391
-0.572391
-0.572391
-1.44615
-0.330004
0.998544
-0.632977
-0.632977
-0.632977
-0.294452
-0.294452
-0.294452
-0.294452
0.326047
0.203924
1.67853
1.67853
1.67853
1.06523
1.06523
1.06523
1.99133
0.167478
0.167478
0.119134
0.94196
-1.13863
-1.13863
-1.13863
0.0124601
0.0124601
0.793625
-1.67339
-0.664985
-0.664985
-0.772304
-0.396005
1.60563
1.60563
1.8132
1.1641
1.38247
-0.186801
-0.186801
0.261306
1.74965
0.763305
2.0684
2.0684
2.0684
2.0684
2.0684
1.20013
-0.214816
-0.685287
0.501076
0.501076
-1.5488
-1.5488
-1.5488
-1.5488
-1.5488
-2.91585
-1.65827
-1.65827
-1.65827
-1.65827
0.941901
0.60307
0.60307
0.30336
0.30336
0.30336
-0.420462
-0.420462
-0.420462
-1.20028
1.03051
1.03051
1.03051
1.03051
1.03051
1.03051
1.03051
1.03051
1.03051
0.852004
0.852004
0.760156
0.760156
0.760156
1.2395
1.2395
1.2395
-0.396371
-0.589759
0.472587
-0.741332
-0.483601
1.77714
1.2353
1.2353
1.52487
0.113634
-0.882848
-0.882848
0.154909
-0.28744
-0.28744
-0.28744
-0.281197
-0.281197
2.15797
2.15797
2.29584
0.421649
-0.56835
-0.56835
-0.56835
-1.26224
0.521378
0.521378
0.521378
0.521378
0.521378
-2.03049
-2.03049
-2.03049
-2.45322
-2.45322
-2.45322
-0.022401
-0.0428035
-0.0428035
-0.809137
-0.640059
-0.640059
0.258923
0.858111
2.3037
1.35973
0.308245
0.308245
0.308245
-0.108416
0.913201
1.13188
-0.394736
-0.978155
-0.416253
1.1351
-0.571283
-0.571283
0.75662
-0.389704
-1.19871
-1.1135
1.11936
1.78966
0.394273
0.394273
0.0340653
-2.61656
-2.61656
-0.0511096
0.357207
0.357207
0.357207
-1.49499
-1.49499
-1.01873
-1.01873
-1.01873
-0.736212
-0.462215
-0.462215
-0.488512
-0.488512
0.938897
0.938897
0.938897
-1.34244
-1.34244
-0.441561
-0.441561
-0.441561
-0.441561
-0.901367
-0.901367
-1.32767
-1.32767
-0.44398
1.83266
1.83266
1.71861
1.71861
-0.695305
-0.695305
-0.588893
-0.532507
0.962486
0.962486
-0.596813
-0.596813
0.581981
0.577222
-0.956736
0.88404
1.14013
0.672153
0.672153
-1.19196
-1.19196
-1.19196
-1.19196
-1.19196
-1.19196
-1.19196
-0.179433
0.128068
0.128068
-0.00400993
0.173356
-0.331809
-1.49399
-0.169368
-0.169368
-1.0364
-1.0364
0.770067
0.770067
0.770067
0.770067
0.770067
1.97127
0.870344
0.870344
-0.06431
-0.06431
-0.06431
-0.996793
0.838559
0.838559
2.15457
2.15457
1.19272
0.295268
0.295268
1.05372
-0.460075
-0.460075
-0.460075
-0.460075
-0.223678
-2.73243
-2.73243
-2.43677
-2.43677
-1.36797
1.29954
1.29954
0.146859
-0.179792
-1.24109
-1.15839
-1.15839
-3.53351
-3.53351
-2.49602
-2.49602
-1.28174
-1.28174
0.194661
0.447368
0.447368
-0.269535
0.681536
2.09939
0.713339
0.713339
0.176744
0.176744
-0.75194
-0.75194
0.121622
0.138551
0.138551
0.138551
0.138551
0.138551
0.138551
0.138551
0.311994
1.05885
-0.553346
0.6881
0.6881
0.6881
0.146895
-0.251948
-0.251948
1.97253
1.97253
1.04823
0.171049
0.922721
0.922721
-0.0229896
-0.0229896
-0.0229896
0.747363
0.747363
1.13909
0.0298146
0.0298146
1.12319
1.12319
-1.51918
-1.51918
-1.51918
0.0832264
0.0832264
0.0832264
-1.15794
-1.15794
0.396004
0.396004
1.49928
1.49928
1.49928
-0.149343
-0.149343
-2.83367
-0.400595
-0.400595
-1.40135
0.257359
-0.110877
-0.110877
0.771488
0.771488
-0.902022
1.62904
2.18998
2.18998
2.18998
2.18998
1.39712
2.40693
1.71721
0.389995
0.608638
0.608638
0.608638
-0.892042
-1.44285
-1.19789
0.0621888
-0.819253
-0.819253
0.89159
-0.668079
0.505898
0.505898
-1.87803
-1.87803
-0.518775
0.0392106
0.727342
-0.59236
-0.59236
1.17547
1.17547
-0.931532
-0.931532
-0.931532
0.15643
0.15643
-1.5465
-1.74187
-1.74187
0.481795
0.481795
-0.538789
-0.538789
-0.538789
-1.19733
0.955132
0.955132
-0.0271266
-0.0271266
-0.0271266
0.463837
0.463837
-1.69386
0.618425
-0.362523
-0.362523
-1.58472
-2.00199
-0.794495
0.633746
-0.795815
0.8752
2.45873
2.45873
2.5352
0.735468
0.735808
0.520819
-1.03287
-1.03287
-1.03287
0.804101
-0.852118
0.389963
0.389963
-2.02591
0.173407
0.173407
0.173407
0.0321763
-1.6761
0.614318
-1.89435
-1.89435
0.143572
0.143572
0.143572
-0.919403
-0.919403
-1.40014
0.345653
0.345653
0.345653
0.345653
-1.54308
-1.54308
-0.0124819
-0.0124819
-0.0124819
0.706569
0.706569
1.2536
0.892506
0.892506
-1.48482
-0.631316
-1.85142
-1.55225
0.953978
0.953978
0.953978
0.953978
0.134249
0.298815
0.298815
0.298815
-2.27143
-0.494612
-0.331731
0.294804
0.294804
0.722737
-0.472427
-0.972774
0.330915
-0.525277
-0.525277
0.302565
0.302565
-0.0437963
-0.364866
-0.0529752
-0.0529752
-0.0529752
-1.12465
0.807493
0.763426
0.0758737
0.0758737
0.0758737
0.0758737
0.0758737
0.0758737
0.801014
0.801014
0.226779
1.22066
0.690192
0.685733
-1.06982
-0.276861
0.547493
-0.155177
1.32812
0.72759
-0.76635
-0.76635
-0.76635
-0.76635
0.241656
-1.07209
1.11482
0.949728
0.949728
0.894433
0.894433
0.894433
1.57895
-0.424033
1.09511
1.09511
1.09511
0.31264
0.31264
0.596196
0.596196
2.87121
0.205933
-0.0032015
-0.600713
-0.600713
0.710815
-1.62965
0.960307
0.551272
1.32496
-0.177194
-0.177194
-1.43203
-1.43203
0.455787
-0.393999
0.679745
2.17415
0.665793
1.05531
0.217726
0.217726
0.217726
-0.417727
-0.417727
-0.417727
-0.680658
-0.680658
-0.28571
-0.28571
0.0718967
-1.42966
-1.42966
-0.798389
-1.0702
-1.0702
1.26278
0.879698
0.879698
1.01052
-1.38529
-1.38529
0.976324
0.976324
0.234998
0.234998
0.234998
0.234998
0.234998
-0.825267
-0.438705
-0.0340641
0.471319
-1.88149
0.754327
-0.281959
0.159802
0.159802
0.652397
0.652397
0.652397
0.818157
0.194228
-0.309682
0.64613
2.35511
2.35511
1.45372
1.45372
1.45372
-0.14031
0.905469
-0.594698
-0.594698
-0.00849207
-0.00849207
-0.00849207
-0.375382
0.173184
0.173184
0.0943102
0.0943102
0.785828
0.785828
-0.281482
-0.281482
1.68468
0.00871973
0.00871973
0.00871973
-1.26331
0.770498
0.770498
-1.02465
-1.27151
-1.27151
1.21994
1.21994
1.21994
1.21994
1.58506
1.58506
-0.625711
2.04266
-0.430853
2.00632
2.24733
2.24733
0.616445
0.936012
0.500042
-0.994961
-0.349727
-2.13397
-2.13397
-2.13397
-2.13397
-1.68774
-1.68774
-0.156294
-0.156294
-0.297738
0.310692
2.55424
1.51092
0.688465
-0.239868
-0.239868
-0.239868
-0.239868
0.0826739
0.0826739
-0.737673
-0.737673
-1.36643
-1.36643
-1.214
-0.40069
-0.40069
-1.04765
0.332711
0.332711
0.332711
1.64654
-0.990618
0.974233
-1.14318
1.52045
1.83359
1.83359
0.759414
0.759414
0.759414
0.759414
-0.269535
-0.269535
-0.269535
-0.871543
1.41437
1.41437
-1.02179
-1.7841
-1.7841
-1.7841
-1.7841
-1.30271
-1.32268
-0.118241
1.58141
1.58141
-0.788331
-0.788331
-0.788331
-0.128465
0.499233
0.499233
0.499233
0.499233
1.37094
1.37094
0.306343
0.240335
1.43343
1.43343
1.03824
1.80323
2.51822
1.40755
1.40755
1.40755
0.231808
0.231808
-0.0854502
-1.32359
-1.16614
-1.96498
0.571519
0.434879
0.518892
0.518892
0.518892
0.357369
-0.507074
0.323983
-1.02959
-1.04729
-1.04729
-1.04729
-1.04729
-1.01023
-1.01023
-1.01023
1.61299
1.61299
0.341455
0.341455
0.341455
0.341455
0.341455
-0.564662
1.44948
1.44948
3.24146
1.48737
-0.859097
-0.859097
-0.859097
1.31035
-0.847936
-0.847936
0.971898
2.42135
2.42135
2.14573
1.73899
1.73899
1.73899
1.73899
1.73899
1.73899
1.73899
-0.394372
-0.394372
0.0140066
0.0140066
1.06922
1.06922
-1.21596
-3.0652
-3.56194
-3.56194
-3.74473
-3.94141
-3.94141
-3.94141
-3.94141
-4.44765
-2.25541
-1.76326
-1.76326
-1.76326
-1.76326
-1.76326
-1.76326
-2.15516
-1.75338
-1.75338
-1.84239
-1.84239
-0.109506
-0.109506
-1.03746
0.485635
1.24237
-0.223183
0.786385
-1.31186
-1.31186
-2.26159
-2.26159
-2.26159
-1.10839
0.0438035
-0.0758705
1.16839
-1.30371
-1.30371
-0.560542
0.307235
0.307235
-0.789961
-0.794972
0.85213
0.85213
0.85213
0.296468
0.296468
0.362089
2.91482
2.41071
1.95295
1.95295
1.95295
1.95295
1.62492
1.21332
1.21332
0.11901
0.11901
0.11901
-1.45
-1.45
-1.05265
0.396691
0.396691
-0.0137885
-0.0137885
-1.15729
-1.15729
0.124418
0.124418
0.0296311
1.63922
1.23206
0.719807
0.719807
0.909419
-1.10893
-1.10893
0.811772
0.811772
0.811772
0.811772
0.354325
0.666248
0.666248
0.666248
1.5843
1.5843
1.5843
1.17874
1.17874
-0.297367
-0.297367
0.848712
0.631273
0.631273
1.67346
1.67346
1.07501
0.980285
0.942265
0.942265
0.942265
-0.665578
-2.73964
-0.295568
-0.241268
-0.688013
1.45999
1.45999
1.94131
1.94131
1.94131
1.94131
3.04031
2.3044
2.3044
2.10824
1.2104
1.2104
-0.158833
0.0163531
-0.283537
1.66332
1.66332
1.66332
1.66332
1.66332
1.66332
1.66332
-0.518506
-0.518506
-0.518506
-0.518506
-0.518506
-0.346654
-1.40864
0.855016
3.03105
2.65627
2.49684
2.24801
-0.181065
-0.181065
-0.950321
1.27416
1.27416
1.27416
1.27416
1.03029
0.752122
-1.02336
1.15657
1.15657
1.15657
-0.417455
-0.417455
-0.417455
1.93983
1.93983
0.598085
0.598085
-0.743291
-0.743291
-0.743291
-0.815404
-0.815404
0.111493
0.111493
0.111493
0.994535
-0.871851
-0.871851
1.24734
0.668958
0.668958
1.31492
-1.19551
1.45504
2.12186
-0.0424626
-0.0424626
-0.0424626
-0.0424626
0.283704
-1.00964
-1.00964
-1.73632
-1.73632
-1.73632
-0.273357
0.568526
0.493275
1.77151
0.105897
0.105897
0.105897
0.105897
0.105897
0.105897
0.105897
-0.84168
-0.84168
-0.84168
-2.86365
-0.233305
0.0405633
0.914815
0.914815
0.914815
0.298993
0.298993
-0.400732
0.502666
0.502666
0.944773
-0.965583
-0.965583
-1.36596
-1.36596
-1.36596
-1.36596
-1.36596
-1.36596
-1.11332
-0.904187
-0.125835
-0.125835
-0.125835
-0.125835
1.2392
0.791057
-1.16433
-0.313599
-1.37976
-1.37976
-0.547464
0.265296
0.265296
1.12221
0.676267
-0.564136
-0.564136
0.332529
0.332529
0.425345
0.425345
0.337823
0.337823
1.59604
1.59604
0.41308
0.41308
0.41308
-0.347728
-0.475809
1.30697
-0.972479
-0.972479
-0.972479
-0.0585342
-0.052395
-0.052395
0.647446
0.418906
0.418906
0.418906
0.418906
1.03716
0.659259
-0.85655
-0.85655
-0.80144
-0.834956
0.434787
0.434787
-1.02674
-0.540936
0.87762
-1.57626
-1.57626
-1.57626
-1.57626
-0.609373
-0.609373
-1.56392
-0.267395
0.364676
0.364676
0.14687
0.14687
0.14687
0.12089
-0.936402
-0.936402
-2.22664
0.260425
0.260425
0.260425
0.260425
0.260425
1.53597
-0.30273
-0.30273
-0.30273
-0.30273
-0.30273
-0.30273
-0.30273
-0.30273
-0.30273
-0.44315
-1.02921
-1.02921
-1.02921
-1.38183
-0.707902
1.39136
-0.993077
-0.242629
-0.242629
-0.242629
-2.06979
-1.43285
-2.30325
-2.30325
0.0712469
0.0712469
0.138856
-0.769761
0.00626506
0.00626506
0.00626506
0.392027
-1.23071
0.50345
-0.933375
1.37485
1.37485
1.64837
1.08769
-0.186879
0.0471187
-0.705286
-0.705286
-0.144794
-0.144794
-0.144794
0.483438
0.483438
0.483438
1.82793
1.25248
1.37041
0.389773
-0.530041
1.37304
0.813753
0.813753
0.542442
-0.738205
-1.13824
-1.13824
-0.468238
0.390295
1.7852
-0.306472
0.527926
0.527926
0.527926
0.527926
0.531796
0.482426
0.482426
-0.506788
-0.506788
-0.506788
-0.0495073
-1.05569
-2.47176
-1.31606
0.0773619
1.12717
-0.11582
-1.1302
0.273612
0.273612
2.83403
2.25248
1.25249
1.25249
0.732809
0.732809
-0.764208
-0.764208
0.385636
0.385636
1.29423
1.29423
3.34629
1.24859
0.483698
0.950207
1.31846
0.355497
2.31376
0.625708
0.534287
-0.309405
-0.309405
-0.309405
-0.309405
-0.309405
-1.0559
-1.0559
-1.0559
-0.291403
1.26507
0.223302
0.969472
-0.310813
-0.310813
-0.310813
-0.310813
-0.513787
-0.513787
-0.513787
-0.249618
-0.305026
-0.305026
-0.854833
-0.854833
0.253391
-0.725701
-0.0286666
-0.0286666
-0.0286666
-0.0286666
0.519049
1.06811
1.0656
-0.072771
-0.072771
-0.072771
-0.072771
-0.072771
-0.072771
-0.072771
-1.92521
-1.62833
0.109077
1.13295
0.922121
0.922121
2.36974
2.36974
2.43334
0.85858
-1.12165
-2.02126
-1.08505
0.308282
0.308282
0.411449
-0.252013
-0.252013
-0.252013
2.08744
2.08744
-0.590889
-0.590889
1.23872
0.39275
0.39275
-0.454377
-1.90615
-1.75209
-1.75209
-1.09314
0.415471
1.19809
-1.09618
0.873765
-1.62566
0.640152
0.640152
0.640152
0.640152
-0.315447
-2.22561
-2.53096
-1.27311
0.797664
0.797664
-0.992931
-0.138212
-0.626507
-0.626507
-0.626507
-0.690479
-0.704277
-1.07381
-1.2315
-1.2315
-1.98833
-1.98833
-1.98833
-1.98833
-2.04193
-2.04193
0.16261
0.16261
-0.0526343
-2.23274
-1.05682
1.04985
-0.286456
0.558456
-0.819703
-0.0362027
-0.377239
-0.377239
-0.377239
-0.377239
-0.377239
-0.377239
0.877951
2.41832
2.41832
2.25212
0.918789
-0.729563
-0.729563
-0.729563
-0.955865
-0.218625
-0.199135
-0.199135
-0.199135
-0.481514
-0.481514
-0.481514
-0.485672
-0.24666
0.195556
-1.07552
-0.757667
-0.757667
-0.757667
-0.757667
0.539866
0.290515
0.290515
0.290515
-0.939315
0.0205928
0.0205928
0.0205928
1.10604
1.10604
1.10604
1.10604
1.67498
-0.7869
-1.76956
-0.174193
-0.174193
-0.174193
-0.818497
-1.81059
0.452711
0.452711
0.452711
-1.37033
-1.37033
0.780243
-0.997519
0.574021
0.574021
0.635799
-0.0993958
1.82796
1.93354
-0.446919
-0.272307
-0.272307
-0.272307
0.240134
0.240134
0.240134
0.0502276
1.56933
1.38322
1.02964
0.317166
0.317166
-0.813988
-0.892334
-1.459
-1.459
0.864544
-0.844009
-0.346846
-1.11381
1.17486
-1.33992
-1.33992
-1.33992
-0.662981
-0.0308983
-1.08629
-1.08629
-1.24967
-0.456069
-1.42503
0.639556
0.639556
0.0177343
1.71059
1.71059
2.51158
1.44395
-0.113758
-0.113758
-0.113758
-0.113758
-2.1697
0.302286
2.75774
3.05982
3.05982
2.84541
2.84541
2.84541
3.10656
0.848236
0.848236
0.848236
-0.23457
-0.743665
-0.743665
-0.743665
-0.743665
-0.140313
-0.140313
-0.140313
-0.140313
-0.594693
1.33242
1.39496
1.27599
1.27599
1.27599
1.99147
1.99147
1.99147
1.99147
1.99147
3.59899
2.82138
1.68376
-0.488807
-0.806662
-0.806662
-0.806662
-0.806662
-1.22574
-1.95286
-1.95286
-1.95286
-1.68516
-1.53985
-0.161601
-0.161601
-0.161601
-0.161601
-0.161601
-0.161601
0.755238
-1.02164
0.395418
-0.58434
0.26719
0.26719
0.26719
-0.115715
0.780147
-0.141074
-2.1138
-1.20632
-1.20632
-1.20632
-1.20632
-1.34941
-1.34941
-1.34941
-1.34941
0.270107
-1.04461
-0.558815
0.755791
0.755791
1.0847
1.0847
1.0847
1.0847
-1.36237
-0.368172
-1.7013
0.916516
-0.769879
-0.769879
-0.769879
-0.310948
-0.568584
0.449162
0.449162
0.449162
0.449162
0.609964
0.609964
0.609964
0.609964
0.609964
0.609964
0.187145
-2.3944
-2.3944
-2.55411
-1.32367
-1.32367
-1.32367
0.064127
0.064127
-0.682363
-1.47333
-1.09035
-0.449039
-0.449039
0.843985
-0.0894258
-0.0894258
-0.939583
-0.0354592
-0.0354592
-0.0354592
1.15234
0.0575033
0.726547
1.77737
2.27896
1.38615
-0.724729
1.51498
0.708792
0.708792
0.708792
0.708792
2.51443
2.51443
2.51443
2.51443
2.51443
2.51443
0.58991
-0.0875367
-0.504329
-0.504329
0.16875
-1.12299
-1.74234
0.790924
0.790924
-1.00995
-1.58536
-1.58536
-0.563777
-0.563777
1.3417
1.3417
0.411497
0.0591262
-0.685573
-0.250597
-1.65687
-1.65687
-1.11134
0.671116
2.22798
2.22798
0.250245
0.250245
0.250245
0.250245
0.769813
0.769813
0.769813
2.92732
2.22562
0.717217
0.717217
0.678124
-0.469828
-0.469828
1.92764
1.92764
0.131147
-0.785558
1.23163
-0.857318
-0.857318
-0.857318
-1.76608
-1.76608
0.375793
0.417977
0.417977
0.417977
0.417977
-1.98444
0.475388
2.57473
0.726266
0.16025
-0.476218
-1.90293
-0.591943
-0.861745
-0.541606
1.47456
-0.158159
-0.158159
0.698152
0.698152
0.698152
0.698152
1.01677
1.01677
1.01677
1.01677
-1.61142
-1.4126
-1.4126
-1.4126
-2.46316
-2.46316
-0.176896
0.271217
-0.0460923
0.125023
0.125023
1.89897
0.62007
1.38239
-0.47489
0.67354
0.67354
-0.122283
-2.44601
-2.92616
-2.92616
-1.11403
1.48246
1.58049
1.58049
1.58049
1.58049
1.58049
-0.899823
-0.256414
-0.256414
-0.256414
-0.286567
-0.286567
0.561736
0.561736
0.561736
0.561736
0.561736
0.561736
0.561736
-1.72941
-1.35255
-1.35255
-1.35255
0.872706
-0.591589
-0.591589
-0.591589
-0.591589
-0.0494783
-0.726514
-0.726514
-0.839748
-0.839748
-0.839748
-0.263434
1.0079
1.15606
1.15606
-0.396586
-0.396586
-0.608387
-0.608387
-0.608387
-0.608387
-0.608387
0.559391
0.65419
0.65419
0.65419
0.65419
1.07628
1.07628
0.332534
0.894908
-0.882598
1.09545
1.09545
2.40956
1.81976
0.0294068
0.0294068
0.412562
-0.571801
-0.571801
-0.571801
1.22346
1.12683
1.12683
1.12683
1.12683
1.12683
-1.32849
0.455878
0.455878
0.455878
-1.26278
-1.26278
1.17824
1.87688
1.87688
-0.807562
-0.807562
-1.70021
-1.5366
-1.5366
0.129164
0.129164
1.58008
1.58008
-0.622539
-0.999676
-0.999676
-1.96599
-2.17037
-0.372694
-0.372694
-0.372694
-0.555686
-0.555686
0.583014
-0.92859
-0.92859
-0.92859
-0.92859
-0.104813
-0.104813
-0.104813
-1.39109
-1.61763
-1.61763
-1.61763
0.208742
1.34624
1.34624
1.15992
1.72346
1.81542
1.73394
-0.066669
-0.066669
-0.066669
-0.066669
-0.066669
-0.066669
-0.066669
0.6182
0.6182
-0.606229
1.73759
0.437278
0.437278
0.437278
0.437278
0.437278
0.437278
0.60892
0.60892
1.28162
0.528137
0.528137
-0.484535
-0.484535
0.252957
0.452412
0.452412
0.452412
0.944517
0.162664
0.3083
0.3083
0.3083
0.3083
0.3083
0.3083
0.3083
0.3271
0.3271
-1.59045
-1.34804
0.724155
-0.0105275
-0.0105275
-0.0105275
-0.0105275
1.39449
1.39449
0.318016
-1.46793
-1.46793
-0.929752
-0.929752
-0.929752
-1.26053
-0.655494
1.37753
-1.06923
-1.33793
1.21635
-0.688488
0.626632
0.626632
0.626632
0.276966
0.276966
-0.852446
0.328897
-0.213784
-0.213784
0.0790377
-0.0162592
-0.0162592
-0.0162592
-0.0162592
-0.0162592
0.828723
-0.060464
-0.060464
-0.060464
-0.060464
0.443352
0.443352
0.443352
0.443352
-1.10853
-1.10853
-1.48808
1.03994
-1.38353
-0.842904
0.883099
-0.784209
-1.15988
-1.15988
1.0284
1.62067
1.38285
-0.827588
0.288899
0.288899
0.752282
0.093102
0.093102
0.662748
-0.178415
-0.178415
-0.282153
-0.282153
-0.239471
-0.239471
0.832249
-0.439155
-0.439155
-0.439155
-0.439155
-0.439155
-0.81608
0.027267
0.027267
0.027267
0.027267
0.027267
-0.728675
0.39905
0.39905
0.39905
0.743702
0.765223
2.49427
2.49427
2.49427
0.0177315
0.0177315
0.0177315
0.0177315
0.0177315
0.124918
0.124918
-1.20716
-1.20716
0.873769
-0.132279
-0.132279
-0.132279
-0.132279
-0.132279
1.54601
0.896664
1.26102
1.26102
1.26102
1.26102
3.33738
2.59619
2.59619
2.16853
2.16853
2.16853
-0.202625
-0.202625
0.444609
0.444609
0.523552
1.04914
-0.644629
-0.644629
-0.957746
-0.957746
0.983367
1.36388
1.36388
1.36388
2.61184
1.70889
1.93705
1.93705
1.24291
0.216797
0.435488
0.435488
-0.781267
-1.1056
-0.225527
-0.225527
-0.225527
-0.225527
-0.298265
-0.298265
0.434471
0.434471
0.434471
0.434471
0.434471
-0.0835796
-0.0835796
-0.0835796
-0.0835796
-0.30923
-0.30923
-0.348377
-0.348377
0.202269
-0.498543
-0.498543
-0.349989
-0.349989
-0.349989
-0.349989
-0.349989
2.06911
0.311806
-1.26142
-0.873259
0.0396309
0.160009
0.160009
0.160009
-0.867545
-0.867545
-1.80858
-1.80858
-0.23566
0.38663
0.38663
0.38663
0.38663
1.42487
1.42487
-0.572967
0.740981
-0.472369
-0.375976
1.7379
-0.127195
0.508773
-1.03579
-0.269477
-0.269477
-0.269477
0.528295
0.582885
0.582885
0.582885
0.582885
0.582885
0.787919
0.787919
0.787919
0.91282
0.91282
-0.689708
-0.689708
-0.689708
1.31077
1.31077
1.31077
-1.31913
-0.286216
-0.286216
-0.286216
-0.286216
-1.72515
-2.18311
-2.18311
-1.7034
0.359561
-0.592831
0.229967
0.190142
-0.183425
0.568055
1.51888
-0.00506109
-0.00506109
-0.00506109
0.57377
1.17788
1.15137
0.520096
-0.687135
-0.687135
0.515641
0.515641
0.648359
0.648359
0.648359
1.71294
1.71294
1.6638
1.6638
-0.177207
-0.177207
-0.177207
0.668816
2.10875
-0.464544
-0.464544
-0.464544
-1.04253
-0.502711
-2.0418
-1.70255
0.586793
-0.801374
-0.0101233
-0.0101233
-0.580578
-0.551559
-0.551559
-0.551559
0.742334
0.35137
0.35137
-0.0124171
-0.0124171
-1.57937
-2.04816
-2.04816
-0.794154
-0.794154
-0.579203
-0.447928
-0.447928
-0.447928
-1.17135
-0.464017
0.809305
0.562287
0.562287
0.194833
-0.115906
-0.115906
1.65168
-1.0381
-1.23365
-1.23365
-1.23365
-1.22382
-0.287366
1.20034
0.138325
-0.163944
-1.19624
-0.14571
0.145408
1.54342
-0.871478
-0.871478
-0.21802
-0.21802
-0.21802
0.402552
1.47979
0.85377
0.85377
2.79271
2.79271
2.79271
2.79271
2.79271
2.79271
0.938285
0.938285
0.486972
0.486972
0.33582
0.33582
-0.125657
-0.125657
-0.125657
-0.125657
-0.425793
0.475945
0.475945
-0.828924
-0.136972
-0.136972
2.43128
2.43128
1.94467
0.528867
0.528867
-0.893776
0.708016
0.708016
0.708016
-0.825917
-1.88825
-2.26457
-0.588002
-0.588002
1.46668
0.0297987
1.57443
1.2491
1.2491
1.2491
1.27105
1.27105
1.27105
1.27105
0.397704
-0.0336445
0.694412
0.694412
-0.0383143
-0.0383143
0.485629
0.485629
-0.793514
-3.04083
-3.04083
-3.04083
-2.46297
-1.48694
1.16938
0.319794
2.05481
1.48442
1.34295
1.34295
0.97934
0.97934
-0.948409
0.716453
-0.114339
-1.0385
0.0267174
0.0267174
0.0267174
-0.0977783
-1.4242
0.0893876
1.13306
3.03613
3.0194
2.87488
2.87488
1.77588
1.77588
0.660463
0.660463
0.660463
0.660463
0.660463
-1.43145
-0.0427512
0.618452
0.618452
-0.444806
-0.444806
-0.444806
-2.35323
0.297342
1.40536
1.40536
1.40536
0.194934
0.194934
-0.870689
0.457751
-0.544259
-0.485595
-0.485595
-0.485595
-0.917181
-0.917181
-0.161361
-0.161361
-0.882288
1.56051
1.12278
1.12278
1.55875
0.855162
0.855162
0.855162
1.43061
1.42667
-0.975667
-0.975667
0.23882
1.29627
-0.542668
-0.542668
-0.542668
-0.542668
-0.542668
-0.460432
0.29595
0.29595
0.29595
0.29595
0.29595
0.60096
-1.46049
0.073928
0.073928
0.073928
0.073928
0.073928
0.073928
0.073928
0.993917
0.993917
0.993917
0.993917
-0.0784051
-0.841444
-0.841444
-0.841444
-3.02202
-3.02202
-2.81572
-0.209419
-0.209419
-0.209419
-1.49238
-0.337417
-0.337417
-0.337417
1.5129
1.5129
1.5129
0.512356
0.691352
0.691352
0.0647886
0.907349
-0.645137
-0.719064
-0.223358
-0.462163
0.270668
2.02931
1.98708
1.98708
1.28459
1.28459
-0.486143
-0.486143
-1.08938
-2.14772
0.473347
0.0477187
0.0477187
0.0477187
0.0477187
0.336547
0.507584
-1.26825
-1.25408
-1.1235
0.708153
0.708153
0.708153
0.708153
1.28799
1.28799
0.956274
0.54476
0.54476
0.54476
0.54476
-0.00947352
-0.00947352
-0.700065
-0.700065
-0.700065
-0.700065
-0.916609
-0.840145
0.552588
-0.561248
-0.561248
1.54517
1.54517
1.66834
-0.655368
1.19696
1.19696
0.653999
-0.00541048
-0.00541048
1.0184
1.0184
-0.828866
-0.459404
1.41701
1.41701
1.41701
0.430439
0.430439
0.430439
1.88433
1.61302
1.32498
-0.0565064
-0.0565064
1.87671
-0.58699
-1.05039
0.222424
-2.28437
-2.28437
-2.28437
-0.891646
1.26525
1.26525
1.20219
1.20219
1.20219
1.21547
1.21547
-0.229358
-0.252392
-2.54869
-2.15524
0.274258
0.215519
1.13897
1.07783
1.39144
1.58989
-0.130442
-0.130442
-0.130442
-0.55256
-0.55256
-0.55256
0.30603
-1.80959
-1.80959
-1.3701
-3.56061
-3.56061
-3.56061
-1.57889
-1.95027
-1.85041
-0.102037
0.489427
1.53922
1.53922
1.53922
1.53922
1.24207
1.24207
1.24207
1.24207
0.811733
1.33804
-0.511874
-0.511874
-1.01879
-1.01879
-1.67439
-0.476881
-0.793424
-0.793424
-0.502768
-0.502768
-0.956458
-0.956458
-0.956458
-0.956458
-1.53616
-1.91459
-1.91459
0.436135
0.804566
0.804566
1.27802
1.27802
1.27802
1.10958
1.10958
1.10958
1.10958
1.605
0.506534
-1.59193
-0.0694782
-0.0694782
-0.0694782
-0.615582
-1.19871
-1.54571
-1.54571
0.292166
0.292166
0.435319
0.435319
-1.85631
-1.37564
0.578018
0.578018
1.3439
1.84329
2.48247
2.48247
1.4749
-0.36506
-0.36506
-0.36506
-0.36506
0.118795
-0.519954
-0.519954
0.353857
1.17749
-0.63169
-0.63169
0.0517451
0.0517451
0.0517451
1.39331
1.65413
1.45586
0.119144
1.25379
2.5397
2.5397
1.944
1.052
-1.22621
0.839218
0.839218
0.839218
0.839218
0.839218
2.08921
1.12558
2.25701
2.25701
2.25701
-0.101915
-0.101915
-0.101915
0.29494
-0.171779
-0.679096
-0.679096
-0.679096
-0.561526
-0.561526
-0.561526
-0.561526
-0.443639
-1.16134
-1.16134
-0.229641
-0.229641
-0.535098
-0.535098
-0.535098
-0.535098
-0.535098
-0.535098
-0.535098
-0.535098
-0.535098
-0.517854
0.653372
0.653372
0.653372
-0.986727
-1.40668
0.778379
-1.70186
-1.70186
0.725498
0.725498
0.725498
0.725498
1.4223
0.159953
0.411418
0.411418
-1.09816
-1.09816
-1.09816
-1.09816
-1.09816
-1.09816
-0.0765285
0.115644
0.0934028
1.52183
-0.120078
-0.723227
-0.723227
-0.723227
1.19935
-1.15748
-1.75117
-0.659715
1.54729
-0.160869
-0.160869
-1.14022
-1.10028
-1.10028
-1.2677
-1.2677
-0.356152
-0.356152
-0.359316
0.16705
1.59446
1.59446
1.59446
1.59446
1.59446
1.59446
-0.507916
-0.507916
-0.50337
-0.50337
1.26653
1.26653
1.26653
-0.603642
0.596745
0.596745
-0.527134
-1.23493
0.0658279
0.0658279
0.0658279
0.0658279
0.0658279
-0.471326
-0.471326
-0.471326
1.29269
-0.706161
-0.564027
-0.564027
-0.4737
1.18854
1.18854
1.18854
-0.0565065
-0.0565065
-0.0565065
-0.0565065
-0.0565065
-0.0565065
-0.0565065
1.60041
-0.118593
0.139016
0.139016
0.139016
0.139016
0.139016
1.22419
1.22419
1.22419
0.514023
0.514023
0.175818
0.175818
-1.20565
1.21115
1.46129
1.46129
1.46129
0.27551
0.27551
0.691241
-0.937686
1.42131
1.99631
2.261
0.412903
-0.650612
1.1387
1.1387
1.1387
0.671272
-1.61091
0.629506
1.61145
-0.638468
-0.638468
0.925704
-0.297087
-0.812178
-0.812178
-0.0166799
-0.0166799
-0.85846
-0.85846
-0.0985774
-0.0985774
-0.0985774
2.07397
-0.070966
-0.070966
-0.511713
-0.511713
1.12533
1.43521
-0.454894
-0.454894
-0.454894
-2.22933
-0.18809
-0.18809
0.119419
0.119419
-0.859087
0.710519
0.0993954
-0.270634
-0.270634
-0.542683
-0.27713
-0.27713
-0.27713
-0.27713
1.42289
0.121986
0.121986
0.497873
-1.11628
-0.00505055
0.0481893
1.14538
-0.350824
-0.605384
-0.605384
0.503846
0.503846
-1.44523
-0.605743
0.225061
0.225061
0.213567
0.0808972
-0.0934766
0.191529
0.191529
0.191529
0.191529
0.191529
0.964797
0.964797
0.964797
-0.778169
-0.778169
-0.743348
-0.743348
-0.743348
-0.743348
1.40364
-1.20912
-1.16496
1.18731
1.18731
0.0893116
-0.191975
-0.191975
0.805404
0.805404
-1.38338
-1.38338
-1.62586
0.782251
-1.4044
-0.436904
-0.436904
-0.489727
0.400701
1.27018
1.20163
1.20163
-1.04085
-0.944691
-0.481206
-0.481206
0.249948
1.17414
0.966032
0.605765
0.605765
1.04478
0.423927
0.423927
-0.896763
1.03609
1.03609
0.906165
2.92878
0.391476
1.75958
-0.218076
-0.95809
0.0506287
0.498533
0.498533
0.665253
0.665253
0.665253
0.800557
-0.662814
-0.662814
0.325039
1.04658
1.04658
1.86375
1.88006
0.881037
0.701285
-1.29822
-1.29822
-0.833525
0.610232
0.610232
0.610232
0.610232
0.512325
-1.58363
-1.30557
-0.350721
-0.350721
0.730182
1.47145
0.146531
-0.170249
-1.2683
0.449973
0.449973
-1.00104
-1.00104
-1.00104
-1.00104
-1.00104
-1.00104
-1.00104
-1.00104
-1.00104
-0.590498
0.657819
0.0686368
-0.391557
0.450104
-0.163422
-0.163422
0.531227
-1.49975
0.491649
0.491649
0.849552
0.612258
0.612258
0.612258
0.765807
2.19184
1.87755
1.40563
-0.621382
-0.621382
-0.621382
-0.418289
-0.822672
-0.822672
-0.822672
0.892782
0.892782
0.34826
0.641683
0.104854
0.104854
0.104854
0.104854
0.104854
0.336688
0.336688
0.385104
0.408485
0.408485
0.383502
-0.844676
-0.844676
0.35044
0.35044
0.35044
1.88209
1.88209
0.28451
0.28451
0.738869
0.738869
-0.9951
-0.9951
-0.9951
0.00139135
-1.58638
1.00695
0.205745
0.205745
0.370584
-0.316924
-0.316924
1.81611
1.03487
-0.431046
0.163441
0.163441
0.163441
0.163441
0.163441
0.163441
0.539177
1.45354
0.426257
0.426257
-1.36105
-1.36105
-1.09148
-1.09148
-1.09148
0.303418
2.08038
2.08038
2.08038
-0.0357108
-2.30557
-2.40384
-2.24723
-2.24723
-2.41039
-0.910664
-0.510849
1.83779
1.83779
1.41447
1.41447
1.41447
-0.776719
-0.776719
0.297923
0.297923
0.297923
-0.050094
-0.0197989
-0.0197989
-0.325445
0.90688
-1.33557
-0.0247495
2.42172
1.70291
1.70291
2.14269
0.38935
0.897226
1.86468
1.42685
1.42685
0.0544417
0.193
0.193
0.193
0.193
0.193
0.193
0.193
-0.160984
-0.160984
0.899609
-1.33022
1.04085
-0.204456
-1.17414
-0.334268
-0.334268
1.32618
0.0759606
0.0759606
0.735171
0.735171
-0.654139
-0.654139
-0.654139
-0.654139
-0.66369
-0.66369
-0.66369
-0.66369
-0.66369
0.783114
0.783114
0.783114
1.40127
-0.0673484
-0.0673484
0.689481
0.689481
-0.922099
-0.922099
-1.4547
-1.4547
-0.0567224
-0.0567224
-1.08932
-1.08932
1.23245
1.23245
1.23245
-0.889574
-1.23613
-1.23613
-1.24085
0.262217
-0.123393
1.14473
1.14473
0.425572
0.425572
0.425572
1.69118
2.53457
2.53457
-0.093575
0.0484721
0.0484721
0.230126
0.230126
0.230126
-0.598733
-0.598733
-0.598733
1.28158
1.28158
1.40279
1.37135
-0.216544
-0.0621452
-0.0621452
-0.0621452
-1.43554
-1.43554
-0.256899
0.460466
0.460466
0.460466
-0.115852
-0.41058
-1.41902
-0.489744
-0.489744
0.136336
0.837107
0.837107
-0.0402946
-0.0402946
-0.0402946
-1.47847
0.00117462
0.00117462
0.989234
0.989234
0.989234
0.641279
0.490886
0.490886
-1.30294
1.12272
1.94544
1.63489
1.63489
1.63489
0.872544
0.872544
0.872544
0.872544
0.872544
0.964776
0.964776
1.8621
1.8621
-0.562366
-0.225942
-0.7045
0.0527207
0.461548
1.78238
0.186572
0.186572
-0.473244
0.777895
1.9073
-0.301812
-0.301812
-0.301812
-0.301812
1.16676
1.16676
1.15101
1.15101
1.15101
-0.145046
-0.145046
-0.145046
-2.1777
0.0933386
0.0933386
-2.30013
0.129687
0.129687
0.129687
0.129687
0.129687
0.129687
0.945647
-1.30718
1.03348
-0.746789
-0.746789
0.254156
0.254156
0.254156
0.254156
0.254156
0.0762105
0.0762105
0.0762105
0.0762105
0.355772
-0.00895346
-0.22937
-0.121086
-0.967101
-0.967101
-0.967101
-0.142509
-0.142509
0.409078
0.0297354
0.382522
-1.13065
-1.13065
-0.130848
-0.79991
-0.735221
1.9153
1.9153
0.242827
-0.49332
-0.49332
-0.49332
-0.49332
-0.382477
0.920246
0.523106
-0.130697
-1.00667
-1.00667
0.325675
-1.79486
-1.99938
-1.99938
-0.46254
-0.46254
-0.46254
-0.46254
-0.46254
-0.46254
1.29043
1.3193
-0.986914
-0.357664
-0.357664
0.0543316
0.877811
-1.71287
-1.5154
-1.5154
0.344115
0.656839
0.387353
0.387353
0.387353
0.387353
0.387353
0.490364
0.518345
0.518345
1.86023
1.98311
1.98311
-0.534767
-0.534767
1.07794
-0.973117
-0.973117
-0.973117
0.424823
1.09068
-0.740111
-0.740111
-1.42943
-1.42943
0.944431
-0.40805
0.982225
-0.0778432
-0.899863
-0.36997
1.1934
-0.690279
-0.690279
1.22911
1.22911
1.22911
-0.386574
1.45549
1.45549
-1.22266
-1.22266
-1.22266
0.77059
0.77059
0.77059
-0.554073
-0.554073
0.330742
0.330742
0.330742
0.330742
0.638637
-1.62712
-1.62712
-1.20896
-1.20896
-1.02945
-1.02945
-1.02945
1.02436
1.238
1.50197
-0.153963
-0.153963
-0.665756
-1.39759
-0.286006
-0.286006
-0.286006
-0.286006
-0.511261
-0.291275
0.478219
0.950853
1.31492
1.31492
1.31492
1.52609
1.52609
0.443185
-2.19096
-2.19096
-2.19096
-0.0991708
1.7326
0.685002
-0.517079
-0.517079
-0.517079
-0.22955
0.344511
0.497961
-1.42015
0.164794
-1.94518
-1.94518
-1.94518
-2.68765
-2.68765
-2.68765
-2.68765
-2.68765
-2.68765
-0.639603
1.22516
1.22516
-0.997493
-0.997493
0.553142
-0.308183
0.156745
0.156745
0.45772
-0.193505
-0.329744
-0.329744
-0.734999
1.01597
1.01597
1.01597
0.146168
0.146168
2.10342
2.10342
0.821447
1.25426
1.25426
2.21235
-0.346196
-0.346196
0.779709
2.03595
2.03595
2.75852
2.75852
2.75852
2.75852
2.75852
3.45455
3.45455
2.48438
0.630131
-1.14255
-1.14255
-1.38056
0.488693
-0.1658
-0.1658
-1.53868
-1.54579
-3.68508
-1.06639
0.784511
0.784511
0.66408
0.66408
-0.827944
0.745794
0.658104
0.719909
0.719909
2.01923
2.01923
-0.451789
-1.85284
-1.85284
-0.767928
0.895883
0.895883
0.15916
-1.46225
-1.46225
-1.46225
-1.46225
-1.46225
-0.305125
-0.305125
-0.78173
1.21424
1.21424
1.21424
0.791556
0.791556
0.0335228
1.05419
1.05419
0.360675
0.360675
0.360675
-1.06771
0.871176
0.73819
0.73819
-0.878076
-0.31276
-0.31276
-0.31276
-0.31276
-0.31276
2.36544
0.329477
0.329477
0.329477
0.329477
1.84234
1.84234
-0.108603
-0.108603
-0.108603
-0.108603
0.279205
0.279205
0.279205
-0.0504501
2.49094
2.2777
2.2777
0.299721
0.299721
0.0566613
1.38765
1.04714
-0.947418
-0.947418
-0.209136
1.23151
-0.790652
-0.790652
1.21625
0.22101
-0.581624
-2.20024
-1.53102
0.470029
0.864589
0.864589
0.864589
-0.191322
-0.191322
1.33108
1.33108
0.266717
0.266717
0.612194
0.612194
-1.73631
-1.73631
-0.286792
-2.04261
-2.04261
-2.04261
-2.04261
-2.04261
0.268504
0.268504
0.268504
-1.04209
-1.01683
0.493042
-1.42892
-1.42892
0.355969
0.355969
-0.653238
-0.653238
-0.653238
-0.653238
-0.653238
-0.994785
-0.335051
-0.335051
1.92669
1.11301
1.11301
-1.30603
-1.30603
1.0368
1.0368
-0.898443
-0.898443
-0.898443
0.136031
1.87741
1.87741
1.29995
-1.18773
0.237777
0.237777
0.237777
-0.022539
-0.022539
-0.022539
-0.022539
0.422796
-1.74146
-2.11104
-0.116183
0.503008
0.0418777
0.0418777
-1.56319
-0.747281
1.72713
1.72713
0.00250821
0.00250821
-0.476305
-0.476305
-0.476305
-0.234134
-0.234134
-0.234134
-0.234134
-0.428436
0.981029
0.357729
0.357729
0.357729
0.324312
1.22732
-0.553569
-0.0367355
-0.0367355
1.22994
-1.35016
-0.753883
0.557807
0.557807
1.22675
1.22675
1.22675
1.22675
0.810682
-1.56984
-1.56984
0.188102
0.606756
0.606756
0.606756
1.32163
-0.155705
-0.155705
-0.155705
-0.155705
-1.98403
-0.846816
-0.846816
-0.938937
-0.938937
0.0577525
-0.445262
-0.067774
-0.067774
-0.863296
-0.863296
-1.95423
-1.95423
-1.95423
-1.95423
-1.95423
-1.84375
-1.84375
-1.41507
-1.41507
-1.41507
0.490606
-1.60856
-1.93866
-1.93866
0.130863
1.55152
1.55152
1.55152
1.55152
-0.599249
-0.599249
-0.741163
-0.684849
-2.28987
-1.14199
0.998326
0.998326
0.829854
-0.347344
-0.347344
-0.0981447
0.0307744
-1.09396
-1.09396
-1.09396
-1.09396
-1.09396
-3.78386
-1.54955
-1.56112
-1.56112
-1.22943
-1.66984
-1.66984
0.241262
0.241262
0.241262
0.241262
0.241262
0.241262
0.79936
-1.62469
0.624491
0.624491
0.624491
0.624491
0.624491
-0.76823
-0.509327
-0.509327
-0.509327
1.19025
1.19025
1.19025
1.19025
-1.32732
-1.32732
-0.191631
0.46199
0.46199
0.46199
-0.165821
-0.165821
1.02292
-1.33947
-1.33947
-1.33947
1.22815
1.22815
1.22815
1.22815
1.22815
1.22815
0.559817
0.559817
0.351977
1.38951
0.0353832
0.0353832
0.0353832
0.0353832
1.22086
1.22086
1.22086
1.22086
0.24115
0.24115
-0.614343
-0.614343
-0.521992
-0.0968601
1.56039
1.56039
-0.983963
-0.983963
-0.983963
-0.983963
0.00526581
0.999386
1.69654
1.69654
0.726243
0.726243
-0.541513
-0.782401
-0.782401
-0.782401
-0.782401
-0.782401
0.0653435
0.0653435
0.0653435
0.0653435
-1.37564
-1.37564
-1.37564
-0.638055
0.915324
0.915324
0.915324
1.93574
1.93574
1.93574
-0.411964
-0.411964
-0.855828
-0.855828
-0.855828
-0.855828
-0.835846
-0.835846
1.55706
-0.157435
-0.157435
-0.412263
-0.412263
-0.412263
-0.412403
1.10831
1.42998
-1.19206
-1.20048
-1.03909
0.736237
0.736237
0.736237
0.736237
0.736237
-0.871527
-1.04597
1.2698
0.0857186
-0.870127
-1.16235
-0.55278
0.884381
0.133634
0.133634
-0.983875
1.22975
1.22975
1.93391
1.93391
-0.160659
-0.160659
-0.160659
0.0630161
-0.162247
-0.162247
1.00432
1.00432
0.12654
-0.379678
0.261101
0.00135299
-0.300443
2.13603
1.16398
0.763017
0.763017
0.763017
0.414083
-0.681523
-0.681523
-0.681523
0.862261
0.862261
0.141159
0.141159
-0.625543
-0.625543
-0.625543
-0.625543
-0.244808
-0.244808
-0.244808
-0.244808
-0.244808
-0.244808
-0.244808
-0.244808
-0.244808
0.677156
-0.800832
-1.02444
-1.02444
-1.02444
-1.43835
-1.43835
-0.890312
-0.890312
-0.890312
1.1495
2.15606
2.15606
0.67311
0.67311
-0.41704
-0.41704
-0.102128
-0.414717
0.309532
1.06101
1.06101
1.06101
1.06101
-1.4871
-0.974727
0.753105
1.21859
0.09028
-1.54891
0.974249
-0.0398817
-0.0398817
-0.533133
-0.533133
1.02868
1.1513
1.1513
-1.00743
0.872615
0.888969
0.888969
0.888969
0.888969
-1.31256
-1.31256
-1.31256
0.614743
-0.255826
-0.18449
-0.298023
1.21197
-1.41093
-0.668386
-0.668386
-0.680322
-0.6607
-0.6607
-1.99478
0.437242
-1.64408
0.0729964
0.0729964
0.0729964
-0.239893
1.00767
-0.10314
-0.10314
-0.10314
-0.0453015
0.240305
-1.36015
-1.36015
0.728054
0.728054
0.152007
-0.0895893
0.131141
0.131141
0.131141
0.131141
0.812524
0.812524
1.14767
1.14767
1.14767
1.14767
0.626916
0.072347
0.072347
1.58328
1.46076
1.46076
1.46076
1.46076
0.588746
-0.196456
-0.196456
-0.196456
-0.196456
1.66113
1.66113
0.638937
1.03314
-0.335148
-0.335148
-0.335148
-1.13734
0.990445
0.990445
0.990445
-0.921351
1.66867
1.66867
1.66867
1.66867
1.66867
1.66867
-0.279431
-0.279431
-0.279431
-0.279431
-0.279431
-1.16048
-1.16048
-0.764564
-0.764564
-0.478478
1.35856
1.35856
0.776476
0.776476
0.776476
-0.211181
0.155563
0.95643
0.770232
0.770232
-0.454815
-0.330042
-0.614046
-1.32516
-1.83258
-1.83258
-1.83258
0.808177
0.808177
0.808177
0.126681
0.126681
0.115529
0.115529
0.115529
0.591209
0.591209
0.591209
0.591209
0.591209
0.591209
2.33605
2.33605
2.33605
2.33605
2.33605
0.59777
1.37094
1.37094
1.01365
-0.454503
0.653679
0.653679
-1.00853
1.21917
1.2007
1.64121
1.64121
1.06833
1.06833
-1.33258
-0.0526093
-1.45993
0.265797
0.265797
-1.23783
-1.23783
-1.23783
-1.23783
0.885885
-0.839327
1.01136
0.72481
0.72481
0.72481
-0.563855
-0.367095
-0.367095
-0.367095
-0.367095
-0.300689
-0.300689
-0.747603
-0.605478
0.0179162
0.0179162
0.0179162
-0.322048
-0.322048
-0.322048
-0.497183
-0.497183
0.329814
0.329814
0.216734
0.216734
-1.04842
-0.289779
0.241042
0.241042
-0.366242
-0.366242
-0.366242
-0.366242
-0.366242
-0.695462
-0.114315
-0.114315
-0.114315
-0.114315
-0.114315
-0.114315
-2.18887
-2.91016
-2.91016
-2.91016
-2.44755
-2.44755
-2.48954
-2.48954
-2.48954
-2.48954
-0.129877
1.47753
-0.491805
-1.95072
-1.50134
0.669873
-0.039156
-0.351706
-0.126326
-0.126326
0.361098
0.900497
-0.477005
-0.477005
-0.477005
1.50599
1.50599
-0.1536
1.12644
1.00235
1.87852
1.13855
-0.84063
0.844085
0.272069
0.272069
0.272069
-1.10638
-1.10638
0.930397
0.0321125
0.0321125
0.717434
0.363956
0.363956
0.0258493
0.0258493
0.0258493
-0.103528
-0.684524
-0.684524
-0.298208
-0.298208
-0.298208
-1.19902
-0.143119
-0.143119
-0.143119
-0.143119
-0.143119
-0.143119
0.648136
-0.852995
-0.852995
-0.672119
-0.672119
-1.26885
0.173653
0.173653
-0.572272
-0.572272
-1.60165
-2.29025
-0.908969
0.402477
0.402477
-0.619562
0.692846
0.692846
-0.68945
-0.204807
-0.204807
-0.204807
-2.27945
-0.293653
0.717375
-0.142727
-0.142727
1.46404
1.46404
1.46404
0.915447
1.14518
1.60169
1.60169
1.60169
-0.493994
-0.493994
-0.513523
-0.513523
-0.513523
0.0173065
0.0173065
0.0173065
1.93308
-0.0446309
0.661502
0.661502
0.661502
-1.29793
1.18379
-1.45797
-0.120499
-1.34419
-1.34419
-1.34419
-1.34419
0.655883
0.655883
-1.96455
-0.554414
1.37021
1.37021
-0.102932
-0.0117165
-1.9646
-0.982054
-0.982054
-0.982054
-0.982054
0.89833
2.2846
3.2337
1.12311
-0.180666
0.562819
0.562819
0.562819
0.562819
0.562819
0.562819
0.743279
1.7539
0.194485
0.543098
0.543098
-0.741208
-0.720156
0.563611
0.28674
0.660937
0.382562
0.382562
-0.334826
-1.58285
-2.17702
-2.17702
-1.17754
-0.567733
-0.567733
-1.25088
-1.31641
0.21133
-1.85501
-1.85501
-1.72985
-1.72985
-1.72985
-1.9039
-0.445246
-0.445246
-0.688439
0.908355
0.135313
0.135313
0.390047
-0.835801
-0.0315855
-0.807198
-0.807198
-1.64407
-0.5023
1.88437
1.3358
-0.580738
-0.359758
1.85903
1.85903
1.85903
1.6946
0.50635
0.703983
0.202451
0.202451
1.43138
0.303096
0.303096
1.14385
1.14385
1.14385
1.14385
1.14385
0.861481
1.91333
1.91333
1.91333
2.51213
0.233661
-1.03813
-1.03813
-2.11578
-2.11578
-2.2895
-2.2895
-1.30808
-1.10336
-0.185324
-0.185324
-0.185324
-0.916213
0.3232
0.0107486
-0.709584
-1.40034
-1.92886
-2.32457
-1.87485
-2.10073
-1.23378
-0.0379494
-0.0379494
-0.0379494
1.17608
1.17608
0.0095561
0.0095561
0.0095561
0.380269
0.237275
0.237275
0.237275
0.237275
0.237275
0.237275
2.32212
2.32212
2.25954
2.51183
2.51183
2.51183
3.58299
3.58299
3.58299
3.58299
3.58299
2.49049
0.649107
0.649107
0.649107
1.97045
-0.335074
-0.335074
-0.300482
-0.300482
0.589499
1.44775
0.479473
0.479473
0.479473
1.3125
0.710913
0.710913
-0.891601
-0.891601
-0.891601
-0.891601
-0.891601
-0.891601
-0.891601
1.36426
1.36426
0.565321
0.565321
0.565321
0.565321
2.23171
2.23171
1.55089
1.55089
1.63004
1.63004
1.63004
1.63004
0.475525
0.475525
0.370171
0.370171
0.370171
0.370171
0.370171
0.745569
-0.673168
-0.0160493
-0.0160493
0.508493
-0.167603
2.23816
2.23816
0.866916
0.866916
1.25746
-0.0186183
-0.0186183
0.317191
0.317191
0.785564
1.24193
-0.528114
-0.534048
1.31337
0.347297
0.347297
2.05793
2.05793
1.60776
-0.401611
0.292629
1.48902
-0.37602
-0.334628
-0.334628
1.26964
0.708001
1.34128
1.34128
-1.21807
0.128673
0.128673
-0.628254
-0.628254
-0.628254
0.548861
1.55663
-0.475761
-0.475761
-1.95284
-1.95284
-1.95284
-1.95284
-0.120775
-0.120775
-0.120775
-0.870998
0.162625
-1.06136
-1.06136
0.328876
0.404495
0.404495
0.404495
0.404495
0.404495
-1.61773
0.311062
0.311062
0.311062
-0.00458482
-0.00458482
-0.213868
2.06915
2.06915
2.06915
1.70853
1.54378
1.54378
0.300331
0.300331
0.300331
-0.403214
-0.403214
-0.441711
-1.2168
-0.510934
-0.977851
-0.899797
-0.899797
0.301583
-0.364803
-0.364803
-0.364803
0.691489
0.691489
0.691489
1.904
0.765678
1.11096
-1.12634
0.210389
1.49875
1.55978
1.2298
0.316095
0.316095
1.55427
1.81287
1.81287
-0.116619
-0.0418922
0.178343
0.178343
1.88541
1.94835
1.94835
1.96691
1.69887
-0.794757
1.15786
-0.600208
-0.600208
-0.600208
-1.35999
-0.185912
-1.10048
0.784613
0.921419
-0.105213
-0.105213
0.348659
0.348659
0.348659
0.348659
0.348659
-0.544676
-0.544676
-0.544676
-0.544676
-0.280494
-0.280494
-0.280494
-0.280494
-0.946862
0.485285
0.485285
0.485285
0.485285
1.19078
1.44632
1.44632
1.44632
-0.496288
-0.496288
-0.496288
-0.496288
-0.0181243
-0.0181243
-0.416911
-0.416911
-2.67454
-2.84536
-0.434755
-0.932258
-2.03465
-2.03465
-2.03465
-2.03465
-0.732254
1.41376
1.37255
0.397888
-0.0648016
-0.0648016
-0.0648016
-0.0648016
-0.607484
0.671136
0.671136
0.0766466
0.0619243
1.1819
-1.23737
0.893505
-0.341055
-0.362973
-0.362973
-0.362973
-0.362973
0.572097
0.572097
-0.730072
-0.730072
-0.730072
0.815732
-0.950677
-0.508333
-0.206967
-0.481467
-0.481467
-0.481467
-0.481467
0.34487
-1.81402
