0
0.872668
0.785704
1.56481
1.56481
1.0765
2.12548
0.865115
0.0262008
0.0262008
0.0262008
-0.987803
-1.01354
-1.09282
-1.09282
-1.19999
-0.756116
-0.756116
0.884973
0.892032
0.892032
1.46946
1.46946
0.0291071
0.32273
0.32273
0.32273
0.32273
0.32273
1.51321
0.121669
0.932676
0.932676
0.0691314
0.214102
0.143915
-0.940156
-0.940156
-0.940156
0.588438
-0.401097
0.54423
-0.591141
0.0736
-0.306735
-0.306735
-0.546564
0.767349
0.767349
0.767349
-0.0688619
-0.0688619
-0.0688619
1.00245
1.00245
1.00245
0.0920991
0.273741
0.607775
0.607775
0.00599064
0.00599064
0.00599064
0.00599064
0.00599064
0.00599064
1.11961
0.535678
0.313535
0.313535
0.313535
0.313535
0.313535
-0.874224
-0.874224
-0.874224
-0.874224
0.356844
0.356844
0.152445
0.526393
0.526393
0.510469
-0.0253308
1.09068
1.09068
1.09068
1.09068
-0.809072
-0.809072
-0.336768
-0.336768
-0.336768
0.477257
0.477257
0.477257
-0.161611
-0.161611
0.287334
0.434405
0.58699
1.20598
0.0006051
-0.280683
-1.38747
-1.38747
-1.33943
-1.26226
-1.26226
0.272024
-0.516264
-0.516264
-0.516264
-0.516264
-0.516264
-1.10355
-1.10355
-0.893637
0.061836
0.061836
-0.0737994
-0.0737994
-0.0737994
-0.0737994
0.331446
0.331446
-0.364821
0.53661
-0.0729369
-0.0729369
0.167218
0.80275
-0.608753
-0.646602
-0.894511
-0.867197
-1.29174
-1.29174
-1.29174
-1.29174
-1.64234
0.0186468
0.0186468
0.0186468
0.40139
0.659097
0.659097
0.659097
-1.20326
-1.07163
-1.07163
0.661666
0.661666
0.661666
0.29672
-0.958907
0.466319
0.466319
0.466319
0.466319
0.466319
0.979786
0.630719
0.630719
-0.739368
-0.739368
0.590973
0.590973
-0.298462
-0.298462
-0.298462
-0.298462
-0.298462
-0.298462
0.023161
0.023161
-0.240773
-0.240773
-0.240773
-0.240773
-0.240773
-0.240773
-0.201608
-0.201608
-0.359147
0.364988
0.364988
0.525403
0.525403
0.525403
0.525403
0.525403
0.525403
0.325553
0.325553
0.363959
0.363959
-0.640858
-0.640858
-0.640858
-0.640858
0.905721
-0.266243
-0.266243
-0.266243
-0.266243
0.441847
1.09891
0.905507
0.905507
0.905507
0.905507
0.905507
0.0289284
1.39032
0.0150372
0.234855
0.234855
0.234855
-0.286213
-1.16397
-0.532979
-0.00852243
-0.00852243
-0.0329021
-0.0329021
-0.0329021
-0.859341
-0.344214
-0.297995
-0.297995
-0.245469
-1.029
-1.029
-1.029
0.484946
0.465601
1.18175
1.11455
1.11455
1.11455
-0.535445
0.498949
0.607065
0.285552
0.285552
0.285552
-0.421214
0.324204
-0.676903
-0.676903
0.415166
-0.560544
0.210013
-0.122993
-0.122993
-0.122993
-0.122993
0.951583
0.951583
0.951583
0.951583
0.951583
-0.659163
-0.355917
-1.16742
-1.16742
-1.16742
0.0295049
-0.546068
1.09993
0.0327235
0.0327235
0.0327235
0.0327235
0.300621
0.300621
1.59925
-0.050912
-0.050912
-0.050912
-0.58677
-0.0893183
0.343378
0.477984
0.477984
0.477984
0.477984
0.477984
2.16656
2.16656
1.88559
1.88352
1.88352
1.88352
1.47296
1.51577
1.51577
0.774974
0.311827
0.311827
0.311827
0.311827
0.979611
-0.532023
-0.801132
0.796404
-0.929314
-0.929314
-0.508872
-0.508872
-0.508872
0.135672
0.135672
0.135672
0.415942
1.2102
0.949183
1.0014
1.0014
-0.681076
0.527008
0.527008
0.527008
1.12036
1.12036
1.38966
1.38966
0.813161
0.813161
0.813161
-0.769782
-0.769782
-0.211427
-0.211427
-0.211427
-0.211427
0.156159
0.941919
-0.324292
-0.324292
0.743989
0.743989
-0.879409
-0.879409
-0.183346
1.28965
-0.143661
-0.414244
-0.587674
-0.15595
1.03103
0.640608
0.640608
-0.04349
-0.04349
1.3345
0.940316
1.9272
0.0694565
-0.743578
-0.743578
-0.71177
0.489126
0.489126
0.489126
1.22224
1.22224
1.31451
1.31451
1.31451
0.63991
-1.08305
0.765008
0.533394
0.533394
0.533394
1.42349
1.42349
1.42349
1.37132
1.37132
0.0840252
0.0840252
-0.284216
-0.284216
-0.182174
0.955993
0.825284
0.635761
0.635761
0.635761
-1.10211
-1.10211
-1.22831
-1.22831
-0.37215
-0.37215
0.385062
0.385062
0.385062
0.385062
-0.522339
-0.54092
0.472088
0.965099
0.965099
0.965099
0.965099
0.384753
-0.339559
0.341456
-0.323238
-0.323238
-0.527051
-0.289913
-0.391481
-0.391481
1.33502
1.33502
0.687515
0.687515
0.687515
0.687515
0.687515
-0.241608
0.859199
0.304457
0.304457
0.304457
0.304457
0.304457
0.825678
1.29968
1.29968
0.068006
0.068006
0.068006
0.068006
0.068006
0.068006
0.068006
0.068006
-0.544325
-0.544325
-0.544325
-0.544325
-0.544325
-0.544325
1.04242
1.05121
0.222943
0.222943
-0.945547
-0.945547
-0.945547
-0.841821
-0.841821
-0.841821
-0.841821
-0.161123
-0.161123
-0.099766
-0.099766
-0.099766
-0.099766
0.223458
0.223458
0.430216
-0.499179
0.83426
1.12054
0.777663
-0.454924
0.740268
0.740268
0.740268
0.740268
0.740268
0.356213
0.356213
0.214582
-0.290148
0.437075
0.437075
-0.207368
-0.207368
-0.207368
0.162992
-0.240803
-0.240803
-0.240803
-0.667767
-0.667767
-1.27632
-0.373167
-0.373167
-0.373167
0.618154
0.618154
0.618154
0.558452
1.04183
-0.750242
-0.43326
-0.111489
-0.111489
-0.111489
0.955957
1.52495
0.482515
0.88014
-0.0709919
-1.22239
-0.848071
-0.848071
0.326328
0.326328
-0.281263
-0.281263
1.03582
0.0634483
0.0634483
-0.942774
0.358372
0.358372
0.358372
0.292776
0.292776
2.14487
2.14487
0.434888
-0.128927
-0.128927
-0.128927
-0.128927
-1.26009
0.0231061
0.362476
0.362476
0.790077
0.364103
0.364103
-0.202892
-0.2831
-0.2831
-0.2831
-0.2831
-0.2831
-0.2831
0.556324
-0.604249
1.01483
-0.356217
-0.356217
0.630241
0.220122
0.220122
0.220122
0.454801
0.454801
-0.584265
-0.584265
0.99477
0.99477
0.99477
0.99477
0.0454509
0.618423
0.618423
0.618423
-0.122894
0.310939
0.153241
0.350222
0.350222
0.350222
-1.12434
-1.12434
-1.12434
-1.03962
-0.222954
0.466813
0.466813
0.466813
0.466813
-0.395763
-0.395763
-0.395763
-0.409636
-0.409636
-0.409636
1.05376
1.05376
1.05376
0.827929
0.827929
0.827929
0.827929
0.827929
-0.236721
-0.236721
-0.236721
-0.236721
-0.236721
-0.236721
0.257316
0.257316
0.988132
0.632719
0.534306
0.229754
0.443854
0.443854
0.443854
0.443854
0.443854
1.75343
1.75343
1.03239
-0.0413392
-0.0413392
-0.0413392
1.43651
1.56224
1.56224
1.56224
1.20727
1.20727
1.51296
1.51296
1.51296
1.51296
-0.0798004
-0.0798004
-0.0798004
-0.0798004
-0.0798004
-0.0798004
-0.0798004
0.804382
0.804382
-0.286445
-0.286445
-0.286445
-0.286445
-0.463381
-1.07975
0.600586
0.245586
0.245586
0.245586
0.486295
0.402345
-0.869707
-0.0909282
-0.0909282
-0.0909282
-0.0909282
-0.0295021
-0.0295021
-0.0295021
-0.0295021
0.0226364
0.0226364
-0.201377
-0.201377
-0.201377
-0.201377
-0.494345
-0.494345
-0.457499
0.340275
0.286175
0.286175
0.530568
0.0808178
0.659588
1.06885
-0.304082
-0.304082
1.2577
0.0946529
0.0946529
-1.06302
-1.06302
-1.06302
0.638497
0.638497
-0.809055
-0.624049
-0.624049
0.60368
0.60368
0.60368
-0.565017
-0.565017
-0.565017
-1.34328
0.0514927
0.0514927
0.518597
0.518597
-1.13569
-1.13569
-1.13569
-1.13569
-0.0922747
-0.0922747
-0.0922747
-0.0922747
-0.263113
-0.263113
-0.263113
-0.650432
0.0616707
0.0616707
0.0616707
0.0616707
0.684627
0.855812
0.0874578
0.0874578
0.383719
0.0395636
1.10449
0.128573
0.128573
-1.08237
-0.0973992
-0.188548
-0.465948
-0.465948
1.21965
-0.226602
-0.204732
-0.204732
-0.269463
-0.269463
-0.269463
-0.269463
0.507881
-0.496275
-1.4522
-0.577459
-0.577459
-0.273068
-0.273068
-0.103941
-0.103941
-0.103941
-0.103941
-0.103941
-0.103941
-0.103941
-0.103941
-0.103941
-0.103941
-0.103941
-1.5908
-1.5908
-1.44934
-1.34163
-1.34163
-1.25653
-1.17215
0.531888
0.184295
0.152756
1.32266
1.32266
1.32266
1.53479
-0.0439179
0.40564
-0.249295
-0.249295
0.870458
0.870458
0.870458
0.870458
0.870458
-0.859763
-0.810878
-0.846956
-0.846956
0.614874
0.614874
0.614874
0.913122
-0.0953509
-0.0953509
-0.0953509
-0.894448
0.962128
-0.102769
-0.102769
-0.102769
-0.102769
1.11387
1.11387
0.153864
0.414296
0.6215
0.678818
0.678818
0.880012
-0.252138
-0.252138
-0.252138
0.708119
0.708119
-0.495737
-0.565216
-0.565216
-0.565216
-0.565216
-0.24928
-0.24928
0.522902
0.522902
0.522902
-0.575582
-0.750919
-0.55043
0.38155
0.38155
-0.195676
-0.195676
-0.160544
-0.160544
-1.15607
-0.107896
-0.184456
-0.184456
-0.184456
-0.184456
-0.184456
-0.184456
-0.184456
-0.196728
-0.196728
0.814168
1.19681
1.19681
1.19681
1.19681
1.44298
0.823326
0.712019
0.712019
0.439289
0.439289
1.19021
1.19021
1.21228
1.21228
1.21228
-0.0841312
-0.710991
-0.710991
-0.710991
0.155483
0.155483
-0.607199
-0.322524
-1.74228
0.0779586
0.0779586
-0.0363739
-0.0363739
-0.0423007
-0.0423007
0.228377
-1.04068
0.331964
0.490747
1.62232
0.851948
0.851948
1.09964
0.710471
0.710471
0.710471
-1.17952
-1.17952
-0.057282
-0.057282
-0.057282
-0.057282
-0.562028
-0.655916
-0.655916
-0.292862
-0.292862
0.480888
0.185615
0.185615
0.185615
0.185615
0.185615
-0.331651
-0.331651
-1.76022
-1.76022
-0.524654
-0.524654
0.260488
0.260488
0.260488
0.260488
-1.01866
0.672174
0.672174
-0.780841
-0.780841
-0.65629
-0.65629
-0.65629
-0.498842
0.883875
-0.873673
0.43072
0.530234
-0.241447
-0.241447
-0.241447
0.911796
0.911796
0.990483
0.990483
0.990483
0.990483
0.990483
1.36921
0.0743609
0.0743609
0.0743609
0.0743609
0.134737
-0.339391
-0.615564
-0.615564
-0.615564
-0.46935
-0.46935
-0.895881
0.0455927
0.0455927
0.582186
0.582186
0.582186
-1.20164
-0.440045
-0.440045
1.4549
0.386708
-0.55963
-0.55963
-0.670477
-0.670477
-0.225899
-0.225899
-0.302747
-0.302747
-0.302747
-0.0993389
-0.0993389
-0.592075
-0.592075
-0.786346
-0.786346
-0.836362
0.150044
0.651037
0.651037
-0.700532
-0.645485
-1.10219
-1.10219
-0.954367
-0.954367
-1.01977
0.39258
0.39258
1.88343
1.88343
1.88343
1.88343
1.52927
1.52927
2.02904
0.802891
0.802891
-0.786912
-0.786912
0.286428
0.286428
1.67283
-0.0694178
0.330679
0.107258
-0.557546
-0.97073
-0.683569
-0.683569
0.59418
-0.631464
0.357728
0.0152718
0.0152718
-0.152097
-0.152097
-0.152097
-0.152097
1.06365
-0.118091
0.626108
0.626108
-0.261632
1.24359
1.24359
1.24359
-0.532265
0.136004
0.136004
0.693243
0.140875
-0.0111997
-0.0111997
-0.0111997
1.27335
1.27335
0.0810988
0.0810988
0.0810988
0.917656
0.917656
0.917656
0.551357
0.727667
-0.834054
-0.561805
-0.561805
-1.05654
-1.48106
-1.48106
-0.896414
0.897039
0.897039
0.897039
0.785967
-0.62895
0.463215
-0.615405
0.225014
0.97103
0.97103
0.97103
1.01499
1.16078
1.16078
1.21963
-0.110108
0.462681
-0.795807
-0.795807
-0.795807
-0.795807
-0.795807
-0.795807
-0.795807
-1.60312
-2.24151
-2.24151
-2.24151
-2.24151
-2.26685
-2.26685
-1.72436
-0.515461
-0.530935
-0.356938
-0.356938
-0.113873
-0.814765
0.381905
0.381905
0.381905
0.381905
-0.540992
-0.540992
-0.540992
0.753633
0.961005
0.961005
0.673613
0.673613
0.885468
0.885468
-0.281941
-0.281941
-0.281941
0.471655
-0.0730589
-0.397516
-0.397516
-0.397516
0.189431
0.481049
0.0504009
0.0504009
-0.0260673
-0.872302
0.0874071
0.0874071
0.0874071
0.0874071
-0.688632
-0.688632
-0.688632
-0.688632
0.893716
0.368518
0.909088
0.57801
-0.0341856
-0.0341856
-0.0341856
0.59005
-0.405385
-0.405385
-0.405385
-0.405385
-0.405385
-0.405385
-1.63124
-1.63124
-0.750878
-0.750878
-0.750878
-0.750878
-0.750878
0.670616
0.670616
-0.718551
1.00933
1.36036
1.36036
1.36036
1.10957
1.20408
1.20408
0.73748
0.73748
0.73748
0.73748
0.73748
0.73748
0.531589
0.531589
0.531589
-0.0920513
-0.0920513
0.645906
0.645906
-0.540319
-0.650979
-0.650979
-0.650979
0.73611
-0.370129
-0.370129
-0.370129
-0.370129
0.302188
-0.260667
-0.438986
-0.992182
-0.0796631
-0.273351
-0.273351
-0.273351
0.0114616
0.197843
0.197843
0.197843
0.260308
0.260308
0.260308
0.260308
0.260308
0.260308
0.260308
0.260308
0.101445
-0.213481
1.33908
-0.46703
0.942233
0.182137
0.182137
-1.41102
0.109535
0.890135
0.890135
0.890135
0.748263
0.748263
0.748263
0.748263
0.555932
-0.0747604
-0.057732
-0.057732
-0.47065
-1.01416
-0.803623
-0.803623
0.0832267
1.26156
1.26156
1.26156
1.02993
0.358611
0.358611
-0.656424
0.111465
0.111465
0.111465
0.111465
0.111465
0.111465
0.111465
0.111465
0.674381
0.674381
0.674381
0.674381
1.21969
0.105623
0.105623
-0.523922
-0.108233
-0.108233
0.781785
0.783302
0.783302
0.256732
0.256732
0.697278
0.00397213
0.204051
0.849027
0.849027
0.849027
-0.177823
-0.177823
0.289677
-0.252844
-0.252844
-0.252844
0.509442
0.509442
-0.817853
-1.2802
-1.23334
-0.475657
0.379292
-1.03713
-0.789527
-0.789527
0.500189
0.500189
0.500189
-0.36166
-0.649559
-0.649559
-0.649559
-0.460907
-0.460907
-0.460907
0.704556
0.704556
-0.543268
0.607667
0.607667
0.607667
0.607667
0.607667
0.607667
-0.773726
-0.174198
0.410501
0.410501
0.410501
-0.480415
0.105871
0.105871
0.264937
0.264937
-0.721109
-0.415662
-0.415662
-0.415662
-0.415662
-0.415662
-0.415662
-0.415662
-1.18916
0.377129
0.377129
0.377129
0.377129
0.598296
0.598296
0.598296
-0.665467
-0.102961
-0.102961
1.52261
1.52261
1.52261
1.52261
0.660072
0.660072
-0.474963
-0.474963
0.144207
0.144207
-0.465489
0.754053
0.804939
0.804939
-0.56499
-0.56499
-0.56499
-0.56499
-0.56499
-0.56499
-0.56499
-0.56499
-0.56499
-0.56499
-0.56499
-0.56499
-0.628248
-0.628248
-0.628248
-0.628248
0.13431
0.13431
0.13431
0.13431
0.756076
0.845486
0.845486
0.444376
-0.390211
-0.996983
-0.996983
-0.996983
-0.996983
-0.0263099
0.614695
0.614695
0.614695
0.614695
-0.0717711
0.770818
0.258416
-0.175173
-0.175173
-1.17502
-1.87735
-1.70366
-1.70366
-0.266489
-0.266489
-0.266489
-0.266489
-0.266489
0.222771
0.222771
-0.522025
-0.522025
0.371437
0.371437
0.216826
0.216826
-0.156271
-0.156271
-0.156271
0.102688
0.618228
0.618228
-0.568995
-0.568995
-0.839643
-1.08037
-0.777752
0.104481
0.226338
0.226338
1.31533
1.31533
-0.346915
-0.346915
-0.346915
-0.417797
-0.417797
0.162535
0.950974
0.950974
0.950974
1.23178
1.23178
0.122144
0.487789
-1.18377
-1.18377
0.219452
0.219452
0.170534
0.170534
0.170534
0.170534
-0.47762
0.62596
0.62596
-0.455108
0.233674
-0.790305
-0.790305
-0.790305
-0.790305
-0.327882
-0.327882
-0.327882
0.808406
0.808406
0.808406
0.834092
-0.801812
-0.270639
-0.176739
-0.176739
-0.176739
0.0828941
0.583532
-0.420656
-0.420656
-0.420656
-0.420656
0.81044
0.0795589
-0.0364005
-0.0364005
-0.0364005
-0.0364005
0.117949
0.547346
-0.792051
0.722924
0.722924
0.451413
1.23011
1.23011
1.23011
-0.171678
-0.171678
-0.171678
-0.171678
0.203087
0.203087
1.01978
0.756381
-0.0275385
-0.0275385
0.90663
0.90663
0.90663
-0.733388
-0.669814
-0.967503
-0.478732
-0.478732
-0.478732
-0.478732
-0.26888
0.0202347
1.13008
1.13008
1.13008
0.231783
0.279378
0.279378
1.27002
1.27002
0.605345
0.605345
0.605345
1.03045
-0.291622
-0.291622
-0.615102
-0.615102
-0.615102
-0.615102
0.884696
0.884696
-0.743173
0.0337092
0.291551
-0.215523
-0.215523
-0.215523
-0.215523
-0.409443
-0.409443
-0.409443
0.39467
0.787071
0.703606
0.703606
1.09792
1.09792
0.769841
-0.500199
0.474764
0.474764
0.921999
0.921999
0.436247
0.234697
0.234697
0.234697
-0.129864
-0.129864
-0.012498
-0.260987
0.210672
-1.01578
-1.01578
-0.607549
-0.607549
-0.607549
-0.417676
-0.510061
-0.237227
-0.237227
-0.761768
0.595369
-0.982557
0.521386
0.413963
-1.05578
-1.05578
-1.05578
-1.05578
-0.265094
0.307229
-0.779897
0.281041
-0.249618
-0.249618
-0.249618
-0.249618
-0.249618
-0.249618
-0.249618
-0.249618
-0.249618
0.577967
0.896503
-0.892959
-0.892959
-0.735756
0.503643
1.15149
1.60736
1.60736
1.60736
1.60736
1.60736
-0.0735021
0.0572816
0.644605
0.644605
-0.0484468
-0.0484468
-0.0484468
-0.0484468
-0.0484468
-0.489709
-0.465792
-0.465792
0.832507
0.832507
0.832507
-0.646636
-0.646636
-0.646636
-0.646636
-0.155013
-0.155013
-0.155013
-0.155013
-0.155013
-0.155013
-0.155013
-0.155013
-0.155013
-0.155013
-0.166613
-0.166613
-0.166613
-0.166613
-1.23151
-0.0554037
0.640736
0.989222
0.984402
0.726039
0.726039
0.726039
-0.13297
-0.13297
-0.13297
-0.13297
-0.13297
-0.0188152
-0.0188152
-0.629208
-0.629208
0.86957
0.86957
1.6141
0.442571
0.332971
-0.537807
-0.537807
-0.537807
-0.537807
0.0231404
0.0231404
-0.341651
0.589541
0.589541
0.589541
-1.01099
-0.869904
0.302441
0.302441
-0.877776
0.486216
-0.22323
-0.0561413
-0.243194
-0.0156058
0.622637
1.29356
-0.264742
-0.264742
-0.264742
-0.241869
-0.282558
-1.49634
-1.49634
-1.49634
-1.49634
-1.02942
0.720489
-1.01417
0.0743963
0.0743963
0.167655
-0.870735
-0.0609395
-0.0609395
0.68427
1.1315
1.1315
1.1315
1.1315
1.1315
-0.54661
-0.54661
-0.869362
-0.00913787
-1.81367
-0.792895
-0.792895
-0.792895
-0.792895
-1.57424
-1.57424
-0.0656998
0.5474
0.5474
0.5474
0.5474
1.38721
-0.25274
-0.25274
-0.25274
-0.25274
-0.826984
-0.826984
-0.332487
-0.332487
-0.869776
0.326398
1.05771
0.289556
0.289556
0.289556
-0.221382
0.45099
1.21511
1.21511
0.146122
0.146122
-0.273924
1.07296
0.0174488
0.41549
0.190193
0.190193
0.0404259
1.53709
1.33819
1.33819
0.891265
-0.793755
-1.11579
-1.16272
-1.16272
0.233905
0.346102
0.346102
-0.434523
-0.0483299
0.286983
0.410684
0.410684
-0.335354
0.280156
0.280156
0.280156
0.922274
1.09134
-0.737489
-0.737489
-0.737489
0.607797
0.222237
0.222237
0.73938
-0.163592
-0.456543
-0.229366
0.49198
-0.433592
-1.6608
0.0242252
0.0242252
0.0242252
0.0242252
-0.0428461
-0.0428461
-1.82245
-2.12343
-2.5509
-2.5509
-2.5509
-2.56525
-1.85041
-0.37562
-0.37562
-0.37562
0.710706
0.710706
0.710706
0.211194
0.517888
0.517888
0.190943
0.195261
-0.39405
0.175296
0.175296
0.919332
-0.811844
-0.161926
-0.161926
-0.161926
0.368506
0.368506
0.368506
1.5054
-0.225233
-0.438841
-0.438841
-0.438841
1.01791
1.01791
1.01791
1.01791
1.01791
1.01791
0.769668
-0.527957
-0.986916
0.902503
0.902503
-0.358872
1.08338
1.08338
1.08338
0.84013
-0.334856
-0.334856
0.665142
0.778893
0.778893
0.778893
0.0617281
-0.344236
-0.0685792
0.120976
0.691728
0.43491
0.43491
0.43491
0.540542
0.540542
-0.606068
-0.652319
1.02588
1.28777
0.981443
0.981443
0.652077
-0.212647
-0.212647
-1.00422
-1.00422
-0.522859
-0.522859
0.271175
-0.972058
-0.972058
-0.0440187
-0.0440187
-0.0440187
-0.0440187
-0.0440187
-0.0440187
-0.0440187
0.597535
0.597535
-0.0697653
-1.58521
-1.58521
-1.58521
-0.109642
-0.109642
-0.109642
-0.109642
0.786094
0.786094
1.47256
1.47256
1.47256
-0.402922
-0.39386
0.460248
-0.0546876
-1.39884
-1.39884
0.397837
-0.172292
0.186292
-0.207748
-0.207748
0.191949
0.846042
0.846042
-0.557346
-0.879273
-0.879273
0.721289
1.4859
0.168016
0.168016
0.168016
0.168016
-0.379648
-1.03189
-1.03189
-1.1569
-1.1569
-1.1569
-1.27288
0.348557
0.348557
-0.290222
-0.290222
-0.290222
-2.13391
-0.769499
-0.769499
-0.769499
-0.176334
0.349971
0.518421
-0.372203
-0.810449
-0.810449
0.866491
0.866491
-0.221779
-0.221779
-0.221779
-0.125783
0.116224
0.116224
0.116224
0.116224
-0.780619
-0.780619
-0.780619
-0.780619
-0.651409
-0.651409
-0.390503
-0.390503
-0.390503
-0.390503
-0.390503
-0.390503
-0.164957
0.0609501
0.0609501
0.0609501
0.554506
0.639184
-0.0429504
0.877346
-0.365132
0.48401
-0.961369
-0.961369
-0.69358
-0.69358
-0.814391
0.562322
0.562322
0.45148
0.45148
0.45148
-0.638552
-0.638552
-0.923958
0.896243
0.896243
-0.808593
-0.808593
-0.808593
-1.03273
-1.03273
-0.640974
-0.640974
0.59935
0.59935
0.59935
0.59935
0.419686
0.529406
-0.512002
-0.512002
-0.512002
-0.512002
-0.512002
-0.512002
-0.474479
0.660265
0.660265
-0.109025
-0.109025
-0.109025
-0.109025
-0.170564
-0.170564
-0.0181869
-0.0181869
0.0795261
0.972867
1.0987
-0.331058
0.564687
0.541171
-0.208851
0.201289
0.201289
0.201289
0.201289
0.675771
-0.748875
-0.748875
0.385707
-0.816999
0.233371
0.382804
0.382804
0.382804
-0.555257
-0.555257
-0.555257
-0.453538
-0.482764
-0.482764
-1.13904
-1.13904
-1.13904
-0.268153
-0.268153
-0.268153
-1.3638
-1.05985
-0.493156
-0.493156
-0.493156
-0.0307354
0.769569
0.794745
0.543627
0.543627
0.543627
0.543627
0.372505
0.372505
0.827904
1.06732
1.06732
-0.254887
-0.254887
-0.254887
0.474213
0.474213
-1.02184
-1.02184
0.663804
0.663804
0.396928
0.396928
-0.908563
-0.908563
-0.908563
0.832881
0.143552
0.730049
0.730049
0.730049
-0.521961
-0.90452
-0.19629
-0.368942
0.309532
0.309532
-0.879076
0.00466566
0.00466566
0.00466566
0.00466566
0.00466566
0.00466566
-1.58554
-1.58554
-1.58554
-1.58902
-1.58902
-0.88112
-0.88112
-0.88112
-1.38669
-1.03701
-2.21616
-2.21616
-1.75596
-1.36302
-1.36302
-0.800318
-0.800318
-0.800318
0.425401
0.425401
0.425401
0.267284
0.267284
0.267284
0.267284
0.267284
0.267284
-0.176437
-0.176437
-0.176437
-0.176437
0.841539
-0.452033
-0.452033
-0.452033
-0.452033
-0.452033
-0.452033
-0.452033
0.845168
0.845168
0.56723
0.56723
0.56723
-1.26913
0.429576
-0.171712
0.422327
-0.393843
-0.393843
-0.393843
-0.233495
0.169805
0.169805
0.169805
0.169805
0.169805
0.169805
0.169805
0.169805
0.169805
0.592684
-0.659024
-0.426388
0.745226
0.810655
0.633463
-0.222712
-0.222712
-0.222712
-0.222712
-0.222712
-1.23959
-0.877055
-0.877055
-0.877055
-0.346496
-0.0891017
0.573015
-0.989017
0.0680892
0.0680892
0.0680892
-0.342369
-0.342369
-0.342369
0.846691
1.16806
1.16806
1.16806
1.16806
0.683887
0.683887
0.683887
0.683887
-0.883576
-0.883576
-0.883576
-0.883576
-0.702139
0.388632
0.388632
0.17042
0.17042
0.17042
0.17042
-0.874772
-0.874772
0.948922
-0.0362156
-0.0362156
-0.0362156
-0.0362156
-0.0362156
-0.0362156
-0.0362156
-0.0362156
-1.17667
-0.0949447
-0.0949447
-0.0949447
-0.0949447
-0.0949447
-0.0949447
0.667518
-0.721209
-0.721209
-0.729263
-0.729263
-0.378027
-0.168015
-0.383999
1.12531
1.12531
1.28834
1.28834
0.181693
-0.0437154
0.301969
0.301969
-0.148329
1.00135
-0.543004
-0.543004
-0.543004
-0.543004
-0.267121
0.21961
0.21961
-0.395568
-0.395568
-0.395568
-0.155598
-0.155598
-0.155598
-0.155598
-0.155598
-0.155598
-1.52852
-0.0759389
-0.0577387
-0.0577387
-0.0577387
-0.0577387
-0.0577387
-0.139183
-0.215637
0.32142
0.32142
-0.199956
-0.767845
0.689092
0.689092
-0.481922
0.401408
0.401408
0.401408
0.0276703
0.0276703
-0.290884
-0.290884
0.0986816
0.0986816
0.0115702
0.479693
0.779915
0.785381
0.785381
0.785381
1.18385
1.18385
-0.130409
1.31961
0.558856
0.558856
1.27843
1.52939
0.323862
0.323862
0.557269
0.409329
-0.288311
0.257405
0.257405
-1.25468
0.609689
1.59187
1.59187
1.59187
0.670382
-1.21112
-1.21112
-0.631209
-1.35805
-1.35805
-0.780566
-0.780566
-0.780566
-0.120932
-0.120932
-0.120932
-0.120932
-0.120932
-0.366558
-1.45767
-1.3479
-1.3479
-1.3479
-1.15396
0.33159
-0.138304
-0.138304
-0.138304
-0.11214
-0.467654
-0.444046
-1.34895
-1.48126
-1.63229
0.0827661
0.524403
0.524403
0.0100715
0.0100715
0.0100715
-0.65005
0.185279
0.185279
0.185279
0.185279
0.379836
0.379836
0.379836
0.379836
0.214601
0.214601
1.02803
-0.535351
0.67394
0.67394
0.112749
0.585331
0.585331
0.92026
0.728552
0.728552
0.575301
-0.354694
-0.249132
-0.249132
-0.249132
0.792437
-0.183764
-0.183764
0.126254
-1.08587
0.481934
0.481934
0.950184
1.02865
1.61931
1.61931
1.61931
-0.167761
-0.167761
0.492164
0.492164
-0.0268396
-0.882531
0.326474
0.550143
-0.755298
0.823843
0.823843
0.703599
0.703599
0.703599
-0.739093
-0.739093
-0.739093
-0.790059
-0.127752
1.10656
1.10656
-0.688108
-0.689908
-0.689908
-0.689908
0.626127
0.775463
-0.208177
0.982046
0.982046
0.623833
-0.100712
-0.100712
-0.265441
-0.265441
-1.77295
-0.790675
-0.790675
-0.790675
0.762137
-0.614727
0.834685
0.834685
0.834685
-0.379781
0.540897
-0.541775
-0.541775
0.91956
0.91956
0.91956
1.56626
1.56626
1.56626
1.56626
1.56626
1.37777
0.2054
0.2054
-0.327158
-0.150149
0.719531
0.719531
0.881379
-0.903957
-0.233671
1.22553
1.22553
1.22553
0.159793
0.576382
-0.585371
-0.43503
-0.43503
-0.43503
-0.43503
0.636295
-0.760797
-0.760797
-0.0842559
0.191975
0.112682
0.112682
0.112682
0.112682
0.112682
-0.40111
0.616287
-0.489848
-0.894167
-0.571728
-0.571728
0.336364
0.336364
-1.03351
-1.03351
0.705486
0.494217
-0.705272
0.869627
0.146344
0.146344
-0.798987
-1.49908
-1.00404
0.509419
0.0819327
0.0819327
1.41404
1.41404
1.41404
1.41404
1.14204
1.14204
0.620052
0.620052
0.620052
0.620052
0.620052
0.620052
-1.13852
-0.00874298
-0.00874298
-0.309774
0.882393
0.685461
-0.0147552
0.462738
0.462738
0.488948
0.867845
0.867845
0.308026
0.308026
0.308026
0.308026
-0.624261
-0.624261
-0.624261
0.253374
-0.280173
-0.280173
-0.280173
0.777601
0.777601
-0.843959
0.949183
0.949183
0.949183
0.949183
0.529188
-0.762198
-0.762198
-0.762198
-1.54536
-1.3066
-1.3066
-0.931553
0.709297
0.209133
0.209133
-0.258902
-0.0204307
0.308781
-0.0272087
-0.0272087
-0.0272087
-0.0272087
-0.0272087
-0.0272087
-0.182431
-1.15846
-1.10292
0.518489
0.0679497
-0.305077
0.16473
-0.108208
-0.108208
-0.108208
-0.283318
-0.283318
0.661505
-0.475677
-0.790315
-1.08216
-0.20645
-0.20645
-0.20645
0.509509
0.459103
1.0116
1.0116
1.07071
0.350791
-0.715396
-0.715396
-0.0114593
-0.0114593
-0.905071
-0.905071
0.832496
-0.765237
-0.765237
-0.715002
0.330079
0.0468095
0.0468095
0.0468095
0.0468095
0.0468095
0.111979
-1.0314
0.312698
-0.0619793
-0.393195
-0.393195
-0.393195
-0.393195
0.61952
0.61952
-0.698664
-0.698664
0.697188
-0.569261
-0.569261
0.0979279
0.0979279
-0.629392
0.232634
-0.81354
-0.81354
0.886204
0.886204
0.872614
0.872614
0.872614
0.872614
-0.650288
-0.650288
-0.155532
-0.155532
-0.155532
-0.943781
-0.328791
-0.328791
-0.137771
-0.137771
-0.137771
-0.137771
-0.137771
-0.137771
-0.137771
-0.137771
-0.137771
-0.137771
-0.137771
0.913013
0.444704
0.444704
-0.219058
-0.166281
0.615847
0.615847
-0.451024
0.847597
-0.590415
1.00275
1.00275
1.00275
-0.0981233
0.856689
0.856689
0.0511532
1.34251
1.34251
-0.175815
-0.406648
0.34018
0.34018
0.0695117
-0.0320778
-0.641215
-0.641215
0.606447
0.290787
0.290787
0.290787
0.290787
0.290787
0.290787
-0.296569
1.54525
0.0833725
0.904606
0.904606
0.637295
-0.580147
-0.580147
0.897684
0.449282
0.789496
-0.0818313
-0.0818313
-0.675231
-0.675231
-0.349975
-0.349975
-0.349975
-0.226414
-0.226414
-0.226414
0.09073
-0.637623
-0.546746
-0.546746
-0.546746
-0.408574
-0.408574
0.51994
-0.683194
-0.683194
-0.683194
-0.683194
-0.683194
-0.813823
-0.813823
0.742922
0.368397
0.368397
-0.647123
0.528643
-0.750965
-1.05954
0.272713
0.272713
0.272713
0.272713
0.272713
0.272713
-0.481354
-0.481354
-0.481354
-1.38337
0.293727
0.293727
0.293727
0.293727
-0.886501
-0.886501
-1.1326
-0.000146758
-0.000146758
0.615008
-0.926402
-1.65747
-1.74888
-1.74888
-0.253453
-0.253453
-0.253453
-0.253453
0.237982
0.237982
0.237982
0.511647
0.252054
-0.0216327
0.77068
0.77068
0.761295
0.761295
0.761295
0.761295
0.761295
0.761295
0.315117
-0.855326
0.905995
0.151922
-0.229533
0.288094
0.288094
0.288094
0.971449
-0.55622
-0.55622
-0.35984
-0.35984
-0.35984
-0.35984
-0.35984
-0.35984
-0.35984
1.11179
1.11179
1.11179
1.11179
1.11179
0.160167
0.160167
0.160167
0.160167
0.160167
0.949582
0.949582
0.949582
0.949582
-0.795182
-0.795182
-0.795182
0.436214
0.436214
-0.777898
-0.777898
-0.777898
-0.777898
0.532871
0.532871
0.559332
-0.644934
-0.644934
-0.644934
-0.644934
-0.644934
-0.644934
-0.644934
-0.00718637
-0.00718637
-0.00718637
0.765581
0.765581
-1.02482
-0.763631
-0.384039
-0.384039
0.432694
0.432694
0.432694
0.432694
0.432694
0.432694
1.03025
-0.125602
-0.125602
1.26625
1.26625
0.250371
-0.505455
-0.542466
1.09079
1.09079
1.09079
-0.748672
0.309199
0.309199
-0.5678
-0.5678
-0.5678
-0.123688
0.583963
0.583963
0.583963
-1.04062
-1.01922
0.0721719
-0.0916238
-0.920061
0.308268
-1.44675
-0.210173
-0.210173
-1.18213
-1.49557
-1.92411
-1.92195
-0.811443
-0.811443
-0.811443
-0.811443
-0.863599
-0.0861072
0.627859
0.627859
-0.573089
-1.46289
-0.00920147
-0.00920147
-0.00920147
-0.00920147
0.0559455
-0.460644
-0.698179
-0.698179
-0.698179
-0.210572
-1.0362
-1.26654
-1.43113
-0.376475
-0.376475
-1.11134
-1.11134
-1.11134
-0.258027
-0.45834
-0.157235
0.915007
0.0306545
0.0306545
0.847366
0.847366
-0.369777
-0.660785
-0.660785
0.234549
0.234549
0.234549
0.234549
0.234549
0.234549
0.416244
0.416244
0.416244
-0.654352
-0.223337
0.0392633
-0.382878
-0.382878
-0.382878
-0.382878
0.0989224
0.0989224
0.439399
0.489996
0.489996
0.250248
0.250248
0.250248
0.250248
0.00998445
-0.839656
-0.839656
0.597289
-0.218376
-0.109722
-0.109722
-1.47062
-1.29569
-0.481882
-0.481882
-0.481882
-0.481882
0.345711
0.345711
0.345711
-0.478988
-1.33558
0.0518607
0.0518607
-0.199832
-0.199832
0.699951
-0.346901
-0.346901
-0.398399
0.0194704
0.0194704
0.461926
0.461926
0.461926
0.461926
0.161906
0.161906
0.278915
0.278915
0.278915
0.278915
0.278915
-0.0559787
0.0800381
-0.334051
0.239525
0.239525
0.239525
0.239525
0.460941
0.460941
0.460941
0.460941
0.460941
0.460941
0.460941
0.460941
0.460941
0.460941
-1.17578
-1.17578
0.43481
0.43481
-0.760695
-0.760695
-0.760695
1.09675
1.09675
0.757241
0.757241
0.839962
-0.792577
0.148201
0.148201
-0.138029
-0.138029
0.200416
0.416152
0.416152
-0.296683
1.29744
1.29744
0.136571
0.136571
0.136571
1.03597
0.775075
0.775075
0.775075
0.875417
0.875417
1.26742
1.26742
0.602226
0.602226
-1.01126
0.286961
-0.0497271
0.273713
0.273713
0.273713
0.273713
-0.385176
-0.876723
-0.906798
0.390247
0.390247
0.390247
-0.742952
0.405938
0.405938
0.405938
0.00190142
0.00190142
0.303923
0.00689671
0.319506
-0.0325489
-0.0325489
-0.0325489
1.11356
-0.46661
-0.46661
-0.46661
-0.255055
0.597244
0.597244
0.597244
-0.263707
-0.263707
-0.0930964
-0.859704
-0.607766
-0.561301
-0.561301
-0.561301
0.379772
-0.336148
-0.336148
-0.538446
-0.538446
-0.306396
-0.306396
-0.0952678
-0.0952678
0.501728
1.12907
0.169076
-1.46364
-1.46364
-0.0856727
-0.0856727
-0.0856727
0.45254
0.22454
0.22454
0.242904
-0.508188
-0.508188
-0.508188
-0.508188
-0.0736581
-0.0736581
-0.0736581
-0.0736581
-0.242469
-1.74521
-1.74521
-0.404057
-0.404057
1.47436
1.47436
0.506868
0.326852
0.326852
-0.599329
0.609437
0.609437
0.609437
0.609437
0.285937
-0.563275
-0.563275
0.606304
0.606304
-0.561447
-0.561447
-0.561447
-0.561447
-0.561447
-0.561447
0.942768
0.845798
-0.19581
-0.19581
-0.19581
-0.19581
-0.465488
-0.715259
-0.883884
-0.188948
-0.0883468
-0.0883468
-0.0883468
-0.0883468
-0.0883468
-0.0883468
-0.0883468
-0.0883468
0.842467
0.912834
0.43214
-0.169181
-0.169181
-0.169181
-0.169181
-1.85068
-0.175207
0.644134
0.644134
0.644134
0.644134
-0.0446375
1.29569
1.29569
0.368893
0.197868
0.197868
0.197868
0.197868
0.197868
0.197868
0.197868
0.913986
0.660113
-0.308699
-0.924408
-0.10625
-1.20272
-0.991524
-0.991524
-0.991524
-1.54819
-1.7218
-0.0605788
-0.0605788
-0.222211
-0.222211
0.975341
0.369392
0.369392
0.369392
0.369392
0.369392
-0.350301
-0.350301
-0.289067
-0.289067
-0.289067
-0.183522
-0.615195
-0.0248452
0.396573
0.396573
-0.409974
-0.306606
0.951854
-0.596631
-0.596631
-1.1147
-0.080311
-0.080311
1.3847
1.3847
0.716934
0.716934
0.716934
0.716934
0.920714
0.0898833
0.0898833
0.0898833
0.101369
0.959047
0.746134
-0.239754
0.588488
0.588488
-0.292707
-0.17735
-0.17735
0.218469
-0.531777
0.314265
0.0438114
0.0438114
0.0438114
-0.0277221
-0.435746
-0.0807373
-0.0807373
-0.0807373
-0.0807373
-0.209365
-0.209365
-0.209365
-0.209365
-0.516682
-0.516682
-0.516682
-0.516682
-0.516682
-0.516682
-0.516682
-0.516682
-0.516682
-0.470024
-0.470024
0.165145
-0.203242
0.0438877
0.0438877
0.0438877
0.31728
0.31728
-0.990267
-0.990267
-0.296639
0.424259
0.0615745
-0.403359
0.677466
0.677466
-0.758447
-0.247715
-0.247715
-0.544231
0.635604
0.635604
0.635604
0.635604
-0.592471
-0.592471
0.346707
0.346707
0.772984
0.26847
0.26847
0.139501
-1.10333
-1.10333
0.30501
-0.37364
-0.37364
1.35442
1.35442
1.38884
0.621468
0.621468
1.36228
1.36228
1.36228
1.36228
1.36228
1.113
-0.380779
-0.380779
-0.380779
-0.0854118
-0.0854118
-0.706702
-0.706702
-0.706702
-0.370839
-0.370839
-0.290471
-0.290471
0.125377
-0.459269
-0.459269
0.230035
0.230035
-1.03433
-1.03433
-1.03433
-0.290181
-0.117691
0.391243
0.571982
-0.748117
-0.68397
-0.0854705
-0.0854705
-0.0854705
-0.0854705
0.00748604
0.00748604
-0.932732
-0.888604
0.184313
0.184313
0.184313
0.184313
0.0831283
0.0831283
-1.58666
0.258246
-1.2932
-0.506039
0.350249
-0.560436
0.207805
-0.13143
-0.13143
-0.13143
-0.13143
-0.12152
-0.12152
-0.12152
-0.12152
-0.12152
1.72977
-0.0793109
-0.0793109
-0.0793109
-0.534079
0.628127
0.408937
0.408937
0.408937
-0.0747574
0.399508
0.399508
-0.0562938
-0.0562938
-0.0562938
-0.0562938
-0.0562938
-0.0562938
0.524393
0.524393
0.524393
-1.31337
0.451933
0.451933
-0.210029
0.494941
0.494941
-0.232949
-0.232949
-0.232949
0.410521
0.410521
0.171357
0.705475
-0.0046243
-0.0046243
0.844291
-0.277455
-0.277455
-0.372503
-0.372503
-0.372503
-0.82781
-1.10033
-1.10033
-1.10033
0.206355
0.230997
0.230997
0.230997
0.230997
0.230997
0.230997
-0.399636
-0.399636
-0.399636
-0.399636
-0.399636
-1.00889
-1.00889
-0.319859
-0.450171
-0.975196
-1.09214
-1.09214
0.775014
0.775014
0.230189
-0.802072
-0.802072
-0.761652
-1.16228
-0.932684
-0.932684
-1.38102
-1.38102
-1.38102
-1.03829
-1.03829
-1.03829
0.107826
0.104491
0.104491
0.0663827
0.0663827
0.149179
0.826666
0.274087
0.274087
0.274087
0.274087
1.15097
0.704927
-0.531643
-0.531643
-0.531643
0.164122
-0.436133
0.648917
0.648917
0.648917
0.648917
0.648917
0.623595
0.371423
0.925931
-0.456114
0.175424
0.175424
0.175424
-0.129748
-0.129748
-0.887805
-1.53371
-1.53371
-1.53371
-1.21605
-0.258087
-0.258087
-0.258087
1.22313
-0.381104
-0.381104
-0.159901
-0.159901
-0.159901
-0.159901
-0.159901
-0.0853353
-0.323429
-0.323429
0.262971
0.325252
0.325252
-0.60629
-0.60629
-0.60629
0.610121
0.206351
0.206351
0.206351
-0.071644
-0.071644
-0.071644
0.167667
0.897479
-0.48578
-0.48578
-0.48578
0.79434
0.79434
0.79434
0.79434
0.0634039
-0.316331
-0.316331
0.161045
0.161045
0.161045
0.161045
0.161045
0.161045
-0.10144
-0.10144
-0.10144
-0.586712
-1.56631
-1.07473
-1.07473
-1.07473
-0.231044
0.0101464
0.0101464
0.0101464
0.664431
0.725706
0.725706
0.725706
-0.127758
0.237093
0.237093
0.247932
0.247932
0.247932
0.42832
-0.199907
-0.199907
0.940844
0.438292
0.438292
0.438292
0.332217
0.332217
0.332217
0.734812
0.859903
0.859903
0.859903
0.859903
0.859903
0.859903
-0.325207
-0.0285637
0.231419
1.19138
0.22112
0.22112
0.22112
0.22112
-0.128258
-0.128258
-0.128258
0.438137
-0.827387
-0.827387
-0.827387
-0.827387
-0.328815
0.431214
-0.422949
-0.422949
0.486422
0.697497
0.733578
0.733578
0.42778
0.42778
0.42778
-0.563728
-0.563728
-0.563728
-1.16708
0.174117
-0.995321
0.44984
-0.655388
0.930252
1.02391
0.933991
-0.529989
0.141092
0.141092
0.866748
0.472735
0.733456
-0.361879
-0.993355
-0.603417
-0.245974
1.27403
-0.220166
-0.105222
-0.105222
0.130814
0.130814
0.130814
0.130814
0.130814
0.130814
0.130814
-0.216823
0.505408
-0.401982
-0.282839
-0.282839
-0.282839
-0.282839
-0.282839
-0.282839
0.0448496
-0.255276
-0.255276
-0.636801
0.63289
0.63289
0.63289
0.63289
0.63289
0.63289
0.63289
1.09482
-0.663725
-0.940187
-0.708474
0.780472
-0.00648878
0.903298
-0.553244
0.29937
-0.630537
-0.0951064
-0.0951064
0.491877
0.491877
0.491877
0.133885
1.26795
1.26795
1.26795
1.02769
0.169944
0.169944
-0.121291
-0.121291
-0.166754
-0.166754
-0.166754
0.230225
0.0485535
0.0485535
0.321449
0.321449
0.321449
0.683625
0.516413
-0.238895
-1.08039
-1.08039
-1.08039
-2.23497
-1.47634
-0.117329
-0.117329
-0.117329
-0.117329
0.328592
1.30952
1.37863
0.191376
0.191376
0.528867
0.528867
0.528867
0.522712
0.410343
-0.808112
-0.280543
-0.280543
-1.25672
-1.65709
-1.29135
-0.445139
-0.445139
-0.445139
1.26915
1.26915
0.374647
0.374647
0.374647
-1.43159
-1.68558
-1.68558
-1.68558
-1.68558
-0.428294
-0.73162
-0.73162
0.0718677
-0.0820577
0.796395
-0.355709
-0.355709
-0.355709
0.164469
0.164469
-0.349871
-0.349871
-0.349871
-0.0992072
-0.675186
-0.764735
-0.662719
0.152093
0.152093
0.152093
0.152093
0.268585
1.18999
1.28056
1.94997
1.94997
0.996738
-0.0789041
-0.0789041
0.0961841
0.0961841
0.111314
0.111314
0.124928
1.17364
-0.629293
-0.304392
-0.304392
-0.304392
0.231116
0.231116
-0.50218
-0.50218
-0.50218
-0.50218
-0.50218
-0.50218
0.688331
0.147261
0.147261
0.147261
-0.133917
0.837179
0.837179
0.837179
0.175696
0.175696
0.682038
0.682038
0.618387
0.618387
0.618387
1.26084
-0.374905
-0.374905
-0.374905
0.416006
1.1215
-0.135563
0.634526
0.634526
0.634526
0.898817
0.300002
0.300002
0.553496
0.553496
-0.162931
-0.162931
-0.162931
1.03742
1.03742
1.03742
1.01312
1.03948
0.592811
0.592811
0.618851
0.618851
0.618851
-0.695044
0.702531
-0.0780396
-0.0780396
-0.0780396
-0.455822
-0.455822
-0.455822
0.392496
0.392496
0.341852
0.341852
0.341852
0.341852
0.341852
0.656037
1.10497
1.10497
1.10497
0.438761
0.438761
0.438761
-0.1896
-0.1896
-0.1896
-0.1896
-0.1896
-0.1896
-0.961194
-0.961194
-0.446332
-1.1506
-1.1506
-1.1506
-1.1506
0.725431
0.0353946
0.0395666
-0.344618
0.925816
0.925816
-0.487429
-0.487429
1.00141
0.50257
-0.993305
-0.993305
-1.23839
-1.23839
-1.23839
-0.543506
0.258114
-0.615292
-0.615292
-0.615292
0.269371
0.269371
-0.741307
0.883641
-0.363608
-0.363608
-0.358357
-0.679479
-0.39098
0.944905
-0.683312
0.0948426
0.691871
0.788857
-0.338684
-0.338684
-0.338684
-0.338684
-0.543922
-0.0212034
-0.0212034
-0.0212034
0.642286
0.227429
0.227429
0.227429
-0.682311
-0.682311
-0.407794
-0.407794
-0.407794
1.09588
1.09588
1.09588
0.490575
0.313915
0.314708
-0.206764
0.196052
0.0720526
0.0720526
0.874233
-0.156806
-0.156806
0.100263
0.100263
0.100263
0.100263
0.24939
0.24939
0.24939
-0.191028
0.0896117
0.0896117
0.0896117
-0.308376
1.25494
1.25494
-0.52907
-0.354911
0.209994
-0.303433
0.254807
1.04903
-0.166656
-0.166656
0.146131
0.146131
-0.198746
-0.198746
-0.198746
-0.198746
-0.900969
0.582057
0.582057
0.183436
0.183436
0.183436
0.434462
0.434462
0.434462
0.344759
0.347846
0.347846
-1.29464
-0.331049
0.853728
0.416591
0.985467
0.985467
0.985467
0.440189
0.440189
-0.930645
0.242992
0.197742
0.197742
0.197742
0.197742
0.197742
1.08916
1.08916
-0.734435
-0.734435
0.820374
0.780949
0.780949
0.780949
1.74236
1.59193
0.860381
0.639192
2.0972
0.380793
-0.384076
-0.384076
-0.384076
-0.384076
-1.37756
0.402604
-1.25774
0.377486
0.382516
0.382516
-0.684714
-0.303807
-0.303807
0.307285
0.307285
0.814296
-0.663398
0.749458
0.749458
-0.0106379
-0.830698
-0.830698
0.0703718
0.0703718
0.0703718
0.0703718
0.0703718
0.0703718
0.0703718
0.0703718
0.939502
-0.588418
0.379362
0.528568
-1.08012
0.615207
0.347086
1.20085
0.650348
0.650348
0.650348
0.650348
-0.999565
-0.999565
-0.999565
-0.999565
-0.999565
0.885882
0.673852
0.673852
0.673852
0.656402
1.31708
1.31708
1.31708
0.819631
0.819631
-0.670479
-0.670479
-0.670479
0.0747488
-0.140322
-0.140322
0.9177
-0.480941
-0.0452444
-0.0452444
-0.0452444
-0.0452444
-0.959154
-0.959154
-0.959154
-0.959154
0.634798
-1.1139
0.361432
0.361432
-0.399674
-0.413714
0.352879
0.352879
0.505599
0.336728
0.336728
0.627579
0.244484
0.244484
0.244484
0.244484
0.244484
-0.18051
-0.18051
-0.18051
-1.1152
-0.211602
-0.211602
-0.211602
-0.211602
-0.211602
-0.0306276
-0.0306276
-0.0306276
-0.0306276
-0.0306276
-0.0306276
-0.0306276
-0.0306276
0.321949
-0.221552
0.985452
0.985452
1.6068
1.43054
1.43054
-0.129236
-0.935768
-0.84542
-0.84542
0.98755
0.98755
0.967856
0.967856
0.967856
0.952505
0.952505
0.360702
0.360702
0.360702
0.360702
-0.4042
0.5173
-0.261173
-0.261173
-0.261173
-0.261173
-0.261173
-0.309484
-0.309484
-0.0686618
-0.392615
-0.392615
-0.392615
0.0748993
0.0748993
0.0748993
0.0748993
-0.276182
-0.276182
-0.224814
-0.224814
0.844676
0.844676
-0.793497
-0.793497
0.0866741
0.0866741
0.0866741
0.0866741
-0.326701
0.0875444
0.154885
0.154885
0.219285
0.610298
0.610298
-0.570876
-0.570876
-0.570876
-0.501625
-0.501625
0.301345
-0.979898
-0.979898
-0.979898
-0.611878
-0.0649199
-0.834544
-0.834544
-2.04744
-0.873866
0.389142
0.389142
-0.690346
0.270022
0.518551
0.565578
0.565578
0.565578
0.565578
0.565578
0.341499
0.341499
0.341499
0.435033
-1.0658
-0.898783
-1.5956
-1.89987
-2.17799
-0.703918
0.921103
0.921103
0.504512
0.3217
0.3217
-1.04265
-1.31013
0.400558
-1.17098
-1.17098
-0.338009
-0.338009
-0.802137
-0.802137
0.727126
-0.286614
-0.286614
1.56171
1.56171
1.24111
1.24111
-0.0845086
0.64072
0.64072
0.64072
0.416097
0.476112
0.476112
0.476112
0.476112
0.452874
0.452874
-0.627616
-0.627616
1.24269
0.447958
0.447958
-0.22459
-1.15921
-1.15921
-1.15921
-1.15921
-0.777869
-1.6074
-1.68071
-1.68071
-1.14702
-1.14702
-1.02017
-1.02017
-1.02017
-1.35267
-1.08306
-1.08306
-1.08306
-0.817581
-0.817581
-0.816528
-0.99704
-0.566259
-0.566259
-0.849265
0.916415
1.36132
1.36132
0.771975
0.771975
-0.479665
0.737477
0.737477
0.00440541
0.900459
0.356167
-0.22842
-0.22842
-0.486178
-0.486178
0.734316
0.0816581
-0.366694
-0.366694
0.193881
0.193881
-0.750561
-0.218569
-1.06674
-1.06674
0.614791
0.614791
-0.157995
-0.157995
-0.075453
-0.741188
-0.594642
-0.594642
-0.918386
0.556826
0.556826
-0.390934
0.186313
-0.127939
-0.649867
-0.649867
-0.584957
-0.584957
-0.584957
0.973392
0.350323
-0.482354
-0.482354
-0.482354
-0.482354
-0.103424
-1.65205
-1.65205
-1.65205
-0.693982
-0.433003
-0.0456782
-0.0456782
-0.0456782
-0.0456782
0.180617
0.367401
0.367401
0.367401
0.367401
0.367401
0.367401
0.652205
0.652205
0.474321
0.474321
-0.198881
-0.906271
0.165316
0.165316
0.165316
-0.259532
-0.259532
-0.259532
0.979012
0.979012
-0.0034955
0.00601824
0.407747
0.407747
-0.126908
0.0529841
-0.0418476
-0.0418476
0.762104
1.01543
-0.457469
-0.457469
-0.457469
-0.457469
0.859709
0.82818
0.776497
0.830552
-1.0075
0.698012
-1.05545
-1.05545
-1.05545
-1.05545
-1.05545
-1.05545
-1.08887
-1.08887
0.129466
-0.674262
1.14166
1.14166
-0.661213
-0.661213
-0.661213
-0.386441
-1.03872
0.682109
0.0934746
0.0934746
0.0934746
-0.120043
0.121787
0.586022
-0.100476
-0.100476
-0.100476
-0.629808
-0.629808
0.098699
0.098699
0.0126238
0.794087
0.794087
0.794087
0.749015
0.749015
0.491467
-0.138546
-0.138546
-1.0316
0.332967
-0.153812
-0.153812
-0.153812
1.15314
1.15314
1.15314
1.15314
1.15314
1.15314
1.15314
1.15314
0.549813
0.549813
0.681568
0.705678
-0.462268
1.20689
0.0556773
-0.701293
-1.1498
-1.04497
-1.04497
-1.04497
-1.04497
-0.296849
0.6783
-0.765369
-0.765369
-0.999484
-0.139899
0.300333
0.300333
0.300333
0.300333
0.300333
0.382608
0.166625
-0.792466
-0.792466
-0.792466
-0.199612
-0.199612
-0.199612
0.730819
0.730819
0.997071
0.997071
0.0616596
0.0616596
0.0616596
1.10331
1.10331
0.522487
0.209339
0.856704
0.44283
0.338504
-0.9513
-1.18878
-0.900105
-0.900105
-0.365032
-0.365032
-0.580428
0.402018
0.402018
0.402018
1.06824
1.00812
1.00812
0.38592
0.589832
1.05782
1.05782
0.536141
-0.438666
-0.584726
0.13793
0.13793
0.13793
0.13793
-0.717052
-0.717052
-0.717052
-0.717052
-0.586545
-0.503591
1.21441
-0.511381
0.685076
-0.311131
0.304027
0.304027
0.578355
0.374149
-0.609255
-0.609255
-0.609255
-0.609255
-0.609255
-0.609255
-0.0580186
-0.0858709
-0.767777
-0.882476
-0.882476
-0.882476
-1.21108
-0.635106
-0.635106
0.205478
-0.491843
-0.491843
-1.54508
-1.54508
0.121741
0.121741
0.121741
0.121741
-0.285059
-0.285059
-0.285059
0.661112
0.359792
0.359792
0.359792
0.359792
0.359792
0.359792
0.359792
0.359792
-0.288949
-0.288949
-0.288949
-0.288949
-0.114329
-0.114329
-1.0437
-1.02926
-1.02926
-0.407133
0.0581547
0.0581547
0.0581547
0.0581547
-0.388402
-0.388402
-0.690626
0.0799287
-0.66439
-0.66439
0.39106
0.39106
0.52946
1.10247
1.95936
1.95936
1.95936
1.95936
1.30461
0.754515
0.754515
0.855924
-0.758438
-0.248854
-1.20483
-1.20483
-1.20483
-1.20483
-1.20483
-1.20483
0.012702
-0.129628
-0.568787
-0.568787
-0.568787
-0.568787
-0.568787
-0.568787
0.478954
0.478954
0.478954
-0.423598
-0.423598
0.543022
1.14768
0.579157
-0.517644
0.672704
0.672704
1.21588
1.21588
1.21588
-0.289086
-0.0143531
-0.744934
-0.744934
-0.744934
-0.720885
-0.720885
0.343318
0.696984
0.820105
-0.657542
0.438291
0.438291
-0.23581
-0.23581
-0.239837
-0.863203
-0.863203
-0.749378
-0.749378
0.784715
0.0530571
0.0530571
-0.14325
-0.14325
0.835763
0.494699
0.494699
0.495032
-0.62112
-0.50933
-0.50933
-1.54739
-1.54739
-1.54739
-0.97996
-0.97996
-0.97996
-0.97996
-0.954031
0.588039
0.698914
0.511498
0.511498
0.859832
0.859832
0.017592
-0.235975
0.690825
0.690825
-0.958439
-0.958439
-0.806018
-1.30519
0.213752
-0.192683
-0.493881
-0.264021
-0.264021
-0.264021
-0.264021
1.13343
1.13343
0.122569
0.122569
0.3268
0.685719
-1.00151
-0.89385
-0.524655
-0.16023
0.0250624
0.0250624
0.228525
0.228525
0.228525
0.228525
0.228525
0.228525
0.686552
0.39748
-0.266783
-0.266783
-0.776986
-0.289533
0.471957
0.471957
-0.923915
-0.923915
-0.923915
0.472103
0.472103
-1.2647
-1.2647
-0.0975666
-0.0975666
-0.0975666
0.563157
-0.526608
-0.526608
-0.526608
-0.72746
-1.38094
-1.38094
-0.363943
-0.363943
-0.363943
0.471325
0.471325
0.467068
-0.138564
-0.138564
-0.138564
-0.138564
-0.672076
-0.896631
-1.73834
-0.714199
-0.714199
0.690793
-0.538429
-1.87724
-0.408835
0.132975
0.365156
0.365156
0.365156
-0.136551
-0.546797
-0.546797
-0.546797
-0.546797
-0.546797
0.0618665
0.0618665
0.0618665
-0.576553
-1.24172
0.615443
0.615443
0.615443
0.478734
0.478734
0.478734
0.478734
0.376886
0.403583
0.403583
-1.20346
0.10034
0.0205068
-0.371762
-0.51982
0.152544
0.152544
0.152544
0.219462
0.805227
-0.182143
-0.182143
-0.786567
-0.695864
-0.695864
0.505975
0.941285
-0.13137
0.246102
0.956969
0.956969
0.919144
0.919144
-0.789726
0.607347
0.607347
0.607347
0.607347
-0.648658
-0.648658
-0.648658
-0.648658
1.02315
-0.586213
0.189722
0.295827
-0.0599576
-0.0599576
-0.157177
-0.571934
-0.571934
-0.128286
0.0817156
0.0508319
0.139225
0.139225
-0.576522
-0.283552
-0.283552
-0.283552
-0.283552
-0.203475
-0.782273
-0.782273
-0.782273
-0.782273
-0.782273
0.0927201
-0.223256
-1.00443
-1.41236
-1.58622
-1.16644
-0.485811
-0.615002
-0.615002
0.167448
-1.61625
-1.61625
-0.653113
-0.653113
-0.653113
-0.653113
-0.653113
-0.653113
-1.22139
-1.22139
-1.22139
-1.22139
-1.22139
-0.420934
-0.0279504
-0.0279504
-0.0979195
-0.0901393
-0.0901393
1.10942
0.993026
-0.461399
-0.715139
-0.715139
-0.594689
0.65264
0.65264
0.65264
0.65264
0.65264
-0.820861
-0.820861
-0.820861
0.157843
0.727014
-1.01896
-1.01896
-0.88034
-0.88034
-0.88034
-0.297303
0.0488038
-1.63154
0.00691818
0.217314
0.862867
-0.203666
-0.203666
0.913578
-0.398937
-0.398937
-0.398937
-0.121852
-0.121852
-0.124853
0.866018
0.866018
-0.946024
-0.946024
0.580866
-0.322514
-0.322514
-0.484831
-0.484831
-0.484831
-0.484831
0.187719
-1.01732
0.87425
1.19263
1.19263
0.649155
1.08206
1.08206
-0.229895
-0.229895
-0.229895
-0.229895
-0.229895
0.177143
0.285888
0.252143
0.252143
-0.0463714
-0.0463714
0.164974
0.2459
0.0971735
0.0971735
0.0971735
0.533678
0.533678
-0.570976
0.123076
0.971438
-0.420264
-0.420264
-0.962974
-0.34782
-0.34782
-1.17443
-1.17443
-0.56657
-0.56657
-0.431586
-0.550772
-0.550772
0.824953
0.824953
-0.128017
-0.128017
-0.128017
0.944289
0.772933
0.772933
0.475069
0.475069
-0.253302
-0.253302
-0.431959
0.73163
0.73163
-0.779864
-0.779864
-0.779864
0.684412
0.0188289
0.325785
0.325785
-0.320083
-0.320083
-0.320083
-0.320083
-0.320083
0.604153
0.604153
-0.843865
-0.843865
0.188073
0.188073
0.188073
0.436735
1.0477
1.0477
0.514378
0.658059
1.74891
1.11595
1.11595
0.0997336
0.0997336
1.22009
1.22009
0.206619
0.206619
-1.16986
-0.784222
-1.2972
-0.946383
-0.509476
-0.509476
-0.509476
-0.509476
-0.509476
-0.509476
0.291817
0.187933
0.187933
-0.691181
0.203647
-0.44923
-0.44923
-0.44923
-0.44923
-0.44923
-0.810139
0.921704
-0.707568
-1.03887
-0.204036
0.284849
0.284849
0.791264
0.791264
0.791264
0.401348
0.513388
-0.46803
-0.46803
-0.46803
-1.00241
0.322066
0.322066
0.322066
0.322066
0.322066
1.08379
-0.254316
-0.798723
0.188818
-0.192984
-0.192984
-0.192984
0.0345609
-0.333349
-1.71931
-1.71931
-0.601743
0.677465
0.677465
0.677465
-0.131638
-0.131638
0.796435
0.796435
0.796435
-0.716405
1.1083
1.1083
1.1083
1.1083
1.1083
-0.597773
-0.597773
-0.597773
-0.597773
-0.676457
-0.676457
-0.676457
0.182417
0.188359
0.188359
0.188359
0.188359
0.188359
-0.435705
-0.972695
-0.972695
-0.42471
-0.42471
-0.42471
-1.33959
-1.33959
-1.33959
-1.33959
-1.33959
-1.5016
-1.64111
-1.64111
-1.64111
0.0133704
0.0133704
0.0133704
0.0133704
0.0133704
0.0133704
0.0133704
-0.121254
-0.976321
-0.976321
-0.976321
-0.26215
0.0184552
0.0184552
0.0184552
0.0184552
-1.27548
-0.139786
-0.139786
-0.139786
0.647836
-0.994254
0.770619
0.366214
0.55883
-0.125394
0.219002
0.391732
0.391732
0.391732
0.391732
0.391732
0.391732
0.391732
0.391732
0.252031
0.252031
0.252031
-0.554462
0.123111
0.123111
0.123111
0.123111
-0.96483
-0.96483
0.587634
0.587634
0.587634
-1.16979
-1.46547
-1.46547
-0.886854
-1.28957
-1.28957
-0.394204
-0.394204
-0.394204
-0.394204
-0.394204
0.424916
-0.231889
0.306047
0.306047
0.478165
0.478165
-1.37175
-1.37175
-0.985247
-0.454736
0.268365
0.481886
-0.35313
-0.35313
-0.35313
-0.35313
-0.35313
-0.35313
-1.39677
-1.39677
-1.39677
0.307219
-0.168218
-0.168218
-0.168218
-0.168218
-0.168218
0.604701
0.730105
0.31364
-1.26638
-1.26638
-1.26638
0.114942
-0.978467
0.676158
-0.767232
-0.578919
-0.585783
0.128094
0.810902
-0.394546
-0.394546
-0.383987
-0.383987
-0.383987
-0.383987
0.608316
-0.397026
0.179008
-0.916534
-0.322403
-0.322403
-0.805979
-0.68435
-0.68435
-0.340451
-0.111511
0.156953
0.156953
-0.174978
-0.174978
-0.174978
-0.174978
0.502073
-1.23314
-1.18161
-0.561373
0.830051
0.830051
0.830051
0.896301
-0.748599
0.0943835
0.753257
-1.13854
-1.13854
-0.456975
-0.456975
-0.456975
0.817961
-1.03192
-0.851498
-0.450628
-0.450628
-0.450628
-0.450628
-0.450628
-0.450628
1.30415
0.899833
0.899833
-0.940363
-1.4905
-1.4905
-0.411396
-0.411396
-0.411396
-1.63477
-2.45246
-2.56217
-1.98414
-1.25256
-0.208942
-0.208942
-0.208942
-0.208942
-0.233444
-0.247655
-0.28825
-0.28825
-0.28825
-0.28825
0.6444
0.6444
0.602067
0.646316
0.646316
0.646316
0.508701
0.014646
0.014646
0.884942
-0.0508192
-0.0508192
-0.0508192
-0.0508192
0.173984
0.173984
-0.594753
-0.650232
0.199095
1.04534
1.04534
1.04534
0.719586
0.710793
-0.166703
-0.166703
-0.166703
-0.166703
-0.644042
-0.131583
0.282145
0.282145
0.282145
0.00247549
0.00247549
0.401276
0.401276
1.44205
1.44205
0.163709
0.163709
0.678149
0.709704
0.51513
-1.17354
-1.17354
-1.70046
-1.01944
-1.01944
0.631883
0.631883
1.29435
1.29435
1.29435
1.29435
-0.268773
0.195933
0.195933
-1.24003
-1.22815
-1.54534
0.186525
0.186525
0.186525
0.665056
0.665056
0.665056
-1.16643
-0.0169429
-0.0169429
-0.351487
-0.351487
-0.351487
0.328787
-1.08348
-1.10317
0.168218
0.401945
-0.0139278
-0.0139278
-0.0695064
-0.768338
-0.0135522
-0.0135522
-0.0135522
-0.0241266
0.170459
0.170459
-0.448058
1.12551
1.12551
-0.400813
0.583474
0.0178914
0.421453
-0.532685
-0.532685
-0.532685
-0.532685
-0.532685
-0.532685
0.051431
0.051431
-0.310321
-0.310321
-0.310321
0.0112484
0.0112484
-0.0895444
-0.0895444
-1.56051
-1.56051
-1.56051
-1.56051
-1.56051
-0.736092
-0.426464
-0.426464
-0.116223
-0.116223
0.211455
0.67086
0.67086
0.0412196
0.0412196
0.0412196
0.0412196
0.0412196
0.0412196
0.0412196
0.0412196
0.899584
0.899584
-0.339484
0.635025
-0.167768
-0.167768
0.465557
0.151456
-0.209707
-0.902665
-0.634534
-0.142077
0.0467105
0.113516
-0.152195
-0.152195
-0.152195
-0.152195
0.194292
0.194292
-0.652706
-0.652706
-0.652706
-0.652706
1.00088
0.533434
0.533434
0.533434
0.533434
0.533434
0.533434
0.965043
1.9389
1.9389
1.9389
1.9389
0.21416
0.21416
0.435532
0.435532
0.435532
1.47934
1.52046
1.69583
0.951365
0.951365
0.951365
-0.135265
-0.135265
-0.135265
-0.12548
-0.137968
-0.137968
-0.137968
0.443509
0.443509
-0.674529
-0.674529
0.520235
0.520235
0.0344025
0.0344025
0.0344025
0.300615
0.300615
0.300615
0.300615
0.300615
0.300615
0.300615
-0.167401
-0.88851
-0.88851
-1.49694
-1.57018
-1.57018
-0.231693
0.277536
0.277536
0.277536
-0.363955
-0.363955
0.360678
0.0483336
0.0483336
0.656782
0.348445
0.348445
0.348445
0.596684
-1.17863
-1.17863
-1.17863
-1.01394
-1.01394
-0.533271
-0.533271
1.32766
-0.518819
-0.518819
-0.518819
-0.0447053
-0.0447053
-0.299245
-0.362052
-0.362052
-0.362052
-0.362052
1.00903
1.00903
0.612535
-0.664056
-1.00366
-0.390084
-0.390084
-0.390583
-0.390583
-0.390583
-0.390583
-0.390583
0.087814
0.087814
-0.843671
-0.352153
-0.352153
-0.352153
0.823353
0.823353
-0.88497
-1.74221
-1.27771
-0.883942
0.883388
-0.983719
-0.983719
0.615082
0.0678175
0.0678175
-0.272062
-0.0189371
-0.0189371
-0.0189371
-0.370034
0.7448
0.7448
0.7448
-0.526479
-1.02505
-1.02505
0.359717
0.359717
0.459562
-0.839369
-0.839369
0.445446
0.863985
0.965329
1.04223
-0.0615259
-0.0615259
-0.0615259
-0.0615259
-0.0615259
-0.0615259
-0.0628921
-0.0628921
-1.21247
0.252921
-0.658868
-0.714145
0.213847
0.759806
-0.431106
-0.821829
-0.821829
0.761539
-0.701341
-0.701341
-0.701341
0.56405
0.00652624
-0.585646
-0.585646
1.04747
1.83731
1.83731
1.62852
1.56313
1.56313
0.196779
0.196779
0.196779
0.196779
-0.263311
-0.263311
-0.170303
0.927467
0.254948
0.254948
-1.2679
-1.2679
-1.2679
-1.2679
-1.2679
-1.2679
-0.904107
-0.904107
-0.904107
-0.904107
0.375101
-0.308536
0.1761
0.1761
0.1761
-0.287987
-0.784136
-0.784136
0.519203
-0.704312
0.0313013
0.0313013
0.0313013
0.256186
0.256186
0.333193
-0.55911
-0.630514
-1.05742
-1.05742
-1.05742
0.797593
0.797593
0.267483
0.111896
-1.24517
0.337591
0.337591
0.337591
0.337591
0.159575
-0.256427
0.356594
0.356594
0.958047
-0.482173
-0.482173
0.0491275
0.0491275
-0.0184694
-0.0184694
-0.0184694
-0.379445
0.594785
0.594785
0.0639256
0.0639256
0.0639256
0.0639256
0.0639256
-0.684787
-0.415658
-0.415658
0.862786
-0.104799
-0.104799
-0.104799
-0.104799
-0.229937
-0.229937
-0.229937
-0.229937
-0.229937
-0.229937
-0.844802
-0.0593683
-0.0593683
-0.0593683
-0.0593683
-0.0593683
0.178853
-0.29047
-0.29047
-0.29047
0.146177
0.0602385
1.09792
1.09792
1.09792
0.66634
0.66634
0.66634
1.31804
0.0345913
0.0345913
0.000571828
0.579597
0.579597
0.579597
0.579597
0.579597
0.579597
0.579597
-1.15645
-0.446832
-0.446832
-0.522352
-0.25755
1.15101
1.15101
1.29708
0.840304
0.99397
-0.110332
-0.110332
0.205002
0.205002
0.205002
1.1234
1.1234
1.1234
1.1234
1.1234
0.512398
-0.483305
-0.814377
0.020471
0.020471
-1.42204
-1.42204
-1.42204
-1.42204
-1.42204
-1.42204
-0.537075
-0.537075
-0.537075
-0.537075
-0.537075
-0.775512
0.802703
0.591796
0.591796
-0.347508
-0.347508
-0.347508
-0.347508
-0.347508
1.22231
1.22231
-0.514831
0.43255
0.43255
0.43255
0.43255
0.43255
0.755206
0.62959
0.62959
0.564956
0.564956
0.564956
0.564956
0.564956
0.564956
-0.586213
-0.722301
0.0252764
0.0252764
0.206643
0.206643
-0.174652
-0.174652
0.0291228
0.0291228
0.0291228
-1.05323
-0.322959
-0.322959
-0.322959
-0.322959
-0.318566
-0.318566
1.39788
1.39788
1.4949
0.176029
-0.520636
-0.520636
-0.520636
-1.00893
0.246209
0.246209
0.246209
0.246209
0.246209
0.246209
0.246209
0.246209
-0.0512694
-0.0512694
-1.2302
0.480376
0.466019
0.466019
-0.0732531
0.0457277
0.0457277
0.678345
1.1
2.11726
1.45298
0.713053
0.713053
0.153092
-0.140114
0.578802
0.73269
-0.341599
-0.752153
-0.35674
0.734953
-0.465835
-0.465835
0.468615
-0.338057
-0.90736
-0.847397
0.723875
1.19557
0.21363
0.21363
-0.0398495
-1.90511
-1.90511
-0.0997874
0.187546
0.187546
0.187546
0.187546
0.187546
0.187546
-0.995755
-0.995755
-0.796949
-0.604136
-0.604136
-0.622641
-0.622641
0.381832
0.381832
0.381832
0.381832
-0.0836438
0.550311
-0.558358
0.527545
-0.705044
-1.02861
-1.02861
-1.3286
-1.3286
-0.706746
0.895333
0.895333
0.815074
0.815074
-0.883605
-0.883605
-0.808722
-0.769043
0.282989
0.282989
0.282989
0.282989
0.282989
0.27964
-0.799811
0.49555
0.675762
0.346444
0.346444
0.346444
0.133742
-0.161613
-0.161613
-0.161613
-0.161613
-0.161613
0.550904
0.767293
0.767293
0.674349
0.674349
0.318863
-0.498967
0.433174
0.433174
-0.176962
-0.176962
-0.176962
-0.176962
-0.176962
-0.176962
-0.176962
0.668329
-0.106397
-0.106397
-0.106397
-0.106397
-0.106397
-0.106397
-0.106397
0.579193
0.579193
0.579193
-0.0976631
-0.0976631
-0.0976631
0.436059
-0.6292
0.567052
-0.705451
0.42204
0.588393
-1.17702
-1.17702
-0.968969
-0.968969
-0.216849
-0.216849
-0.216849
-1.02799
-1.25786
-1.25786
-1.19966
-1.19966
-1.19966
-1.19966
-0.469584
-0.469584
0.38491
-0.127466
-0.127466
0.0503656
0.0503656
0.0503656
0.719638
1.71739
0.742018
0.742018
0.364414
0.364414
-0.289105
-0.289105
0.325624
0.337537
0.337537
0.337537
0.337537
0.337537
-0.316686
-0.316686
-0.194633
0.330934
0.330934
0.330934
0.330934
0.330934
-0.0499131
-0.330581
0.588315
0.588315
0.588315
-0.0621183
-0.679395
-0.150441
-0.150441
-0.150441
-0.150441
-0.150441
0.391659
0.391659
0.66732
-0.113282
-0.113282
0.656132
0.656132
0.656132
0.656132
-0.24801
-0.24801
1.0364
-0.0985648
-0.971978
-0.971978
0.121538
0.121538
0.897916
0.897916
0.897916
-0.262225
-0.262225
-2.15119
-0.439032
-0.439032
-0.439032
0.728206
0.469077
0.469077
0.469077
0.469077
-0.708578
1.07254
1.46727
1.46727
1.46727
1.46727
0.909338
0.909338
0.423976
-0.509988
-0.356129
0.305544
0.305544
-0.75049
-1.1381
-0.965715
-0.0789946
-0.699268
-0.699268
0.504658
-0.592887
0.233245
0.233245
-1.44433
-1.44433
-0.487821
-0.0951644
0.389076
0.389076
0.389076
0.389076
0.389076
0.389076
0.389076
-0.297642
0.467961
0.467961
-0.730397
-0.867877
-0.867877
0.696922
-0.520411
-0.520411
-0.520411
-0.520411
-0.98383
0.530867
0.530867
-0.160352
-0.160352
-0.160352
0.18514
0.18514
-1.33324
0.293925
0.293925
0.293925
-0.566141
-0.859776
-0.0100555
0.995003
-0.0109842
-0.0109842
1.10335
1.10335
1.15716
-0.109314
-0.109075
-0.260363
-0.260363
-0.260363
-0.260363
1.03232
-0.133168
0.740889
0.740889
-0.959168
0.588497
-0.593934
1.2769
1.17752
-0.0245988
-0.0245988
-0.0245988
-0.0245988
-0.0245988
-0.0245988
-0.0245988
-0.772618
-0.772618
-1.11092
0.117606
0.117606
0.117606
0.117606
-1.2115
-1.2115
-0.134415
-0.134415
-0.134415
0.371584
0.371584
0.756535
0.502428
0.502428
-1.17051
-0.569891
-0.569891
-0.359368
-0.359368
0.673296
0.673296
0.673296
0.0964492
0.212255
0.212255
0.212255
-1.59644
-0.346082
-0.231462
0.209432
0.209432
0.51057
-0.330471
-0.682567
0.234844
-0.367662
-0.367662
0.214894
0.214894
-0.0288418
-0.25478
-0.0353011
-0.0353011
-0.0353011
-0.0353011
-0.0353011
-0.0663112
-0.0663112
-0.0663112
0.506105
0.506105
0.506105
-0.475097
0.0351875
0.0351875
-0.368904
0.330492
-0.0427985
-0.0459364
-0.0459364
-0.0459364
0.534165
0.0396931
0.0396931
-0.382902
-0.382902
-0.382902
-0.382902
-0.382902
0.326436
-0.598055
0.940885
0.824709
0.824709
0.785797
0.785797
0.785797
0.785797
-0.62371
0.445314
1.063
1.063
0.512373
0.512373
0.711912
-0.641931
0.959008
-0.91656
-1.06373
-1.06373
-1.06373
-0.140802
-0.140802
-0.140802
-0.428641
0.115807
-0.941266
-0.941266
-0.941266
-0.941266
0.387201
-0.210797
-0.210797
0.84082
-0.220615
0.0534912
-0.535922
0.50487
-0.450588
-0.897759
-0.897759
-0.897759
-1.08278
-1.08278
-0.804858
-0.804858
-0.553209
-0.553209
-0.553209
-0.108985
-0.30026
-0.30026
-0.30026
-0.569836
0.771547
0.863609
-0.822335
-0.822335
0.839543
0.839543
0.31787
0.31787
0.31787
0.31787
0.31787
-0.428243
-0.156218
0.128529
0.484169
-1.17151
0.683323
-0.0459153
0.264954
0.264954
0.611594
0.611594
0.611594
0.728241
0.28918
-0.0654237
0.607185
0.607185
1.16739
0.533083
0.533083
0.533083
-0.588644
0.147274
-0.908399
-0.908399
-0.495884
0.569972
0.569972
0.31179
0.697819
-1.00659
-1.00659
0.657729
0.657729
0.657729
-0.0933409
-0.0933409
1.29025
0.110875
0.110875
0.110875
-0.784257
0.646942
0.646942
-0.616308
-0.790025
-0.790025
0.963217
0.963217
0.963217
0.963217
1.22015
1.22015
-0.335576
-0.335576
-0.335576
1.37947
1.54907
1.54907
0.401412
0.626292
0.319499
0.319499
0.773552
-0.482026
-0.482026
-0.482026
-0.482026
-0.168015
-0.168015
-0.168015
-0.168015
-0.267549
0.160605
0.160605
-0.573583
-0.573583
-1.22686
-1.22686
-1.22686
-1.22686
-0.999881
0.730809
0.153528
0.153528
-0.28893
-0.28893
-0.181668
0.390664
0.390664
-0.0646001
0.906761
-0.13903
-0.13903
0.78552
-1.07026
0.312412
0.312412
0.312412
0.532766
0.532766
-0.223134
-0.223134
-0.223134
-0.223134
-0.223134
-0.223134
-0.223134
-0.646769
0.961834
0.961834
-0.752496
-1.28894
-1.28894
-1.28894
-1.28894
-0.950182
-0.964239
-0.116668
1.07938
1.07938
-0.588212
-0.588212
-0.588212
-0.123862
0.317851
0.317851
0.317851
0.317851
0.931278
0.931278
0.182114
0.135664
0.975247
0.975247
0.697153
1.23548
1.73862
0.957036
0.957036
0.957036
0.129663
0.129663
-0.0935926
-0.964875
-0.854075
-1.41623
0.368719
0.272565
0.331685
0.331685
0.331685
0.218021
-0.390291
0.194527
-0.757989
-0.770444
-0.770444
-0.770444
-0.770444
-0.744361
-0.744361
-0.744361
1.10161
1.10161
0.206822
0.206822
0.206822
0.206822
0.206822
-0.430815
0.986546
0.986546
2.24757
1.01321
-0.638011
-0.638011
-0.638011
0.888638
-0.630157
-0.630157
0.650467
0.650467
0.650467
0.456509
0.170286
0.170286
0.527343
0.527343
1.22
1.22
1.22
-0.281253
-0.281253
0.00612442
0.00612442
0.00612442
0.00612442
0.00612442
-1.2952
-1.64475
-1.64475
-1.77338
-1.91179
-1.91179
-1.91179
-1.91179
-2.26803
-0.725343
-0.379018
-0.379018
-0.379018
-0.379018
-0.379018
-0.379018
-0.654799
-0.372063
-1.74693
-1.74693
-1.74693
-0.527501
-0.527501
-1.18051
-0.108698
0.423822
-0.607496
0.102942
0.102942
0.102942
-0.56539
-0.904566
-0.904566
-0.0930577
-0.0930577
-0.177273
0.698319
-1.0413
-1.0413
-0.518338
0.0923202
0.0923202
0.0923202
0.0887936
1.24787
1.24787
1.24787
0.856844
0.856844
0.903022
0.903022
0.548275
0.226144
0.226144
0.226144
0.226144
-0.00468666
-0.294334
-0.294334
-0.294334
-0.294334
0.509122
-0.594994
-0.594994
-0.31538
-0.31538
-0.31538
-0.31538
-0.31538
-1.12007
-1.12007
-0.218123
-0.218123
-0.284825
0.847845
0.561329
0.200854
0.200854
0.334285
-1.08603
-1.08603
0.26557
0.26557
0.26557
0.26557
-0.0563373
0.163164
0.163164
0.163164
0.809198
0.809198
0.809198
0.523807
0.523807
-0.514935
1.08205
1.08205
0.929038
0.929038
1.66243
1.66243
1.2413
1.17464
1.14788
1.14788
1.14788
0.0164392
-1.44309
0.276817
0.315027
0.000651354
0.000651354
0.000651354
0.339363
0.339363
0.339363
0.339363
1.11273
0.594865
0.594865
0.456829
-0.174984
-0.174984
-1.13852
-1.01524
-1.01524
0.354768
0.354768
0.354768
0.354768
0.354768
0.588888
0.588888
-0.946467
-0.946467
-0.946467
-0.946467
-0.946467
-0.825535
-0.825535
0.76741
0.76741
0.503675
0.391482
0.216383
0.216383
0.216383
-0.324946
-0.324946
-0.324946
1.01076
1.01076
0.83915
0.643405
-0.606009
-0.606009
0.126776
0.126776
0.126776
-0.593478
0.361236
0.361236
0.361236
-0.582957
-0.582957
-1.52689
0.221216
-0.889612
-0.940358
-0.940358
-0.288097
-0.288097
0.981162
0.981162
-0.332221
-0.332221
-0.332221
-0.332221
-0.332221
0.122346
0.122346
0.122346
0.591595
0.591595
-0.782491
0.981991
0.300392
0.529917
-0.380214
-0.380214
-0.891583
-0.891583
-0.891583
0.137911
0.137911
0.084957
0.984452
-0.187643
0.400623
0.400623
0.400623
0.400623
0.400623
0.400623
-0.26619
-0.26619
-0.26619
-1.68906
0.161925
0.354648
0.969862
0.969862
-0.54008
-0.54008
1.08401
0.591607
0.591607
-0.982497
-0.671385
-0.671385
-0.671385
-0.953132
-0.953132
-0.953132
-0.953132
-0.953132
-0.953132
-0.775349
-0.628181
-0.0804516
-0.0804516
-0.0804516
-0.0804516
0.880125
0.564769
-0.811242
-0.212582
-0.962845
-0.962845
-0.377154
0.194788
0.194788
0.797805
0.483991
-0.388886
-0.388886
0.242101
0.242101
0.307416
0.307416
0.245826
0.245826
1.13124
1.13124
0.298785
0.298785
0.298785
-0.236598
-0.32673
0.92782
-0.676238
-0.676238
-0.676238
-0.0330918
-0.0287716
-0.0287716
0.463709
0.302885
0.302885
0.302885
0.302885
0.73795
0.472022
-0.594658
-0.594658
-0.555877
-0.579463
0.31406
0.31406
-0.714422
-0.372559
0.625683
-1.10112
-1.10112
-1.10112
-1.10112
-0.420719
-0.420719
-1.09244
-0.180068
0.264723
0.264723
0.111452
0.111452
0.111452
0.0931697
-0.650851
-0.650851
-0.650851
1.09931
1.09931
-0.296513
-0.296513
-0.296513
0.601093
-0.692807
-0.692807
-0.0475867
-0.0475867
-0.0475867
-0.0475867
-0.0475867
-0.0475867
-0.0475867
-0.146401
-0.558815
-0.558815
-0.558815
-0.806957
-0.332708
-0.332708
-0.332708
0.195385
0.195385
0.195385
-1.0904
-0.642176
-1.25468
-1.25468
0.41626
-0.65839
-0.610814
-0.610814
-0.0647209
-0.0647209
-0.0647209
0.206741
-0.935182
0.28515
-0.725949
0.898357
0.898357
1.09083
0.69628
-0.200637
-0.0359721
-0.565442
-0.565442
-0.171022
-0.171022
-0.171022
0.271067
0.271067
0.271067
1.21719
0.812244
0.895233
0.205155
-0.442121
0.89708
0.503511
0.503511
0.312589
-0.588607
-0.870114
-0.870114
-0.398631
0.205522
1.18712
-0.284795
0.302374
0.302374
0.302374
0.302374
0.305097
0.270355
0.270355
-0.425758
-0.425758
-0.425758
-0.103968
-0.812022
-1.80852
-0.995244
-0.0146898
0.724067
-0.150632
-0.864457
0.123412
0.123412
1.92518
1.51595
0.812253
0.812253
0.446551
0.446551
-0.606906
-0.606906
0.202244
0.202244
0.841626
0.841626
0.841626
-0.634534
-0.634534
-0.30625
-0.0471062
-0.0471062
1.33093
0.143042
0.0787088
-0.515
-0.515
-0.515
-0.515
-0.515
-1.04031
-1.04031
-1.04031
-0.502332
0.592962
-0.140132
0.38495
-0.515991
-0.515991
-0.515991
-0.515991
-0.658825
-0.658825
-0.658825
-0.472928
-0.511919
-0.511919
-0.89882
-0.89882
-0.118959
-0.118959
0.371547
0.371547
0.371547
0.371547
0.756976
0.756976
0.755209
-0.0458685
-0.0458685
-0.0458685
-0.0458685
-0.0458685
-0.0458685
-0.0458685
-1.34944
-1.14052
0.0820988
0.802605
0.65424
0.65424
1.67293
1.67293
1.71769
0.609527
-0.783969
-0.783969
-0.125151
0.855339
0.855339
0.855339
0.388459
0.388459
0.388459
0.388459
0.388459
0.388459
0.388459
0.388459
-0.206855
-0.206855
-0.802982
-0.802982
-0.69457
-0.69457
-0.230866
-0.230866
0.319864
0.319864
0.319864
0.319864
0.319864
0.319864
0.319864
0.319864
-0.352593
-0.352593
-0.567475
0.317678
0.317678
0.317678
0.317678
0.919147
0.575532
-0.922428
0.762439
0.717421
0.707711
0.447669
0.336701
0.336701
-0.19588
-0.19588
-0.19588
-0.19588
-0.233603
-0.233603
-0.233603
-0.233603
-0.233603
-1.76775
-0.940251
0.54222
-0.398144
0.196424
-0.773392
-0.22204
-0.22204
-0.22204
-0.22204
-0.22204
-0.22204
-0.22204
-0.22204
0.861922
0.861922
0.744969
-0.193302
-0.193302
-0.193302
-0.193302
-0.352551
0.166247
0.179963
0.179963
0.179963
-0.0187486
-0.0187486
-0.0187486
-0.0216747
0.146519
0.457708
-0.43675
-0.213079
-0.213079
-0.213079
-0.213079
0.700001
0.524531
0.524531
0.524531
-0.340905
0.334586
0.334586
-0.533388
0.230446
0.230446
0.230446
0.736712
1.13708
-0.595358
-0.595358
0.52731
-0.504287
-0.504287
-0.504287
-1.20243
0.390267
0.390267
0.390267
-0.892615
-0.892615
0.620752
-0.630266
0.475633
0.475633
0.519106
0.00174678
0.00174678
0.0760486
0.0760486
0.198924
0.198924
0.198924
0.559531
0.559531
0.559531
0.425893
1.49489
1.36393
1.11511
0.613739
0.613739
-0.182259
-0.237391
-0.636155
-0.636155
-0.636155
-0.636155
-0.2863
-0.826011
0.784533
-0.985126
-0.985126
-0.985126
-0.508765
-0.0639658
-0.0639658
-0.0639658
-0.178937
-0.178937
-0.860796
0.592059
0.592059
0.15448
0.15448
0.687573
1.25124
0.499943
-0.596225
-0.596225
-0.596225
-0.596225
-2.043
-0.303454
1.42446
1.63704
1.63704
1.48616
1.48616
1.48616
1.66992
0.0807331
0.0807331
0.0807331
-0.681242
-0.681242
-0.681242
-0.681242
-0.681242
-0.256661
-0.256661
-0.256661
-0.256661
-0.57641
0.77971
0.823717
0.739995
0.739995
0.739995
1.24348
1.24348
1.24348
1.24348
1.24348
2.3747
1.82749
1.02695
-0.501897
-0.725573
-0.725573
-0.725573
-0.725573
-1.02048
-1.53216
-1.53216
-1.53216
-1.34377
-1.24152
-0.271641
-0.271641
-0.271641
-0.271641
-0.271641
-0.271641
0.373542
-0.87685
0.120335
0.120335
0.719559
0.719559
0.719559
0.450108
1.08053
0.432263
-0.955953
-0.317358
-0.87584
-0.87584
-0.87584
-0.976532
-0.976532
-0.976532
-0.976532
0.163129
-0.762039
-0.420185
0.504907
0.504907
0.73636
0.73636
0.73636
0.73636
-0.985647
-0.286029
-0.286029
-0.286029
-0.286029
-0.286029
-0.286029
0.0369216
-0.144377
0.571814
0.571814
0.571814
0.571814
0.684971
0.684971
-0.647057
0.859274
-0.873476
0.297576
3.68243e-05
3.68243e-05
3.68243e-05
-0.11235
0.75351
-1.04569
-1.04569
-0.0690938
-0.0690938
-0.594402
-1.15101
-0.881504
-0.430211
-0.430211
0.479695
-0.177149
-0.177149
-0.775409
-0.139173
-0.139173
-0.139173
0.696685
-0.073755
0.397054
1.13652
1.48949
0.86122
-0.624214
0.951875
0.384559
0.384559
0.384559
0.384559
1.65519
1.65519
1.65519
1.65519
1.65519
1.65519
0.300902
-0.17582
-0.469118
0.572986
0.572986
-0.336017
-0.771857
1.01081
1.01081
-0.256472
-0.661391
-0.661391
0.0575039
0.0575039
1.39839
1.39839
0.743808
0.495843
-0.0282042
0.27789
-0.711707
-0.711707
-0.327819
-0.327819
0.767755
0.767755
-0.623988
-0.623988
0.126639
0.126639
0.492262
0.492262
0.492262
0.492262
-0.00152945
-0.00152945
-0.00152945
-0.0290399
-0.836858
0.977675
0.977675
0.977675
-0.286523
-0.931611
0.487895
0.487895
0.487895
0.487895
-0.151603
-0.151603
1.35564
1.38533
1.38533
-0.494111
-0.494111
-0.494111
-0.494111
0.983201
-0.317568
-0.715875
-0.715875
-1.71986
-0.797311
-0.987172
-0.761889
0.656893
-0.492056
-0.492056
0.110533
0.110533
0.110533
0.110533
0.334749
0.334749
0.893144
0.893144
-0.956323
-0.816412
-0.816412
-0.816412
-1.5557
-1.5557
0.053154
0.368493
0.145201
0.265616
0.265616
1.51395
0.613982
1.15043
-0.156545
0.651609
0.651609
0.0915861
-1.54363
-1.88151
-1.88151
-0.606308
1.22085
1.28983
1.28983
1.28983
1.28983
1.28983
-0.455572
-0.00280264
-0.00280264
-0.00280264
-0.0240212
-0.0240212
0.572932
0.572932
0.572932
0.572932
0.572932
0.572932
0.572932
-1.03936
-0.774157
-0.774157
-0.774157
0.791763
-0.238667
-0.238667
-0.238667
-0.238667
0.142819
-0.333614
-0.333614
-0.413297
-0.413297
-0.413297
-0.00774252
0.886898
0.886898
0.886898
-0.205706
-0.205706
-0.354751
-0.354751
-0.354751
-0.354751
-0.354751
0.467019
0.533729
0.533729
0.533729
0.533729
0.830755
0.830755
0.307378
0.703123
-0.547715
0.844242
0.844242
1.76899
1.35394
0.0940666
0.0940666
0.363694
-0.329006
-0.329006
-0.329006
-0.329006
-0.397004
-0.397004
-0.0928621
0.972809
0.972809
-0.755004
0.500659
0.500659
0.500659
-0.708768
-0.708768
1.00899
1.50063
1.50063
-0.388428
-0.388428
-1.01659
-0.901458
-0.901458
0.27075
0.27075
0.27075
1.31758
-0.23241
-0.497802
-0.497802
-1.1778
-1.32162
-0.0565926
-0.0565926
-0.0565926
-0.185365
-0.185365
0.615943
-0.447779
-0.447779
-0.447779
-0.447779
0.131916
0.131916
0.131916
-0.773243
-0.932662
-0.932662
-0.932662
0.352566
0.352566
0.352566
0.221448
0.618015
0.682731
0.625387
-0.641705
-0.641705
-0.641705
0.646239
0.646239
-0.205803
-0.205803
0.276142
0.276142
-0.585493
1.06386
0.148827
0.148827
0.148827
0.148827
0.148827
0.148827
0.269611
0.269611
0.74299
0.212764
0.212764
-0.499857
-0.499857
0.0191186
0.159476
0.159476
0.159476
0.505772
-0.0444209
0.0580643
0.0580643
0.0580643
0.0580643
0.0580643
0.0580643
0.0580643
0.0712939
0.0712939
-1.27809
-1.10751
0.350703
-0.166296
-0.166296
-0.166296
-0.166296
0.822417
0.822417
0.0649012
0.0649012
0.0649012
0.443617
-0.737216
-0.737216
-0.969983
-0.544219
0.886427
-0.835366
-1.02445
0.773004
-0.567437
0.358018
0.358018
0.358018
0.111956
0.111956
-0.682815
0.1485
-0.233386
-0.233386
-0.0273267
-0.0943875
-0.0943875
-0.0943875
-0.0943875
-0.0943875
0.50023
-0.125495
-0.125495
-0.125495
-0.125495
0.229043
0.229043
0.229043
0.229043
-0.86302
-0.86302
-1.13012
0.648867
-1.05654
-0.6761
0.538494
-0.634796
-0.899157
-0.899157
0.640744
1.05753
0.890173
-0.665323
0.120354
0.120354
0.446438
-0.0174296
-0.0174296
0.383432
-0.208497
-0.208497
-0.281498
-0.281498
-0.251463
-0.251463
0.502711
-0.391981
-0.391981
-0.391981
-0.391981
-0.391981
-0.657224
-0.0637579
-0.0637579
-0.0637579
-0.0637579
-0.0637579
-0.595717
0.197867
0.197867
0.197867
0.4404
0.455545
1.67228
1.67228
1.67228
-0.0704681
-0.0704681
-0.0704681
-0.0704681
-0.0704681
0.00495922
0.00495922
-0.932431
-0.932431
0.531929
-0.176031
-0.176031
-0.176031
-0.176031
-0.176031
1.00499
0.54804
0.804436
0.804436
0.804436
0.804436
0.804436
0.282857
0.282857
-0.0180927
-0.0180927
1.08793
-0.580654
0.4425
0.4425
0.4425
0.498052
0.867907
-0.324001
-0.324001
-0.544343
-0.544343
0.821625
0.821625
0.821625
0.821625
0.821625
0.186213
0.34677
0.34677
-0.141699
-0.863776
-0.709883
0.23668
-0.619555
-0.84779
-0.228479
-0.228479
-0.228479
-0.228479
-0.279665
-0.279665
0.235965
0.235965
0.235965
0.235965
0.235965
-0.12859
-0.12859
-0.12859
-0.12859
-0.287381
-0.287381
-0.314929
-0.314929
0.0725629
-0.420601
-0.420601
-0.316063
-0.316063
-0.316063
-0.316063
-0.316063
1.38627
0.149645
-0.957439
-0.68429
-0.0418861
0.0428242
0.0428242
0.0428242
-0.680269
-0.680269
-1.34248
-1.34248
-0.23561
0.202299
0.202299
0.202299
0.202299
0.932911
0.932911
-0.472973
0.451657
-0.402182
-0.33435
1.15319
-0.159282
0.288251
-0.79866
-0.259406
-0.259406
-0.259406
0.301988
0.340404
0.340404
0.340404
0.340404
0.340404
0.484687
0.484687
0.484687
0.484687
0.484687
-0.643018
0.858043
0.858043
0.858043
0.858043
0.858043
-0.992629
-0.265761
-0.265761
-0.265761
-0.265761
-0.265761
-0.588029
-0.588029
-0.250458
1.20126
0.531057
0.531057
0.503032
0.240152
0.768971
1.43807
0.365667
0.365667
0.365667
0.772993
1.1981
1.17946
0.735222
-0.114311
-0.114311
0.732087
-0.85861
-0.765217
0.864761
0.864761
0.864761
0.864761
0.830181
0.830181
-0.465343
0.746258
0.698114
0.698114
0.698114
-1.11272
0.47277
-0.33842
-0.745149
-0.365279
-0.365279
-0.126549
-0.126549
-0.126549
-0.126549
-0.126549
-0.52798
-0.507559
-0.507559
-0.507559
0.402959
0.127836
0.127836
-0.128163
-0.128163
-1.23084
-1.56072
-1.56072
-0.678274
-0.678274
-0.527012
-0.434634
-0.434634
-0.434634
-0.943706
-0.445956
0.450086
0.276258
0.276258
0.0176798
-0.200989
-0.200989
1.04287
-0.849943
-0.849943
-0.849943
-0.849943
-0.843028
-0.184041
0.862863
0.115519
-0.0971887
-0.823622
-0.0843569
0.120504
0.120504
0.120504
0.120504
0.580344
0.580344
0.580344
0.580344
0.580344
0.139814
0.139814
1.50426
1.50426
1.50426
1.50426
1.50426
1.50426
0.199287
0.199287
-0.118303
-0.118303
-0.22467
-0.22467
-0.549413
-0.549413
0.260661
0.260661
0.0494546
0.0494546
0.0494546
0.0494546
0.0494546
0.0494546
0.0494546
0.391497
0.0490714
0.0490714
0.0490714
-0.952048
0.175139
0.175139
0.175139
0.175139
-0.572428
-0.837244
0.342561
0.342561
0.342561
-0.668575
0.418388
0.189453
0.189453
0.189453
0.204901
0.204901
0.204901
0.204901
-0.409678
-0.71322
-0.200884
-0.200884
-0.200884
-0.200884
0.167817
0.167817
0.167817
-1.41363
-1.41363
-1.41363
-1.00699
-0.320149
-0.320149
-0.918003
0.302937
-0.0984546
-0.198006
-0.198006
-0.453879
-0.453879
-0.453879
0.71769
0.133059
-0.517279
0.232321
0.232321
0.232321
0.144713
-0.788694
0.276422
1.01086
1.01086
0.999091
0.89739
0.89739
0.124018
0.124018
0.124018
0.124018
0.124018
0.124018
0.124018
0.124018
1.10125
1.10125
-0.613974
-0.613974
-0.613974
-0.613974
-0.613974
-0.613974
0.165745
0.680164
0.680164
-0.17162
-0.17162
-0.17162
-0.17162
-0.876738
-0.835456
-0.835456
-0.835456
-1.13916
-1.13916
-0.607291
-0.607291
-1.11461
0.604395
0.296362
0.296362
0.603157
0.108039
0.108039
0.108039
0.512986
0.510211
0.510211
-1.32405
-0.469413
0.274717
0.274717
0.274717
0.274717
0.274717
-0.397324
-0.339455
0.192815
0.192815
0.192815
0.192815
0.192815
0.407451
-1.0432
0.0365766
0.0365766
0.0365766
0.0365766
0.0365766
0.0365766
0.0365766
0.683976
0.683976
0.683976
0.683976
-0.0706208
-0.607574
-0.607574
-0.607574
-0.607574
-0.607574
-0.462397
-0.462397
-0.462397
-0.462397
-1.36522
-0.552469
-0.552469
-0.552469
0.749605
0.749605
0.749605
0.0455189
0.171479
0.171479
-0.269436
0.323477
0.323477
0.271455
0.620285
0.452237
0.967933
0.967933
0.938219
0.938219
0.443874
0.443874
0.443874
0.443874
0.019377
-0.725382
1.11907
0.819554
0.819554
0.819554
-0.276297
-0.0730481
0.0473116
-1.20235
-1.19238
-1.10049
0.188453
0.188453
0.188453
0.188453
0.596483
0.596483
0.363056
0.0734727
0.0734727
0.0734727
0.0734727
-0.316544
-0.0188552
-0.504827
-0.504827
-0.504827
-0.504827
-0.65721
-0.603402
0.37667
-0.407141
-0.407141
1.07515
1.07515
1.16183
-0.473374
0.830118
0.830118
0.448033
-0.0159961
-0.0159961
0.70446
0.70446
-0.595465
-0.335473
0.984966
0.984966
0.984966
0.290713
0.290713
0.290713
0.290713
0.0997959
-0.1029
-0.1029
-0.1029
1.25751
-0.476203
-0.802302
0.093384
-1.67066
-1.67066
-1.67066
-0.690591
0.827222
0.827222
0.782846
0.782846
0.782846
0.792195
0.792195
-0.224537
-0.240746
-0.240746
0.0361269
0.0361269
-0.00520785
0.644631
0.601605
0.822294
0.961943
-0.248662
-0.248662
0.793666
0.49662
-0.780137
-0.780137
-0.175944
-1.66471
-1.66471
-1.35544
-1.35544
-1.35544
-1.35544
0.0390988
-0.22224
-0.151975
-0.151975
0.264241
1.00299
1.00299
1.00299
1.00299
0.793877
0.793877
0.793877
0.793877
0.491049
0.86141
-0.440379
-0.440379
-0.797099
-0.797099
-1.25845
-0.415753
-0.638506
-0.638506
-0.43397
-0.43397
-0.753234
-0.753234
-0.753234
-0.753234
-1.16117
-1.42747
-1.42747
0.226739
0.486005
0.486005
0.819174
0.819174
0.819174
0.700642
0.700642
0.700642
0.700642
0.700642
-0.0723497
-0.0723497
-0.0723497
-0.0723497
-0.0723497
-0.456645
-0.866994
-1.11118
-1.11118
0.18214
0.18214
0.282878
0.282878
-1.32975
-0.991503
0.383296
0.383296
0.92225
1.27367
1.27367
1.27367
0.564647
-0.730142
-0.730142
-0.730142
-0.730142
-0.389651
-0.389651
-0.389651
0.225253
0.804846
-0.46828
-0.46828
0.0126559
0.0126559
0.0126559
0.0126559
0.196195
0.0566697
-0.883982
-0.0855268
0.819372
0.819372
0.400179
-0.227527
-0.227527
-0.227527
-0.227527
1.39518
1.39518
-0.18919
0.690435
0.0123242
0.808519
0.808519
0.808519
0.808519
0.808519
-0.492816
-0.213548
-0.541979
-0.89898
-0.89898
-0.89898
-0.816246
-0.816246
1.06812
-0.138928
-0.0559708
-0.561018
-0.561018
0.0946204
0.0946204
-0.120331
-0.120331
-0.120331
-0.120331
-0.120331
-0.120331
-0.120331
-0.120331
-0.120331
-0.108196
0.716
0.716
0.716
-0.438144
-0.733663
0.803968
-0.941388
-0.941388
0.766755
-0.463317
-0.463317
-0.463317
0.0270256
0.0270256
0.203983
0.203983
0.203983
0.203983
-0.557917
-0.557917
-0.557917
-0.557917
0.161009
0.296242
0.280591
1.28578
0.130364
-0.294075
-0.294075
-0.294075
1.05885
-0.599659
-1.01744
-0.249381
1.3037
0.101659
0.101659
-0.587515
-0.559411
-0.559411
-0.677221
-0.677221
-0.0357628
-0.0357628
-0.037989
0.332416
1.33689
1.33689
1.33689
1.33689
1.33689
1.33689
-0.14256
-0.14256
-0.139361
-0.139361
-0.139361
-0.139361
0.753596
-0.562453
0.282265
0.282265
-0.508613
-0.508613
0.406737
-1.21786
-1.21786
-1.21786
-1.21786
-1.59586
-1.59586
-1.59586
-0.35451
-0.35451
-0.25449
-0.25449
-0.190926
0.978801
0.978801
0.978801
0.102654
0.102654
0.102654
0.102654
0.102654
0.102654
-0.717314
0.448663
-0.761005
-0.579725
-0.579725
0.997502
0.615244
0.615244
0.615244
0.615244
0.615244
0.115497
0.115497
-0.1225
-0.1225
-1.09464
0.606069
0.782092
0.782092
0.782092
-0.0523463
-0.0523463
0.240205
0.240205
0.240205
0.64483
0.831094
-0.469417
-1.21782
0.0413299
1.00165
1.00165
0.672721
-0.933262
0.64333
0.64333
-0.939947
0.312855
0.312855
-0.547628
-0.547628
-0.547628
0.0121671
0.0121671
-0.580197
-0.580197
-0.0454645
-0.0454645
-0.0454645
-0.0454645
-0.0454645
-0.0454645
-0.35562
-0.35562
0.796372
1.01444
-0.315636
-0.315636
-0.315636
-0.315636
-0.315636
-0.315636
-0.0992406
-0.0992406
-0.787819
0.316719
-0.113331
-0.373722
-0.373722
-0.565164
-0.378294
-0.378294
-0.378294
-0.378294
0.818017
-0.0974342
-0.0974342
0.167079
-0.968803
-0.18683
-0.149365
0.622734
-0.430152
-0.609287
-0.609287
0.171282
0.171282
-1.20029
-0.60954
-0.0248999
-0.0248999
-0.0329881
-0.126348
-0.249056
-0.0484964
-0.0484964
-0.0484964
-0.0484964
-0.0484964
0.495655
0.495655
0.495655
-0.730877
0.822261
0.846764
0.846764
0.846764
-0.777674
0.733166
0.733166
0.764239
0.764239
0.764239
-0.00842393
-0.206366
-0.206366
0.495493
0.495493
-1.04477
-1.04477
-1.21539
0.4792
-1.05956
-0.378724
-0.378724
-0.415896
0.210702
0.822557
0.774317
0.774317
-0.80372
-0.736056
-0.409899
-0.409899
0.104616
0.754974
0.608528
0.355006
0.355006
0.66394
0.227046
0.227046
-0.702328
0.65783
0.65783
0.566399
0.566399
0.566399
0.566399
-0.825286
-0.825286
-0.115447
0.199745
0.199745
0.317066
0.317066
0.317066
0.41228
0.41228
0.0194748
0.0194748
0.527225
0.527225
1.10227
1.11375
0.410732
0.28424
-1.12282
-1.12282
-0.795811
0.220166
0.220166
0.220166
0.220166
0.151268
0.151268
0.346937
1.01887
1.01887
1.01887
1.5405
0.60815
0.38523
-0.387469
0.821683
0.821683
-0.199402
-0.199402
-0.199402
-0.199402
-0.199402
-0.199402
-0.199402
-0.199402
-0.199402
0.0894999
0.967945
0.553335
0.229495
0.821775
0.390035
0.390035
0.878861
-0.550346
-0.550346
0.795906
0.795906
0.628922
0.628922
0.628922
0.736975
0.736975
0.515806
0.183713
-1.2427
0.177616
0.177616
0.320533
0.0359669
-0.692681
-0.692681
0.51449
0.51449
0.131308
0.337791
-0.0399774
-0.0399774
-0.0399774
-0.0399774
-0.0399774
0.123165
0.123165
0.157236
0.173689
0.173689
0.156108
-0.708165
-0.708165
0.132842
0.132842
0.132842
1.21067
1.21067
0.0864471
0.0864471
0.406181
0.406181
0.406181
0.406181
-0.348986
0.352248
-0.765072
-0.765072
-0.765072
0.309968
0.425966
-0.0578357
-0.0578357
1.44319
0.893424
-0.138144
0.280199
0.280199
0.280199
0.280199
-0.544028
-0.544028
-0.279621
0.363818
-0.359083
-0.359083
-0.359083
-0.740354
-0.550657
-0.550657
-0.550657
0.430936
0.430936
0.430936
0.430936
-1.05816
-1.05816
-1.12731
-1.01711
-1.01711
-1.13192
-0.0765578
0.204793
1.85754
1.85754
1.55965
1.55965
1.55965
0.0176999
-0.338336
0.417893
0.417893
0.417893
0.172992
0.194311
0.194311
-0.020773
0.846418
-0.731601
0.190827
0.190827
-0.315004
0.404394
0.713873
-0.519961
-0.162567
0.518231
0.210129
0.210129
0.210129
0.307633
0.307633
0.307633
0.307633
0.307633
0.307633
0.307633
0.0585333
0.0585333
0.804876
-0.764261
0.904268
0.0279421
-0.654429
-0.0634074
-0.0634074
-0.0634074
-0.0634074
-0.0634074
0.400481
0.400481
0.400481
-1.11515
0.672682
-0.773465
-0.780186
-0.780186
-0.780186
1.09803
1.09803
1.09803
1.09803
1.09803
1.09803
0.0645521
0.0645521
0.597136
0.597136
-0.536939
-0.536939
-0.911729
-0.911729
0.0720296
0.0720296
-0.654614
-0.654614
0.979223
0.979223
0.979223
-0.514051
-0.75792
-0.75792
-0.761247
0.296468
0.0251132
0.0251132
0.0251132
-0.48096
-0.48096
-0.48096
0.409651
1.00315
1.00315
-0.846285
-0.746326
-0.746326
-0.618496
-0.618496
0.834484
0.251213
0.251213
0.251213
0.251213
0.251213
0.336505
0.314382
-0.803025
-0.694373
0.476598
0.0609369
-0.905528
-0.905528
-0.0761118
0.4287
-1.25387
-0.228248
-0.633804
-0.841206
-0.841206
-0.187268
-0.187268
0.253307
0.746442
0.746442
0.129011
0.129011
0.129011
-0.88304
0.158194
0.158194
0.853494
0.853494
0.853494
0.608637
0.502805
0.502805
-0.759514
0.947431
0.947431
0.728897
0.728897
0.728897
0.19243
0.952916
0.952916
0.952916
-0.718411
-0.653507
0.00725289
0.638706
0.638706
0.638706
0.875449
0.538686
0.538686
0.826379
0.826379
-0.296601
-0.296601
-0.296601
0.58383
1.3786
-0.175964
-0.175964
-0.175964
-0.175964
0.857475
0.857475
0.846394
0.846394
0.846394
-0.0656472
-0.0656472
-0.0656472
-0.0656472
-0.0656472
-0.0656472
-1.74994
-0.0400688
-0.0400688
-0.0400688
-0.0400688
-0.0400688
-0.0400688
0.534125
0.534125
0.534125
-0.71866
-0.71866
-0.0142912
-0.0142912
-0.0142912
-0.0142912
-0.0142912
-0.139512
0.26328
0.26328
0.26328
0.460008
0.203349
0.0482416
0.124441
-0.470902
-0.470902
-0.470902
0.109366
0.109366
0.109366
-0.157579
0.0906779
-0.974144
-0.974144
-0.270582
-0.270582
-0.225061
-0.225061
-0.225061
-0.225061
-0.74309
-0.74309
-0.74309
1.03891
1.11691
1.11691
0.837442
0.377358
-0.239068
-0.239068
-0.239068
-1.73129
-1.87522
-1.87522
-0.793738
-0.793738
-0.793738
-0.793738
0.814127
-0.298543
-0.298543
-0.278227
-0.278227
0.164578
0.164578
0.454501
1.03399
-0.789085
-0.650125
-0.650125
0.658423
0.878488
0.68885
0.68885
0.68885
0.68885
0.68885
0.761339
0.781029
0.781029
0.781029
0.8675
0.8675
-0.904339
-0.904339
0.23053
0.23053
-0.58364
-0.58364
0.400096
0.400096
-0.888239
-0.888239
-0.888239
-0.888239
0.782257
-0.169489
0.808853
0.0628788
-0.515579
-0.142692
0.957456
-0.368095
-0.368095
0.982583
0.982583
0.982583
-0.154377
1.14189
1.14189
-0.742732
-0.742732
-0.742732
0.659924
0.659924
0.659924
-0.272246
-0.272246
-0.272246
0.776744
0.0394589
0.0394589
0.256126
0.256126
0.256126
0.550386
0.550386
0.676703
-0.525343
-0.525343
-0.525343
-0.375004
-0.189248
-1.35454
0.0191743
-0.340976
-0.855969
-0.0737447
-0.0737447
-0.611372
-0.611372
-0.769884
-0.61508
-0.0735838
0.25901
0.515206
0.515206
0.515206
0.663805
0.663805
-0.0982373
-0.0982373
-0.81058
-0.81058
0.661423
0.661423
-0.0757769
-0.0757769
-0.0757769
-0.0757769
0.126558
0.530527
0.63851
-0.711275
0.40406
-1.08074
-1.08074
-1.08074
-1.60322
-1.60322
-1.60322
-1.60322
-1.60322
-1.60322
-0.161998
-0.161998
-0.161998
-0.161998
-0.161998
-0.161998
-0.768115
-0.440944
-0.440944
-0.229146
-0.687416
-0.783288
0.885599
0.60042
0.60042
0.60042
0.60042
-0.0116639
-0.0116639
1.36566
1.36566
0.463533
0.768102
0.768102
0.768102
-1.03236
0.16047
0.952774
0.952774
0.952774
1.46125
1.46125
1.46125
1.46125
1.46125
1.95105
1.95105
1.26833
-0.0365061
-0.0365061
-0.0365061
-0.203992
-0.203992
-0.664561
-0.664561
-1.63066
-1.63567
-1.63567
0.207117
0.207117
0.207117
0.122369
0.122369
-0.927573
0.179871
0.118164
0.161656
0.161656
1.07599
1.07599
-0.662872
-1.6488
-1.6488
-0.88534
0.28549
0.28549
-0.232945
-0.232945
-0.232945
-0.232945
-0.232945
-0.232945
-0.232945
-0.232945
-0.568333
0.83624
0.83624
0.83624
0.538794
0.538794
0.00536297
0.72361
0.72361
0.235581
0.235581
0.235581
-0.76958
0.594822
0.50124
0.50124
-0.636133
-0.238317
-0.238317
-0.238317
-0.238317
-0.238317
-0.238317
-0.238317
0.0447926
0.0447926
0.0447926
1.1094
1.1094
-0.263486
-0.263486
-0.263486
-0.263486
0.00941568
0.00941568
0.00941568
-0.222564
1.56582
1.41577
1.41577
0.0238529
0.0238529
-0.147189
0.78943
0.549817
-0.853763
-0.853763
-0.334232
0.679553
-0.743447
-0.743447
0.668818
-0.0315362
-0.596353
-0.596353
-0.125415
1.28273
1.56038
-0.232892
-0.232892
-0.97594
-0.97594
0.0953776
0.499083
-0.249911
-0.249911
-0.00679792
-0.00679792
-0.00679792
-0.344117
0.675918
-0.559656
-0.559656
-0.559656
-0.559656
-0.559656
1.06668
0.248296
0.248296
-0.673977
-0.656199
0.406305
-0.946186
-0.946186
0.309846
0.309846
-0.400337
-0.400337
-0.400337
-0.400337
-0.400337
-0.640685
-0.176427
-0.176427
-0.176427
-0.749019
0.693697
-1.00859
-1.00859
0.64007
0.64007
-0.721767
-0.721767
-0.721767
0.00619647
1.23161
1.23161
0.825247
-0.925338
0.0777954
0.0777954
0.0777954
-0.10539
-0.10539
-0.10539
-0.10539
0.207994
0.207994
-0.052077
-0.052077
0.38365
0.0591507
0.0591507
-1.07034
-0.496183
-0.496183
-0.496183
-0.496183
-0.496183
-0.496183
-0.496183
-0.496183
-0.325767
-0.325767
-0.325767
-0.325767
-0.462498
0.529348
0.0907292
0.0907292
0.0907292
0.0672142
0.702666
-0.550554
-0.186857
-0.186857
0.70451
-1.11112
-0.691516
0.231525
0.231525
0.70226
0.70226
0.70226
0.70226
0.409475
0.409475
0.409475
0.409475
0.704083
-0.697094
-0.429838
0.0732197
-0.966385
-0.966385
0.318261
0.318261
-0.968339
-0.168076
-0.168076
-0.232902
-0.232902
-0.232902
-0.586875
-0.321235
-0.321235
-0.321235
-0.321235
-1.08893
-1.08893
-1.08893
-1.08893
-1.08893
-1.01118
-1.01118
-0.709521
-0.709521
-0.709521
0.631511
-0.845678
-1.07797
-1.07797
0.378359
0.378359
0.378359
0.378359
1.0259
-0.487603
-0.487603
-0.587468
-0.54784
-1.6773
-0.869535
0.636617
0.636617
0.518062
-0.310336
-0.310336
-0.134974
-0.044253
-0.835734
-0.835734
-0.835734
-0.835734
-0.835734
-0.835734
0.736559
0.728419
-0.777665
-0.544253
-0.854171
-0.854171
0.490677
0.490677
0.490677
0.490677
0.490677
0.490677
0.490677
-1.21513
0.367621
0.367621
0.367621
0.367621
0.367621
0.367621
0.549812
-0.575943
-0.575943
0.620056
0.620056
0.620056
0.620056
0.620056
-1.08511
-0.28592
0.174035
0.174035
0.174035
-0.267758
-0.267758
0.568763
-1.09366
-1.09366
-1.09366
0.713185
0.713185
0.713185
0.713185
0.713185
0.713185
0.242877
0.242877
0.0966189
0.826733
-0.12617
-0.12617
-0.12617
-0.12617
0.708056
0.708056
0.708056
0.708056
0.0186289
0.0186289
-0.583384
-0.583384
-0.518396
-0.21923
0.946983
0.946983
-0.843487
-0.843487
-0.843487
-0.843487
-0.147363
0.552203
1.04279
1.04279
0.359991
0.359991
-0.532133
-0.701648
-0.701648
-0.701648
-0.701648
-0.701648
-0.105086
-0.105086
-0.105086
-0.105086
-1.11911
-1.11911
-1.11911
-0.600071
0.493048
0.493048
0.493048
1.21112
1.21112
1.21112
-0.440969
-0.440969
-0.753318
-0.753318
-0.753318
-0.753318
-0.739257
-0.739257
0.944642
-0.261857
-0.261857
-0.44118
-0.44118
-0.44118
-0.441278
0.628856
0.85521
-0.989923
-0.995851
-0.88228
0.367024
0.367024
0.367024
0.367024
0.367024
0.367024
0.24427
0.24427
-0.58897
-0.58897
-0.79461
-0.365653
0.645683
0.11738
0.11738
-0.669015
0.88872
0.88872
1.38424
1.38424
-0.0897149
-0.0897149
-0.0897149
0.0676858
-0.0908324
-0.0908324
0.730082
0.730082
0.112388
-0.24384
0.207079
0.0242932
-0.188082
1.52647
0.842439
0.560279
0.560279
0.560279
0.314732
-0.456249
-0.456249
-0.456249
0.630117
0.630117
0.122675
0.122675
-0.416856
-0.416856
-0.416856
-0.416856
-0.148931
-0.148931
-0.148931
-0.148931
-0.148931
-0.148931
-0.148931
-0.148931
-0.148931
0.499859
-0.540207
-0.697564
-0.697564
-0.697564
-0.988831
-0.988831
-0.603175
-0.603175
-0.603175
0.83225
0.83225
0.83225
-0.211307
-0.211307
-0.211307
-0.211307
0.0102976
-0.209672
0.299984
0.299984
0.299984
0.299984
0.299984
0.299984
0.660544
1.87643
1.87643
1.08243
-0.0710768
-0.0710768
-0.784725
-0.784725
-1.13183
-1.13183
-0.0327764
0.0535128
0.0535128
-1.46559
-0.142597
-0.131089
-0.131089
-0.131089
-0.131089
-0.131089
-0.131089
-0.131089
1.22516
0.612539
0.662738
0.582845
0.582845
-1.2629
-0.740371
-0.740371
-0.74877
-0.734963
1.00136
0.0625692
1.77399
0.309356
0.309356
0.309356
0.309356
0.0891751
0.0891751
0.0891751
0.0891751
0.0891751
0.129876
0.330859
-0.795385
-0.795385
0.674089
0.674089
0.268723
0.0987108
0.254039
0.254039
0.254039
0.254039
0.733531
0.733531
0.969375
0.969375
0.969375
0.969375
0.602918
0.212666
0.212666
0.212666
0.126447
0.126447
0.578916
0.578916
-0.0347218
-0.587271
-0.587271
0.813296
-1.03456
0.272631
0.272631
-0.446689
-0.169287
-1.13216
-1.13216
-1.13216
-1.13216
0.365174
0.365174
0.365174
0.365174
0.365174
0.365174
0.365174
0.365174
0.365174
0.365174
0.365174
-1.49409
-1.49409
-0.282434
-0.282434
-0.282434
-0.282434
-0.00382456
-0.00382456
0.197495
0.197495
0.197495
-0.212118
-0.212118
1.34955
0.654536
0.654536
1.21811
1.08708
1.08708
0.225011
0.312815
0.11296
-0.387452
-0.74453
-0.74453
-0.74453
-0.74453
0.885441
0.885441
0.405869
0.405869
0.398022
0.398022
0.398022
0.732759
0.732759
0.732759
0.732759
-0.808522
-0.536124
0.691725
0.691725
0.691725
0.691725
0.691725
-0.531507
0.0125779
0.0125779
-0.238853
-1.272
-0.492164
-0.492164
-0.492164
-0.492164
-0.50516
-0.195175
1.29153
0.888393
0.888393
-0.801138
0.0995819
-0.890751
0.323646
0.323646
-0.734465
-0.734465
-0.734465
-0.734465
0.760004
-0.454034
0.848303
0.646655
0.646655
0.646655
-0.260183
-0.121723
-0.121723
-0.121723
-0.121723
-0.0749928
-0.0749928
-0.389488
-0.289474
0.149211
0.149211
0.149211
-0.0900228
-0.0900228
-0.0900228
-0.213266
-0.213266
-0.213266
-0.213266
-0.292841
-0.292841
-1.18314
-0.649276
-0.275736
0.419595
-0.00775294
-0.00775294
-0.00775294
-0.00775294
-0.00775294
-0.239426
0.169529
0.169529
0.169529
0.169529
0.169529
0.169529
-1.29034
-1.79792
-1.79792
-1.79792
-1.47237
-1.47237
-1.50192
-1.50192
-1.50192
-1.50192
0.158578
1.28972
-0.0961123
-1.12276
-0.806526
0.721365
0.222419
0.00247571
0.161077
0.161077
0.504079
0.883656
-0.0856974
-0.0856974
-0.0856974
1.30974
1.30974
0.141884
1.04265
0.955332
0.955332
0.434609
-0.958147
0.227393
-0.175137
-0.175137
-0.175137
-1.14515
-1.14515
0.288131
-0.343995
-0.343995
0.138269
-0.110475
-0.110475
-0.348402
1.15218
-0.234836
-0.325879
-0.734729
0.944685
1.21654
0.37065
-0.569148
-0.569148
0.173895
0.173895
-0.522685
-0.522685
0.388306
0.388306
0.388306
-0.668046
-0.668046
-0.540762
-0.540762
-0.960681
0.0544107
0.0544107
-0.4705
-0.4705
-0.4705
-0.955072
0.0169414
0.939811
0.939811
0.220598
0.220598
0.437149
-0.535577
-0.194532
-0.194532
-0.194532
-1.65447
-0.257054
0.454411
-0.150846
-0.150846
0.97984
0.97984
0.97984
0.593795
0.755456
1.0767
1.0767
1.0767
-0.398034
-0.398034
-0.411777
-0.411777
-0.411777
-0.0382302
-0.0382302
-0.0382302
1.3099
-0.0818158
0.415092
0.415092
0.415092
-0.96377
0.782628
-1.07639
-0.135205
-0.996317
-0.996317
-0.996317
-0.996317
0.411138
0.411138
0.411138
0.411138
1.7655
1.7655
0.728849
0.793037
-0.581216
0.110207
-0.99884
-0.99884
-0.99884
0.324393
1.29991
1.9678
0.482571
-0.4349
0.0882929
1.13151
1.13151
-0.628645
0.496511
0.496511
0.623501
1.33468
0.237313
0.482633
0.482633
-0.421138
-0.406323
0.497068
0.302233
0.302233
0.106339
0.106339
-0.398489
-1.27673
-1.27673
-1.27673
-0.573394
-0.144268
-1.17068
-1.17068
-1.21679
-0.141717
-0.141717
-0.141717
-0.053642
-0.053642
-0.053642
-0.176124
0.850338
0.850338
0.679202
0.679202
0.135209
0.135209
0.314467
-0.548167
0.0177625
-0.528039
-0.528039
-0.528039
0.275427
0.275427
-0.110602
-0.110602
0.0449025
0.0449025
0.615315
0.615315
0.499602
-0.336574
-0.197499
-0.550429
-0.550429
0.314371
0.314371
0.314371
0.90601
0.90601
0.90601
0.90601
0.90601
0.707309
1.4475
1.4475
1.4475
1.86887
0.26551
-0.629456
-0.629456
-1.3878
-1.3878
-1.51005
-1.51005
-0.819423
-0.675359
-0.0293322
-0.0293322
-0.0293322
-0.543662
0.328518
0.108645
-0.398256
-0.884344
-1.25627
-1.53473
-1.21826
-1.37721
-0.767134
0.074376
0.074376
0.074376
0.928695
0.928695
0.107806
0.107806
0.107806
0.368678
0.268052
0.268052
0.268052
0.268052
0.268052
0.268052
0.268052
0.268052
0.224011
0.401552
0.401552
0.401552
1.15533
1.15533
1.15533
1.15533
1.15533
0.386533
-0.909254
0.633291
0.633291
0.633291
-0.989113
-0.989113
-0.96477
0.0196991
0.0196991
0.623652
-0.0577266
-0.0577266
-0.0577266
0.528476
0.105139
0.105139
-1.02256
-1.02256
-1.02256
0.542579
-0.834938
-0.834938
-0.834938
0.752521
0.752521
0.190303
0.190303
0.190303
0.190303
1.36295
1.36295
0.883851
0.883851
0.93955
0.93955
0.93955
0.93955
0.127114
0.127114
0.0529755
0.0529755
0.0529755
0.0529755
0.0529755
0.317144
-0.681226
-0.218809
-0.218809
0.150313
-0.325458
1.36749
1.36749
0.402536
0.402536
0.677362
-0.220617
-0.220617
0.0156929
0.0156929
0.345289
0.666434
-0.579151
-0.583327
0.716705
0.0368791
0.0368791
1.24066
1.24066
0.923871
-0.49013
-0.00159138
0.840312
-0.472122
-0.442994
-0.442994
0.685935
0.290707
0.736345
0.736345
-1.06468
-0.116968
-0.116968
-0.116968
-0.116968
-0.116968
0.711372
0.711372
-0.71883
-0.71883
-0.71883
-0.71883
-0.71883
-0.71883
0.570399
0.570399
-0.166685
-0.69462
0.0327444
-0.828582
-0.828582
0.149736
0.202949
0.202949
0.202949
0.202949
0.202949
-1.2201
0.1372
0.1372
0.1372
-0.0849221
-0.0849221
-0.232195
1.37437
1.37437
1.37437
1.1206
1.00467
1.00467
0.129649
0.129649
0.129649
-0.365439
-0.365439
-0.392529
-0.93796
-0.441242
-0.769813
-0.714886
-0.714886
0.13053
-0.338409
-0.338409
-0.338409
0.404908
0.404908
0.404908
1.25816
0.457115
0.70009
0.70009
0.70009
0.70009
0.743035
0.510828
-0.132151
-0.132151
0.73916
0.921132
0.921132
-0.436654
-0.384068
-0.229088
-0.229088
0.972183
1.01648
1.01648
1.02954
0.840913
0.840913
0.840913
-0.396244
-0.396244
-0.396244
-0.930903
-0.104702
-0.748283
0.57826
0.674531
-0.0479139
-0.0479139
0.271477
0.271477
0.271477
0.271477
0.271477
-0.357165
-0.357165
-0.357165
-0.357165
-0.17126
-0.17126
-0.17126
-0.17126
-0.640185
0.367622
0.367622
0.367622
0.367622
0.864082
1.04391
1.04391
1.04391
-0.323115
-0.323115
-0.323115
-0.323115
0.0133708
0.0133708
-0.267257
-0.267257
-0.267257
-0.387467
-0.387467
-0.737562
-0.737562
-1.26861
-1.26861
-1.26861
-0.35211
-0.35211
-0.381108
-0.381108
-0.706705
-0.706705
-0.706705
-0.706705
-1.08859
-0.188823
-0.00786998
-0.426214
-0.436574
0.351555
0.351555
0.351555
0.351555
0.336132
0.336132
-1.19275
-1.19275
-0.534736
0.684102
-0.232239
-0.232239
-0.232239
-0.232239
-0.232239
0.0790399
0.291112
0.0979457
0.0979457
0.0979457
0.0979457
0.679442
-0.839779
