           1    -5.48666    -5.48666           0
           2     -5.4931    -5.48988  0.00321683
           3    -5.46825    -5.48267  0.00744387
           4    -5.47678     -5.4812  0.00546555
           5    -5.45228    -5.47542  0.00716799
           6    -5.48174    -5.47647  0.00594671
           7    -5.47301    -5.47597   0.0050501
           8    -5.46763    -5.47493  0.00449616
           9    -5.46933    -5.47431  0.00401387
          10    -5.44311    -5.47119  0.00475629
          11    -5.47631    -5.47165  0.00432731
          12    -5.45124    -5.46995    0.004301
          13    -5.44814    -5.46828  0.00429743
          14    -5.47529    -5.46878  0.00401012
          15    -5.49922    -5.47081  0.00424939
          16    -5.47231     -5.4709  0.00397605
          17    -5.46354    -5.47047  0.00375989
          18    -5.47398    -5.47066  0.00355024
          19    -5.46874    -5.47056  0.00335972
          20    -5.47937      -5.471  0.00321758
          21    -5.44057    -5.46955  0.00338624
          22    -5.49427    -5.47068  0.00341851
          23    -5.46847    -5.47058  0.00326791
          24    -5.46238    -5.47024  0.00314737
          25    -5.46845    -5.47017   0.0030197
          26    -5.49624    -5.47117  0.00306963
          27    -5.44603    -5.47024  0.00309708
          28    -5.49128    -5.47099  0.00307757
          29    -5.46491    -5.47078  0.00297694
          30    -5.48309    -5.47119  0.00290511
          31    -5.45959    -5.47082  0.00283466
          32     -5.4762    -5.47098  0.00274981
          33     -5.4719    -5.47101  0.00266533
          34     -5.4674    -5.47091  0.00258793
          35    -5.44434    -5.47015    0.002625
          36    -5.45762     -5.4698  0.00257466
          37    -5.46787    -5.46975  0.00250465
          38    -5.47465    -5.46988  0.00244127
          39    -5.50267    -5.47072  0.00252214
          40    -5.46839    -5.47066  0.00245897
          41    -5.48121    -5.47092  0.00241201
          42    -5.46279    -5.47072  0.00236182
          43    -5.42799    -5.46973  0.00251125
          44    -5.47621    -5.46988  0.00245793
          45     -5.4311    -5.46901   0.0025525
          46     -5.4742    -5.46913  0.00249894
          47    -5.44002    -5.46851  0.00252237
          48    -5.42859    -5.46768  0.00260553
          49    -5.46999    -5.46772  0.00255224
          50    -5.44681    -5.46731  0.00253541
          51    -5.48055    -5.46756  0.00249873
          52    -5.44541    -5.46714  0.00248696
          53    -5.47726    -5.46733  0.00244704
          54    -5.44765    -5.46697  0.00242879
          55    -5.46538    -5.46694   0.0023844
          56    -5.44399    -5.46653  0.00237702
          57    -5.47804    -5.46673  0.00234366
          58     -5.4836    -5.46702  0.00232119
          59    -5.46188    -5.46693  0.00228317
          60    -5.45569    -5.46674   0.0022526
          61    -5.43828    -5.46628  0.00226397
          62     -5.4801     -5.4665  0.00223827
          63    -5.43855    -5.46606   0.0022467
          64    -5.47973    -5.46627  0.00222161
          65    -5.45627    -5.46612  0.00219258
          66    -5.49909    -5.46662  0.00221613
          67     -5.4405    -5.46623  0.00221734
          68    -5.45317    -5.46604  0.00219291
          69    -5.45594    -5.46589  0.00216584
          70    -5.45023    -5.46566  0.00214636
          71    -5.46868    -5.46571  0.00211634
          72    -5.42897     -5.4652  0.00214821
          73    -5.47617    -5.46535  0.00212391
          74    -5.45539    -5.46521  0.00209933
          75    -5.45907    -5.46513  0.00207277
          76    -5.44987    -5.46493  0.00205514
          77    -5.46446    -5.46492  0.00202829
          78    -5.47144    -5.46501  0.00200386
          79    -5.49604     -5.4654  0.00201694
          80    -5.45711     -5.4653  0.00199426
          81    -5.48648    -5.46556  0.00198678
          82    -5.42447    -5.46506  0.00202536
          83    -5.45467    -5.46493  0.00200472
          84    -5.46404    -5.46492  0.00198074
          85    -5.43828    -5.46461  0.00198224
          86    -5.46907    -5.46466  0.00195974
          87    -5.44688    -5.46446  0.00194783
          88    -5.44492    -5.46423  0.00193832
          89    -5.44921    -5.46406  0.00192384
          90    -5.47369    -5.46417  0.00190535
          91    -5.46264    -5.46415  0.00188437
          92    -5.46944    -5.46421  0.00186466
          93    -5.46009    -5.46417  0.00184503
          94    -5.46931    -5.46422  0.00182612
          95    -5.47184     -5.4643  0.00180857
          96    -5.49475    -5.46462  0.00181752
          97    -5.48881    -5.46487   0.0018159
          98     -5.4861    -5.46509  0.00181028
          99    -5.47281    -5.46516   0.0017936
         100    -5.46297    -5.46514  0.00177571
