70. 1 19 24 21 30 17 23 3 12 29 7 31 15 26 22 27 11 2 9 5 4 10 32 13 16 20 8 28 6 14 18 25
70. 1 5 30 2 17 25 19 27 10 24 16 7 20 15 4 11 29 14 21 6 13 12 18 22 26 32 28 3 8 9 23 31
70. 1 11 28 8 6 16 10 32 12 29 21 18 5 9 26 27 20 14 23 17 7 2 4 24 25 15 13 19 30 31 22 3
70. 1 17 21 8 13 12 4 11 5 22 9 2 6 25 14 26 10 23 30 32 27 19 18 28 24 16 7 31 15 3 29 20
70. 1 22 6 9 27 20 29 2 7 19 8 14 5 32 3 15 10 25 13 31 4 12 16 21 28 24 26 11 18 23 30 17
70. 1 16 15 8 23 31 26 13 32 22 25 10 12 9 5 24 18 7 17 20 6 14 19 21 3 2 27 11 30 28 4 29
69. 1 29 28 25 6 20 9 5 15 32 18 2 8 16 24 11 30 3 19 23 27 4 13 17 14 31 10 21 12 22 7 26
69. 1 12 14 29 9 31 20 21 16 11 27 19 32 15 25 5 4 7 24 26 3 28 13 18 2 6 23 17 30 10 8 22
69. 1 17 6 5 14 2 23 26 10 31 7 25 19 29 16 27 18 13 28 21 20 30 22 32 4 24 8 9 12 15 3 11
69. 1 11 13 21 7 23 29 2 3 19 31 20 25 22 30 14 17 15 27 8 28 24 32 4 18 16 12 26 10 9 5 6
69. 1 12 18 30 13 3 22 28 21 20 32 9 31 2 15 23 17 8 10 14 7 27 24 4 26 25 6 29 19 5 16 11
69. 1 21 13 7 20 27 23 24 6 12 15 31 16 10 14 29 11 5 4 19 2 9 3 28 26 17 30 32 18 8 22 25
69. 1 3 14 10 30 29 22 11 13 26 15 2 9 21 5 20 31 18 16 19 8 32 27 25 12 17 28 7 24 23 4 6
69. 1 29 32 11 23 21 8 14 15 22 2 10 7 20 16 17 27 28 4 6 3 12 31 9 19 24 26 5 18 25 13 30
69. 1 6 8 30 27 12 13 22 29 4 17 11 26 31 15 9 3 20 5 23 16 25 24 32 14 18 19 10 28 7 21 2
69. 1 5 17 10 26 29 28 3 24 30 31 32 27 12 16 19 22 9 7 15 4 2 8 13 14 20 11 18 25 21 23 6
68. 1 2 3 14 24 12 21 22 25 11 28 6 30 4 15 13 32 10 26 29 20 5 16 7 23 31 8 19 17 9 27 18
68. 1 14 7 25 5 21 12 24 26 29 6 28 2 22 9 19 4 3 31 17 32 30 13 11 15 20 10 16 18 8 27 23
68. 1 31 27 5 22 3 21 13 29 17 12 2 8 26 9 25 4 15 30 7 32 18 28 20 23 24 16 10 14 6 11 19
68. 1 19 4 27 14 26 15 16 24 22 32 2 17 23 30 31 13 12 29 25 20 18 8 28 3 21 10 7 6 11 9 5
68. 1 24 19 30 6 13 7 20 5 25 31 3 17 12 4 14 2 16 32 29 9 27 18 23 10 22 8 11 15 26 28 21
68. 1 32 20 5 13 4 15 7 23 14 21 30 26 29 8 11 16 9 25 10 3 18 6 31 28 27 24 22 12 17 2 19
68. 1 15 21 9 7 2 16 30 11 25 14 31 19 10 8 6 13 20 27 29 18 3 28 4 17 22 26 32 24 23 5 12
68. 1 27 20 17 16 2 25 26 19 3 9 23 10 15 12 30 31 13 7 5 18 28 24 22 32 14 29 4 11 21 6 8
68. 1 16 15 22 7 26 17 25 31 18 14 29 8 4 9 23 21 10 11 24 19 5 6 20 2 12 32 13 30 28 3 27
68. 1 20 29 26 12 5 9 2 28 18 25 3 7 30 17 10 21 16 23 27 8 32 24 6 4 11 13 14 15 19 31 22
67. 1 3 32 30 25 18 31 12 2 28 29 14 7 19 17 11 24 21 6 8 13 9 27 15 26 22 16 10 23 4 20 5
67. 1 22 31 32 12 27 7 3 21 28 2 20 11 15 8 18 14 26 4 30 16 23 5 9 10 24 13 17 19 25 6 29
67. 1 13 25 22 5 4 30 9 2 31 21 28 20 10 14 17 12 29 26 3 16 19 18 7 6 27 8 11 32 15 24 23
67. 1 7 26 30 15 23 8 12 10 9 21 20 19 28 31 11 14 25 18 27 16 2 5 29 17 24 13 6 3 32 4 22
67. 1 19 27 15 12 25 4 5 6 7 2 20 11 30 3 9 29 21 18 13 31 8 24 14 26 17 28 22 16 32 10 23
67. 1 22 26 16 2 25 19 14 29 8 32 3 31 11 28 27 5 13 24 15 7 20 9 23 6 17 12 18 4 21 10 30
67. 1 25 20 22 21 26 17 30 23 29 5 18 7 16 6 12 8 31 28 2 4 11 10 19 32 9 24 13 15 3 27 14
67. 1 15 25 17 5 14 23 27 30 16 2 24 10 11 20 31 19 29 8 26 3 28 6 9 4 18 13 21 7 12 32 22
67. 1 18 14 5 30 19 21 16 20 25 10 26 2 27 3 7 11 23 29 31 4 6 8 24 15 28 9 17 22 32 12 13
67. 1 12 11 4 30 29 19 13 16 20 21 8 26 25 10 9 6 2 17 24 7 14 27 28 23 32 5 18 22 3 31 15
66. 1 18 13 28 2 3 9 26 17 29 10 4 32 22 16 11 21 7 23 20 14 31 6 8 12 15 24 5 27 25 30 19
66. 1 21 13 12 28 6 23 31 17 19 2 18 11 22 4 20 16 29 5 27 14 3 8 25 24 15 7 10 30 32 26 9
66. 1 14 25 26 21 28 30 6 12 8 10 11 20 19 31 9 24 22 32 27 2 5 7 17 23 4 3 18 15 13 29 16
66. 1 24 13 22 5 28 32 31 10 8 19 11 7 3 9 4 25 26 17 27 23 12 16 6 18 20 14 29 2 30 21 15
66. 1 23 14 21 22 29 24 12 25 5 8 20 28 18 10 15 26 30 27 17 7 11 3 9 2 6 31 32 13 4 16 19
66. 1 12 17 4 22 18 15 21 5 2 3 9 20 10 7 13 24 19 8 14 32 11 28 16 25 31 30 29 26 27 23 6
66. 1 18 28 21 2 13 5 8 26 32 6 29 11 10 20 31 3 27 17 25 19 30 15 24 23 12 4 16 14 7 9 22
66. 1 30 32 11 3 17 9 15 4 12 27 21 29 2 10 25 24 31 6 19 14 5 23 26 20 13 22 18 16 28 8 7
66. 1 8 11 19 15 26 31 24 27 4 25 3 12 13 17 18 6 10 21 16 5 7 23 20 30 9 22 14 32 2 29 28
66. 1 24 21 15 11 27 7 12 32 31 9 4 2 22 13 29 25 17 19 16 10 14 30 20 6 8 26 28 3 5 23 18
65. 1 20 16 27 11 26 18 10 2 29 19 24 31 32 22 12 23 3 8 13 9 25 15 4 30 17 6 21 14 7 5 28
65. 1 22 24 19 9 30 28 14 2 12 25 7 20 6 16 31 15 26 13 10 32 21 29 18 23 17 8 3 5 27 11 4
65. 1 4 18 17 8 27 2 22 26 25 23 6 5 32 12 28 15 14 29 19 9 10 20 11 21 30 31 3 16 7 13 24
65. 1 26 2 22 3 21 6 4 18 31 30 12 10 8 28 25 32 23 5 13 29 27 15 7 16 17 19 24 11 9 14 20
65. 1 27 28 29 23 8 19 3 11 9 5 31 25 30 16 12 20 32 10 6 24 13 7 15 17 4 22 26 14 21 18 2
65. 1 6 28 15 29 22 4 31 13 10 32 9 17 26 14 2 21 19 7 30 11 25 16 8 12 20 18 23 24 27 5 3
65. 1 17 16 10 32 8 4 2 3 11 9 14 13 15 23 12 5 29 22 26 18 7 30 21 28 31 19 25 20 27 24 6
65. 1 20 18 11 29 32 17 15 8 19 3 6 13 9 22 27 24 23 4 28 10 14 21 16 26 5 12 2 7 31 30 25
65. 1 21 5 13 31 2 20 23 6 16 14 22 7 25 8 19 12 9 18 11 24 3 15 10 29 30 26 27 28 4 17 32
65. 1 26 31 17 23 30 4 22 10 18 13 14 19 25 11 3 12 28 15 21 32 7 20 8 24 2 9 6 5 16 27 29
64. 1 24 32 10 29 21 8 3 19 13 15 26 22 11 7 28 23 14 16 31 5 6 25 2 4 18 20 27 30 12 9 17
64. 1 22 32 20 28 19 3 17 27 18 21 7 9 6 31 5 13 16 8 2 24 14 25 29 30 23 10 4 15 12 11 26
64. 1 8 32 5 25 4 22 18 14 26 31 16 15 3 10 29 24 19 6 11 9 20 7 12 21 28 2 13 23 30 27 17
64. 1 28 21 10 26 8 3 11 4 31 29 7 12 32 18 9 19 15 27 16 2 20 24 5 14 13 22 23 17 25 30 6
64. 1 22 28 31 8 30 23 21 4 15 2 3 17 20 10 32 9 6 13 26 14 19 29 7 18 5 12 16 11 25 27 24
64. 1 4 9 29 16 19 31 27 21 23 11 5 15 6 10 18 17 22 32 8 20 30 2 25 28 13 14 24 26 7 12 3
64. 1 11 3 15 29 19 21 30 24 27 22 14 2 16 20 9 23 17 26 5 32 6 8 28 12 31 25 7 10 13 4 18
64. 1 22 29 24 27 28 9 8 20 3 12 15 25 13 14 23 6 16 10 5 21 2 19 30 26 32 11 4 17 31 18 7
64. 1 11 12 6 26 9 24 21 17 31 29 4 27 32 15 3 19 10 30 13 23 16 8 22 5 7 28 14 18 20 2 25
64. 1 19 2 24 30 15 27 31 29 4 25 23 17 14 28 12 18 10 16 11 21 32 20 26 3 22 5 13 8 9 7 6
63. 1 22 16 26 30 9 2 27 10 20 21 31 19 8 32 17 5 13 25 4 18 28 24 14 6 15 11 29 3 23 7 12
63. 1 2 7 26 21 22 16 23 19 24 32 25 5 14 31 30 18 8 10 15 9 6 29 4 27 3 20 28 11 13 12 17
63. 1 16 11 31 10 30 9 12 17 27 25 18 21 5 24 4 19 14 2 20 7 29 32 22 28 26 15 3 13 23 8 6
63. 1 25 14 19 23 4 21 18 3 31 8 11 13 7 9 16 20 29 5 22 12 32 27 28 15 24 30 17 10 2 6 26
63. 1 18 32 4 28 9 30 31 7 26 8 3 14 24 19 16 12 20 17 11 27 29 13 15 23 21 22 10 2 25 5 6
63. 1 5 29 28 3 16 32 12 21 9 14 26 23 18 10 8 13 25 30 4 27 15 6 17 7 31 24 11 22 19 20 2
63. 1 18 20 13 8 11 16 26 25 32 30 22 12 3 19 31 15 6 24 17 29 7 4 9 14 27 28 21 23 2 5 10
63. 1 27 6 15 23 2 4 12 19 21 18 7 8 13 11 28 31 9 5 32 17 22 24 10 3 16 25 26 29 30 14 20
63. 1 29 32 27 18 12 25 19 9 13 4 31 30 11 5 23 26 17 20 21 6 14 15 28 24 3 2 8 10 16 22 7
63. 1 18 17 14 16 22 27 31 13 10 8 20 24 23 7 4 12 15 29 28 25 30 6 26 11 19 5 32 9 21 2 3
62. 1 30 20 25 17 9 3 27 14 29 11 32 26 4 22 16 28 5 31 12 10 18 6 13 24 19 15 23 8 2 21 7
62. 1 23 27 6 16 17 5 15 30 18 32 3 12 10 25 31 26 8 7 22 20 4 28 21 11 13 24 14 29 2 9 19
62. 1 19 25 8 13 11 32 5 27 3 12 2 31 10 29 14 6 26 22 28 4 9 17 23 15 30 18 7 20 24 16 21
62. 1 31 25 15 27 19 17 8 23 9 29 32 11 14 12 5 20 22 7 4 16 2 13 18 6 3 28 24 30 10 21 26
62. 1 8 23 4 9 7 15 31 21 30 32 14 11 29 6 17 10 24 18 28 27 22 20 25 16 19 3 26 5 2 13 12
62. 1 32 31 21 27 22 29 23 16 15 25 17 8 11 26 13 30 7 28 4 24 12 2 5 9 19 20 18 3 6 10 14
62. 1 5 21 31 11 28 7 13 25 20 17 10 3 18 24 32 15 16 8 2 22 27 4 9 6 14 23 19 12 26 30 29
62. 1 8 16 4 9 18 28 25 2 27 26 24 32 6 3 17 5 22 11 19 13 30 10 12 14 31 7 23 21 20 15 29
62. 1 14 15 10 26 3 2 16 27 31 20 6 7 23 8 9 13 17 28 5 22 11 4 12 32 18 21 25 29 30 24 19
62. 1 4 18 28 24 26 32 5 23 11 8 22 14 16 19 9 30 13 27 29 2 7 3 15 10 21 31 17 25 20 6 12
61. 1 5 30 14 23 9 26 19 8 25 3 32 27 4 28 6 31 7 29 16 21 2 15 11 13 12 22 17 20 24 18 10
61. 1 8 12 29 17 27 3 15 21 4 18 10 23 26 7 9 20 16 13 24 28 6 25 5 2 32 30 14 11 22 19 31
61. 1 9 8 5 2 11 32 22 13 30 12 20 3 14 4 26 17 25 18 15 29 23 27 6 28 7 21 19 16 10 24 31
61. 1 2 14 32 7 3 5 11 15 24 19 25 22 12 21 18 9 23 17 27 29 28 31 16 26 30 6 4 10 20 13 8
61. 1 17 32 12 25 30 16 8 11 3 19 28 5 15 24 21 20 14 13 9 27 22 31 26 4 10 6 18 23 2 29 7
61. 1 7 10 31 23 3 21 5 6 17 24 19 12 20 4 14 18 22 9 16 28 29 13 32 30 25 11 26 27 2 8 15
61. 1 23 20 25 19 31 3 12 17 32 14 10 27 11 28 24 15 29 16 9 4 8 18 13 7 21 5 2 30 22 6 26
61. 1 21 28 8 9 7 23 14 10 20 2 6 5 27 3 24 22 25 16 4 31 12 30 26 11 19 15 29 13 18 32 17
61. 1 12 9 5 16 11 2 14 29 27 6 17 23 30 25 22 7 32 19 15 3 10 24 4 28 18 13 8 26 21 31 20
61. 1 22 20 4 32 5 3 19 8 13 25 28 17 2 11 18 31 10 29 15 6 7 9 27 21 16 12 30 14 23 26 24
60. 1 12 29 3 14 11 8 25 27 2 32 31 18 19 4 22 6 26 15 17 13 9 5 16 10 21 7 30 20 24 28 23
60. 1 11 24 7 12 17 14 22 8 31 3 9 6 19 2 18 4 28 5 21 27 29 20 23 13 25 16 26 10 32 15 30
60. 1 18 13 6 3 29 4 9 7 22 23 26 11 30 14 32 20 12 21 10 16 28 8 2 15 5 24 17 19 25 27 31
60. 1 29 5 31 8 23 3 18 11 6 10 20 19 17 14 30 21 22 4 28 26 15 25 12 7 16 13 27 9 32 24 2
60. 1 8 24 23 5 7 15 10 18 22 29 27 31 11 6 32 9 20 14 12 16 26 21 25 28 17 30 13 3 19 2 4
60. 1 23 29 24 5 8 19 22 10 28 18 32 27 2 21 30 15 31 20 25 14 16 9 12 6 3 4 7 11 13 17 26
60. 1 5 3 19 12 20 13 7 22 4 32 2 15 28 23 11 17 21 9 26 14 29 18 6 31 16 30 10 27 25 8 24
60. 1 7 11 31 16 10 4 14 18 32 27 20 6 15 12 26 28 29 3 23 8 17 24 9 30 5 13 25 2 22 19 21
60. 1 10 9 28 27 19 22 29 15 2 20 21 18 5 6 25 7 32 31 23 13 8 16 24 26 14 30 11 3 17 12 4
60. 1 4 30 18 15 5 24 26 3 11 19 20 6 32 22 9 16 31 14 12 17 7 2 27 8 10 23 13 25 29 21 28
59. 1 2 23 10 17 11 20 14 28 7 16 5 31 18 30 4 6 12 13 25 27 15 22 29 8 21 24 26 19 9 32 3
59. 1 31 6 19 20 5 29 24 11 18 27 23 21 14 10 22 7 2 17 8 3 12 16 32 4 9 28 25 15 30 26 13
59. 1 6 7 10 28 26 5 14 16 29 18 17 2 3 13 32 8 30 22 11 21 15 9 27 19 4 25 12 20 24 23 31
59. 1 6 10 20 9 15 4 3 23 32 28 19 25 7 5 31 30 12 14 13 21 11 16 2 17 27 29 22 18 24 8 26
59. 1 2 29 30 21 5 27 16 28 20 9 25 15 3 13 22 26 18 24 17 19 7 4 11 23 6 32 8 31 12 14 10
59. 1 30 27 7 32 13 18 4 6 14 23 24 8 31 10 2 11 19 5 29 20 21 25 22 16 15 28 12 3 17 26 9
59. 1 24 14 26 5 10 7 3 31 28 13 32 6 23 20 15 17 16 2 30 11 25 29 4 8 12 18 19 27 22 9 21
59. 1 22 2 24 12 17 14 5 11 28 3 19 23 7 30 27 8 6 26 10 31 32 4 20 15 18 29 9 25 13 21 16
59. 1 3 31 24 13 30 18 11 7 19 22 10 16 32 21 9 26 2 8 20 27 12 5 17 25 29 28 15 6 14 23 4
59. 1 15 21 17 19 5 30 31 14 10 6 3 12 11 25 2 28 9 32 26 8 24 29 20 27 22 7 23 4 16 18 13
58. 1 22 7 21 20 23 12 17 24 3 19 8 13 5 26 25 28 18 2 11 27 10 31 30 14 4 16 15 29 9 6 32
58. 1 5 29 18 16 20 12 23 9 8 31 11 4 24 32 25 15 28 27 2 26 13 14 22 10 21 3 7 30 6 19 17
58. 1 26 21 16 18 30 19 12 5 9 13 28 29 25 31 6 2 8 27 3 22 20 7 15 14 10 23 24 32 4 11 17
58. 1 28 15 4 2 17 32 16 21 22 13 26 30 14 7 19 23 12 11 24 10 27 29 8 20 18 6 5 9 25 3 31
58. 1 21 7 23 29 13 10 22 16 30 3 9 19 27 32 12 31 18 4 11 24 14 20 5 8 25 17 2 6 26 28 15
58. 1 19 5 23 25 24 17 4 16 8 14 7 21 28 26 29 31 27 20 12 9 32 30 22 11 6 10 15 18 2 13 3
58. 1 28 11 27 3 8 12 2 21 32 7 14 13 4 24 23 30 15 19 22 6 26 10 16 29 9 31 20 25 5 17 18
58. 1 29 16 5 11 28 4 30 8 7 20 2 15 22 13 10 9 27 26 21 23 12 31 19 17 25 3 6 18 24 14 32
58. 1 26 21 27 18 32 13 31 10 15 19 11 14 4 20 6 7 8 24 28 9 30 16 5 3 23 12 22 25 2 29 17
58. 1 9 6 32 28 17 18 16 14 22 15 10 4 27 21 26 29 24 19 25 30 11 13 12 7 23 3 8 31 20 2 5
57. 1 28 7 29 30 27 24 8 3 26 6 11 21 20 5 25 16 32 22 13 12 31 17 9 2 19 14 18 15 10 23 4
57. 1 28 27 4 20 8 6 32 7 2 30 29 15 17 21 12 3 11 18 31 22 19 10 16 23 25 14 13 5 9 24 26
57. 1 8 17 30 16 19 23 14 2 10 29 22 26 18 7 5 3 13 24 9 27 25 4 28 32 31 21 11 20 6 12 15
57. 1 22 12 26 9 7 3 13 32 14 17 11 24 25 8 30 19 23 29 21 2 16 15 20 31 4 6 28 10 27 5 18
57. 1 16 24 19 5 10 30 23 29 11 9 4 21 15 28 8 3 12 20 13 17 6 27 7 32 14 26 22 25 2 31 18
57. 1 15 7 11 14 31 5 25 17 18 6 16 2 9 23 29 20 10 27 26 13 21 22 8 12 30 4 19 24 3 32 28
57. 1 23 29 18 3 30 8 5 12 28 22 9 25 21 7 24 6 2 27 4 15 16 17 26 31 19 32 14 10 13 11 20
57. 1 31 10 32 30 23 17 12 27 9 14 20 26 8 15 21 2 3 11 4 19 29 6 18 22 7 28 16 5 13 24 25
57. 1 9 17 16 32 13 28 29 8 22 10 19 23 6 12 4 15 24 11 7 21 30 5 31 2 26 18 25 27 20 3 14
57. 1 28 18 26 19 16 23 12 24 4 10 14 8 17 25 7 20 15 3 11 30 32 31 21 29 22 9 13 27 5 6 2
56. 1 28 17 27 31 30 15 16 24 19 9 14 23 12 21 8 32 4 13 18 5 7 10 29 6 26 3 22 20 11 2 25
56. 1 28 12 20 32 24 16 9 3 11 21 25 22 18 15 4 29 5 31 14 26 23 17 19 8 27 6 7 30 2 13 10
56. 1 5 26 17 20 13 9 3 16 24 29 7 19 23 30 31 14 11 8 27 22 32 2 12 28 4 15 6 10 18 21 25
56. 1 23 17 4 30 20 22 8 27 6 29 19 25 31 14 10 2 32 3 26 15 18 12 11 24 16 13 28 5 21 7 9
56. 1 16 26 6 21 19 17 18 7 28 22 27 8 2 9 24 29 4 13 32 20 25 14 12 31 30 15 23 5 11 10 3
56. 1 28 15 11 24 20 10 31 5 8 27 30 6 17 23 21 7 9 3 14 18 25 12 29 32 22 2 26 4 13 16 19
56. 1 14 27 32 11 29 2 13 3 23 28 9 12 4 5 20 17 19 31 8 26 16 7 15 18 24 30 25 6 22 21 10
56. 1 9 18 7 15 6 31 13 26 23 3 21 19 8 2 14 32 22 29 4 5 10 28 11 16 25 24 20 12 30 27 17
56. 1 7 32 2 4 3 6 15 8 26 14 17 29 13 28 11 10 18 20 30 24 19 21 9 31 22 16 27 12 25 5 23
56. 1 30 10 27 32 25 28 21 19 15 31 24 8 16 3 18 13 22 6 2 17 4 12 14 9 7 5 23 20 26 11 29
55. 1 9 26 19 24 21 32 5 13 10 22 25 27 16 20 17 23 30 14 11 28 12 4 31 15 3 2 6 7 18 29 8
55. 1 18 12 20 23 15 8 5 28 3 4 32 26 17 10 13 9 22 16 11 29 27 30 7 25 31 24 21 14 2 6 19
55. 1 18 26 2 8 6 3 21 11 24 32 29 12 7 25 14 13 27 9 4 5 10 30 28 22 20 16 31 23 15 17 19
55. 1 12 10 4 32 26 18 28 22 20 24 19 13 8 17 11 31 6 7 3 9 15 23 21 5 14 25 27 29 30 16 2
55. 1 5 26 28 13 30 19 29 12 15 25 9 21 22 18 10 6 27 14 32 11 8 17 23 20 31 3 2 4 16 7 24
55. 1 29 4 27 16 12 19 8 25 30 22 18 13 3 2 20 9 28 10 7 26 24 17 21 11 6 23 5 14 31 15 32
55. 1 5 25 22 13 30 11 2 10 9 31 24 27 8 20 7 17 16 32 23 15 12 19 4 6 26 21 14 3 28 29 18
55. 1 25 21 18 19 6 17 28 26 5 30 29 15 10 11 3 24 31 22 20 16 32 4 14 12 9 13 23 2 27 8 7
55. 1 26 32 15 20 27 5 30 18 7 12 8 22 6 25 11 13 9 4 28 29 31 16 10 23 24 14 19 17 3 2 21
55. 1 32 14 2 5 25 18 13 7 26 23 9 24 11 12 17 21 30 15 20 22 10 31 6 19 29 28 16 27 8 3 4
54. 1 29 25 12 22 26 13 10 11 31 32 30 21 23 3 5 24 18 9 28 15 14 19 17 27 4 20 2 16 7 8 6
54. 1 15 12 13 17 27 32 21 10 31 25 7 23 28 14 18 20 8 30 24 16 3 5 4 26 11 22 19 29 9 2 6
54. 1 21 15 2 9 16 31 27 7 28 3 18 6 11 29 5 4 17 30 32 10 14 8 12 22 26 13 25 23 20 19 24
54. 1 14 32 2 11 30 10 17 26 23 18 8 4 28 22 21 9 12 24 25 29 20 7 6 5 15 31 3 13 16 27 19
54. 1 7 4 32 3 8 13 18 6 16 25 24 15 11 31 19 12 14 17 30 21 23 5 22 26 20 29 28 9 10 2 27
54. 1 16 2 15 7 13 10 4 31 21 26 20 27 18 28 6 24 12 19 8 9 17 11 32 29 25 14 3 5 30 23 22
54. 1 3 13 17 7 22 2 16 11 10 32 4 30 21 29 31 23 19 15 28 25 5 20 26 12 14 24 8 18 6 9 27
54. 1 19 29 3 17 27 14 24 6 11 21 32 31 18 20 16 22 2 4 8 25 9 30 7 12 5 13 10 26 28 15 23
54. 1 9 21 5 27 24 10 20 18 17 4 3 19 31 11 23 8 28 15 30 6 22 13 14 7 26 25 16 29 2 32 12
54. 1 9 10 14 16 23 32 27 13 28 8 17 2 6 15 24 4 12 18 29 21 11 5 19 31 30 7 25 3 20 22 26
53. 1 16 21 19 25 5 30 11 15 8 14 22 28 29 17 31 3 2 12 13 6 20 32 27 24 10 23 4 7 9 26 18
53. 1 20 13 25 22 30 21 26 12 8 31 18 7 24 23 17 5 19 32 6 28 2 11 10 16 9 27 29 3 15 4 14
53. 1 8 32 25 17 16 7 21 11 19 15 6 3 30 2 31 4 29 23 20 14 22 5 13 18 27 26 28 10 12 9 24
53. 1 8 32 28 23 24 11 14 10 19 30 26 16 13 6 25 17 15 27 31 12 9 5 22 2 3 18 4 29 20 21 7
53. 1 12 13 7 30 3 26 23 24 19 27 20 31 5 32 8 10 22 28 6 11 4 17 25 14 21 9 2 18 16 15 29
53. 1 13 19 23 21 25 22 20 17 12 8 3 14 11 24 26 16 15 7 27 28 29 31 9 30 5 4 10 18 32 2 6
53. 1 13 22 9 12 21 16 20 11 25 31 8 5 6 10 30 4 15 3 24 27 7 28 18 23 14 19 2 26 29 17 32
53. 1 31 9 10 7 25 2 24 11 30 23 28 5 6 20 13 22 32 16 19 21 4 29 27 8 3 17 14 18 26 15 12
53. 1 13 7 8 24 14 11 25 29 9 3 31 22 15 17 10 12 28 23 30 18 6 4 27 26 20 32 5 16 19 2 21
53. 1 3 7 30 21 24 8 29 6 11 32 14 27 10 26 16 20 17 13 25 23 2 22 5 28 9 31 12 15 19 18 4
52. 1 12 28 4 26 29 27 10 13 3 9 5 30 23 6 11 8 14 20 15 32 2 25 17 31 24 21 22 19 7 16 18
52. 1 20 9 10 5 29 22 16 17 14 4 28 13 23 8 11 27 12 2 25 18 15 6 21 7 32 30 31 3 19 24 26
52. 1 22 2 3 10 4 23 27 14 24 28 31 9 26 18 15 5 17 32 30 6 16 8 7 25 21 12 20 29 11 13 19
52. 1 7 20 13 17 5 32 25 12 16 2 4 9 30 31 21 23 18 3 14 24 10 15 6 22 8 28 29 26 27 19 11
52. 1 4 15 29 18 14 25 9 16 20 31 21 5 32 30 13 3 23 11 19 27 12 7 10 2 17 26 28 24 6 8 22
52. 1 19 13 3 22 12 6 14 24 10 5 18 7 9 29 27 32 21 4 17 16 30 25 28 23 31 20 15 8 2 11 26
52. 1 31 22 28 20 16 29 18 19 32 25 24 26 17 8 5 6 30 27 9 3 4 21 10 7 23 15 14 11 12 13 2
52. 1 5 32 24 27 7 28 26 8 10 19 14 12 29 9 20 13 22 23 4 6 2 25 18 3 21 30 16 31 11 15 17
52. 1 21 32 5 31 13 2 24 9 18 27 8 12 20 25 7 17 10 4 28 30 3 23 14 26 22 19 6 29 16 11 15
52. 1 11 20 26 4 12 2 13 27 14 21 32 5 16 30 3 15 17 24 8 28 29 18 19 6 25 7 23 10 22 31 9
51. 1 16 3 17 24 29 14 32 23 7 9 28 19 13 15 30 27 5 11 18 31 26 12 21 20 6 8 25 4 22 10 2
51. 1 24 3 20 11 15 30 29 27 19 18 25 26 5 9 32 31 14 23 7 28 2 12 17 13 16 10 8 22 4 6 21
51. 1 2 27 22 9 30 5 25 24 14 3 26 28 7 10 32 12 13 4 15 11 23 16 19 31 8 6 21 18 17 20 29
51. 1 28 26 7 8 18 15 12 11 25 32 21 13 27 23 20 24 19 16 9 6 17 30 2 3 22 4 10 5 14 29 31
51. 1 14 32 3 31 8 6 11 27 21 2 28 16 9 15 30 18 10 4 5 17 12 23 7 20 24 25 22 19 26 13 29
51. 1 9 30 13 20 4 6 11 28 15 23 16 19 2 26 22 32 12 5 14 18 3 24 17 29 31 10 8 27 21 25 7
51. 1 28 8 17 24 30 23 32 11 2 5 10 3 12 6 29 9 14 22 21 13 15 7 26 19 18 31 16 20 27 4 25
51. 1 31 23 27 30 10 9 24 16 28 7 8 15 19 22 17 21 4 18 29 13 6 25 3 5 14 20 26 11 12 32 2
51. 1 18 6 32 2 20 24 15 26 10 22 23 11 28 8 17 13 29 30 19 3 25 4 7 27 9 5 12 31 21 14 16
51. 1 3 32 5 11 15 23 21 26 4 29 12 10 6 18 17 8 16 20 2 9 14 22 25 30 31 24 13 7 28 27 19
50. 1 16 31 7 2 6 17 9 19 26 25 28 4 8 10 29 27 22 24 21 3 20 23 32 18 12 11 5 14 30 13 15
50. 1 10 5 12 29 23 20 28 15 16 2 31 32 18 26 21 8 19 22 30 14 3 27 7 17 6 13 4 24 9 25 11
50. 1 23 11 4 24 28 26 22 3 21 32 13 27 5 14 17 31 19 20 25 29 10 30 8 9 16 15 7 6 2 12 18
50. 1 30 14 25 8 28 21 17 9 24 7 5 10 11 4 13 6 22 12 20 3 16 15 29 26 32 31 27 2 19 18 23
50. 1 23 8 31 18 3 28 24 7 21 9 20 19 15 17 25 30 6 32 29 22 5 12 10 27 13 14 16 2 4 26 11
50. 1 13 27 3 24 12 9 19 28 21 2 29 7 4 16 22 10 25 11 5 17 23 20 15 8 14 18 31 6 26 30 32
50. 1 12 21 19 17 23 4 13 9 30 5 32 24 10 28 15 11 20 26 16 31 29 7 3 25 22 14 27 2 8 6 18
50. 1 4 5 15 26 16 3 6 25 2 7 28 19 13 9 8 12 18 21 31 22 23 24 27 14 11 29 32 20 17 10 30
50. 1 7 32 25 8 20 3 12 14 16 5 29 24 26 6 13 4 30 21 15 9 22 2 27 28 17 11 10 18 19 23 31
50. 1 4 23 12 21 6 5 31 22 8 2 24 27 7 19 29 28 16 17 32 20 15 10 11 13 26 18 30 25 9 3 14
49. 1 26 16 13 14 22 27 24 32 17 5 23 21 6 8 15 29 30 19 18 31 12 9 4 10 11 25 3 28 7 20 2
49. 1 15 26 18 16 8 24 29 17 32 2 20 10 28 5 4 9 3 22 12 23 21 11 25 6 30 14 7 31 27 13 19
49. 1 32 23 26 18 30 12 10 16 25 7 27 19 4 29 24 17 6 5 9 22 2 28 21 11 20 8 31 3 13 14 15
49. 1 3 21 27 2 26 19 17 11 23 30 7 14 5 29 20 15 13 16 24 22 18 6 12 10 28 4 9 8 25 31 32
49. 1 5 19 27 31 7 12 4 29 9 3 10 2 14 22 20 17 15 30 32 18 16 28 13 24 25 11 6 23 21 8 26
49. 1 30 20 31 4 23 27 15 10 22 16 8 7 32 2 5 6 9 13 12 3 19 11 24 25 21 29 28 17 18 26 14
49. 1 18 17 25 16 24 8 28 14 4 30 21 13 20 3 2 6 9 7 15 10 31 29 26 22 19 32 23 11 27 12 5
49. 1 21 3 10 18 28 19 22 27 9 31 11 23 26 24 4 30 8 32 17 5 15 12 16 14 6 2 29 13 20 7 25
49. 1 8 10 20 6 28 7 15 9 26 12 5 3 27 18 29 2 14 22 11 16 23 32 24 25 17 30 13 19 21 4 31
49. 1 8 2 28 16 3 30 13 31 21 10 11 29 27 25 7 26 5 6 23 19 9 22 12 4 32 20 17 18 24 15 14
48. 1 27 5 29 6 18 30 22 28 20 14 2 10 12 23 21 31 15 19 7 26 17 24 8 9 4 25 16 11 32 3 13
48. 1 17 31 14 30 11 26 7 3 2 29 24 13 20 12 8 28 23 25 5 10 6 15 9 32 4 18 22 27 19 21 16
48. 1 12 24 16 13 4 21 30 10 32 14 5 3 15 17 26 18 23 19 9 7 27 29 22 31 11 28 25 2 20 6 8
48. 1 21 32 27 12 17 16 7 26 28 31 20 24 14 23 13 18 9 25 30 19 22 3 10 8 6 2 5 15 29 11 4
48. 1 2 30 17 6 23 18 26 9 29 11 32 24 5 4 3 8 31 19 13 7 12 27 14 25 22 10 15 21 20 16 28
48. 1 19 2 11 13 22 5 26 9 10 15 12 14 4 29 6 8 3 31 20 23 7 17 27 25 21 18 30 24 16 28 32
48. 1 4 28 31 22 12 13 23 32 15 20 7 6 16 8 9 11 29 17 26 21 14 18 3 24 2 5 10 25 27 19 30
48. 1 21 24 5 12 23 3 8 14 28 27 29 25 18 20 9 17 30 15 13 11 4 32 31 6 19 10 22 2 7 16 26
48. 1 19 16 17 8 12 10 4 20 15 11 31 7 23 26 21 28 3 18 29 32 22 5 14 24 6 9 30 25 27 2 13
48. 1 24 9 6 25 26 30 20 2 32 11 21 12 13 10 19 16 4 17 28 23 27 5 18 15 8 22 14 7 29 3 31
47. 1 16 27 24 6 32 26 31 2 20 12 3 22 8 4 21 29 11 17 10 7 18 23 15 19 5 30 13 9 28 25 14
47. 1 15 28 7 11 22 9 17 13 26 6 18 12 32 21 29 20 23 8 19 25 24 16 4 30 3 5 2 27 14 10 31
47. 1 13 31 22 24 11 8 5 23 25 9 29 27 4 19 16 21 10 17 6 12 18 3 26 7 28 32 14 20 15 2 30
47. 1 6 17 31 8 4 14 18 21 7 11 25 26 3 15 12 9 19 27 23 16 22 28 30 24 13 29 32 2 20 5 10
47. 1 14 22 18 12 20 15 27 4 6 19 16 28 25 13 3 7 30 21 29 5 2 10 23 26 17 8 31 9 24 11 32
47. 1 7 29 24 14 23 13 22 3 25 26 9 11 18 16 6 5 20 8 4 12 17 19 27 15 28 32 30 2 21 31 10
47. 1 29 24 11 19 6 20 26 7 32 22 14 28 23 31 15 30 17 13 8 27 16 25 3 10 9 12 4 21 2 5 18
47. 1 15 24 32 23 18 16 11 27 19 4 29 31 7 5 25 20 26 30 22 14 12 10 9 2 6 21 17 28 13 8 3
47. 1 31 32 17 13 20 16 28 29 27 7 15 19 8 6 14 2 23 26 21 24 25 5 9 18 22 3 30 11 10 4 12
47. 1 30 27 16 6 20 23 25 32 26 10 22 12 3 28 13 4 15 21 7 9 11 18 14 31 29 2 8 19 24 17 5
46. 1 26 4 21 32 24 27 30 2 9 8 19 11 13 12 20 18 5 14 17 6 15 29 7 22 28 10 25 23 3 16 31
46. 1 30 25 29 3 21 9 12 20 32 28 23 6 18 22 17 31 24 14 7 19 27 10 8 15 26 11 5 2 4 13 16
46. 1 4 2 13 25 29 14 28 12 26 21 5 27 18 20 22 9 8 31 23 7 3 11 16 24 19 6 32 30 15 17 10
46. 1 23 22 10 32 29 25 14 19 24 2 7 30 8 6 26 15 20 27 28 5 11 17 21 18 13 12 9 3 16 31 4
46. 1 29 18 2 28 32 25 5 7 20 31 11 21 26 30 19 27 17 4 3 8 22 6 9 12 15 23 14 24 10 16 13
46. 1 3 8 30 7 14 29 11 24 26 12 9 5 6 19 4 28 25 17 27 31 23 13 16 32 22 18 21 10 2 15 20
46. 1 27 20 6 15 25 7 16 12 3 18 2 28 30 29 26 17 10 13 24 14 8 5 4 9 31 32 23 11 22 19 21
46. 1 15 13 30 32 27 26 12 24 8 11 3 21 2 20 16 18 4 25 9 17 22 23 10 14 28 5 31 7 19 6 29
46. 1 3 25 15 2 32 13 23 14 27 17 22 21 19 5 24 10 8 20 18 29 30 9 4 7 6 31 28 26 12 16 11
46. 1 17 29 24 19 5 32 23 18 3 28 21 14 6 15 10 2 4 11 7 22 16 31 25 9 27 26 13 30 20 12 8
45. 1 14 5 11 19 32 24 20 29 12 9 30 7 15 22 10 27 8 13 28 18 2 6 17 26 31 21 25 16 3 23 4
45. 1 25 31 27 7 20 4 5 8 6 32 26 9 23 3 10 2 28 13 21 11 24 19 16 18 22 29 17 30 12 15 14
45. 1 11 16 31 20 10 28 2 7 9 24 19 27 29 6 4 17 14 8 5 15 32 21 13 12 23 3 30 22 26 18 25
45. 1 23 24 7 19 22 17 26 13 4 12 9 10 27 16 18 20 28 3 2 31 8 25 11 32 14 30 15 21 6 29 5
45. 1 21 25 28 9 3 13 18 8 14 24 29 4 15 5 11 2 16 32 12 6 31 20 27 26 23 17 22 30 7 10 19
45. 1 6 26 18 8 12 28 9 30 11 2 7 19 16 5 24 4 32 25 10 15 27 21 13 14 22 3 20 23 29 17 31
45. 1 4 9 5 24 3 16 18 27 7 25 10 6 21 15 26 28 23 29 8 17 20 30 2 31 11 13 22 32 19 12 14
45. 1 24 14 16 18 30 3 23 12 7 26 29 4 19 31 17 13 27 21 2 32 9 28 8 25 11 22 10 20 6 5 15
45. 1 14 19 7 9 8 31 4 15 26 6 5 11 21 32 29 16 20 22 25 23 13 12 2 27 3 17 24 18 30 10 28
45. 1 4 2 3 14 18 8 23 19 20 21 6 11 24 13 17 9 30 16 32 7 15 27 26 28 10 29 5 12 22 31 25
44. 1 19 18 8 4 32 13 24 9 17 16 26 14 20 2 6 11 29 27 25 28 5 30 12 31 15 23 3 21 7 22 10
44. 1 25 26 5 7 9 27 31 16 32 2 8 20 10 17 6 19 15 30 23 22 13 28 21 3 12 29 18 4 14 11 24
44. 1 25 5 29 2 23 24 11 28 21 9 30 16 22 27 17 19 6 10 26 18 4 8 32 3 15 12 14 7 31 13 20
44. 1 3 13 15 29 8 20 17 23 30 11 6 10 31 9 18 5 16 26 12 14 32 2 7 22 25 27 24 19 21 28 4
44. 1 6 20 18 5 25 26 21 32 4 31 16 22 7 28 2 29 17 14 11 12 3 8 15 30 13 27 23 9 19 10 24
44. 1 16 9 3 20 18 27 28 5 11 17 31 30 21 26 4 25 13 29 8 7 2 19 23 12 14 24 15 6 10 32 22
44. 1 17 26 20 25 23 28 12 14 10 3 13 4 2 22 15 32 19 18 16 7 8 29 9 24 31 6 21 27 11 5 30
44. 1 32 19 13 6 24 28 18 15 12 4 8 7 29 23 11 2 20 27 17 3 9 16 31 10 5 26 14 22 21 25 30
44. 1 3 26 2 6 32 23 15 16 9 22 14 8 27 11 10 28 12 31 19 13 18 25 17 21 5 30 4 24 7 29 20
44. 1 12 6 10 11 25 30 26 17 23 13 16 21 15 29 18 8 32 31 3 7 28 20 2 9 4 19 5 27 24 22 14
43. 1 5 31 27 15 22 14 20 8 28 2 11 19 17 21 12 30 18 16 3 26 13 32 23 6 29 9 4 24 7 25 10
43. 1 24 15 8 30 31 20 29 2 23 28 17 10 16 21 3 5 32 7 4 26 14 18 9 22 6 11 19 25 12 27 13
43. 1 15 9 32 11 26 10 25 27 13 12 24 4 30 6 3 8 19 2 20 14 31 29 21 7 23 16 18 28 22 5 17
43. 1 11 23 30 13 18 14 8 22 26 7 10 28 9 20 25 15 31 16 17 29 24 19 2 12 3 27 6 32 4 5 21
43. 1 7 4 2 31 18 3 6 28 16 12 26 23 5 30 10 11 9 13 29 15 22 20 32 21 27 25 8 14 19 24 17
43. 1 29 14 30 27 7 28 17 21 4 18 26 31 12 23 5 10 25 15 8 9 19 22 6 11 2 13 16 20 24 32 3
43. 1 18 11 30 29 7 22 14 21 20 13 5 8 19 26 4 2 15 3 16 24 28 23 12 32 10 31 17 27 25 9 6
43. 1 19 8 25 11 3 6 18 21 15 30 28 4 29 13 17 22 5 10 14 16 12 2 7 32 24 20 31 23 26 9 27
43. 1 7 27 15 26 21 9 12 18 31 5 2 3 23 22 16 30 19 6 25 24 20 32 13 4 11 29 28 14 17 8 10
43. 1 14 18 29 27 26 22 15 11 28 31 8 23 3 9 25 6 16 30 12 10 7 13 32 24 17 2 20 5 21 19 4
42. 1 23 11 30 27 6 15 24 26 3 14 29 22 2 8 19 18 16 32 9 7 21 13 20 17 25 12 10 28 4 5 31
42. 1 4 7 5 11 24 13 3 14 30 22 17 12 16 28 6 20 21 32 27 29 23 18 25 9 2 31 8 10 15 19 26
42. 1 32 10 9 20 31 19 28 8 15 24 17 30 2 26 16 14 6 4 18 12 22 27 5 7 13 3 29 21 23 11 25
42. 1 2 6 4 10 26 22 21 25 29 30 9 14 3 8 7 11 27 5 12 20 18 28 32 19 15 23 13 16 24 31 17
42. 1 29 27 13 5 20 4 32 21 10 23 8 9 31 22 30 7 16 19 26 18 11 14 6 3 24 17 15 28 12 25 2
42. 1 25 13 26 8 32 15 19 17 9 16 22 20 7 14 27 18 24 11 30 3 28 21 29 4 23 5 12 31 2 6 10
42. 1 18 25 5 7 31 20 32 21 26 6 30 23 28 10 15 27 22 2 12 16 19 29 24 14 8 17 9 4 11 13 3
42. 1 6 10 18 26 13 2 11 17 5 9 27 23 22 19 16 14 3 4 30 21 31 29 12 28 15 8 25 7 24 32 20
42. 1 16 18 11 32 31 28 27 15 7 8 20 13 6 3 21 2 12 25 9 24 30 19 22 23 5 29 10 26 14 4 17
42. 1 3 20 16 7 18 11 8 24 2 15 29 17 23 30 27 21 22 4 28 25 31 32 13 26 19 10 9 14 5 12 6
41. 1 2 18 25 15 9 13 8 10 17 12 27 29 32 14 4 6 20 22 5 23 31 26 11 28 3 21 16 30 7 19 24
41. 1 15 28 31 20 21 17 13 11 8 19 4 18 25 14 9 27 3 5 12 32 30 24 22 16 7 23 29 26 10 2 6
41. 1 8 14 15 25 31 4 5 13 16 12 9 11 29 19 2 21 22 7 18 3 20 27 10 17 6 32 30 24 26 28 23
41. 1 25 24 7 27 31 17 26 9 20 5 29 8 23 4 22 2 12 13 3 14 11 18 6 28 15 10 30 21 19 32 16
41. 1 14 11 22 2 8 30 26 13 4 25 23 16 28 24 7 29 12 27 5 19 31 20 9 6 3 17 18 10 32 21 15
41. 1 25 3 21 27 13 18 4 19 11 22 9 24 32 14 7 31 20 23 8 16 10 17 2 15 30 29 6 12 28 26 5
41. 1 24 32 20 2 14 21 18 25 12 30 9 4 10 16 6 26 15 27 28 17 3 13 11 31 23 8 19 22 29 7 5
41. 1 31 30 5 19 6 16 18 28 15 8 3 25 20 32 27 13 2 4 14 12 29 23 7 10 21 26 24 11 22 17 9
41. 1 22 8 31 27 4 17 32 10 28 26 21 23 15 19 30 5 12 13 29 20 18 2 7 3 14 6 24 16 25 9 11
41. 1 17 23 27 3 32 13 10 14 15 30 31 24 4 18 22 19 28 26 5 8 25 16 29 2 20 12 21 6 7 9 11
40. 1 26 11 25 30 16 9 20 15 21 17 23 31 8 5 22 14 4 3 6 32 27 29 2 28 24 13 18 12 10 19 7
40. 1 2 26 12 25 7 32 29 11 4 13 27 28 9 23 22 6 20 31 3 17 14 5 21 24 16 19 18 30 8 15 10
40. 1 25 6 19 28 15 17 2 22 32 21 24 27 16 10 12 5 30 7 11 13 20 18 4 26 23 31 9 14 29 8 3
40. 1 15 6 24 27 26 5 4 31 11 7 2 20 32 10 3 8 30 18 12 13 25 29 9 19 23 17 28 14 22 21 16
40. 1 6 23 21 14 25 4 22 2 7 15 31 13 28 16 32 18 3 29 10 5 12 9 24 30 11 19 20 17 8 27 26
40. 1 16 2 12 6 24 13 7 31 9 10 30 25 14 29 22 26 18 20 8 23 3 32 27 5 28 19 17 11 4 15 21
40. 1 21 24 31 32 4 15 22 14 20 17 5 13 9 23 29 16 2 18 10 27 26 12 6 28 3 7 30 11 8 25 19
40. 1 21 15 20 7 14 4 8 32 3 18 22 24 29 23 13 31 28 19 16 27 5 30 6 9 11 10 17 2 26 12 25
40. 1 10 28 29 5 22 2 19 4 30 17 12 14 27 15 23 26 7 9 8 3 13 16 21 11 20 6 18 24 31 25 32
39. 1 31 24 11 15 25 23 19 7 26 28 12 13 4 3 27 17 30 16 14 5 10 2 6 21 18 20 22 9 8 29 32
39. 1 28 13 8 19 12 32 25 7 14 16 9 27 22 18 24 4 6 10 26 21 3 17 30 15 29 31 23 20 11 5 2
39. 1 2 24 19 14 21 9 11 25 8 16 5 15 4 20 6 22 3 18 12 31 26 10 29 32 7 30 17 27 23 13 28
39. 1 18 15 13 16 30 24 32 5 10 31 7 21 9 4 20 26 11 23 19 12 3 29 17 6 2 22 8 28 14 25 27
39. 1 22 24 3 29 12 5 6 19 2 25 10 23 27 18 32 14 20 28 26 9 31 16 21 11 15 7 30 17 8 4 13
39. 1 14 26 22 3 9 27 32 31 4 29 12 19 6 24 28 30 18 21 11 23 5 20 13 15 10 17 2 7 16 25 8
39. 1 18 4 11 6 30 32 2 21 8 9 24 29 15 26 14 3 12 5 19 27 31 16 20 25 22 7 13 23 28 17 10
39. 1 29 4 5 21 3 16 6 15 17 32 22 12 25 23 2 9 26 10 7 14 19 28 8 24 20 27 13 31 11 18 30
39. 1 24 10 16 21 27 3 32 19 26 22 8 31 28 2 29 30 9 6 4 23 20 12 18 11 5 15 13 25 7 17 14
39. 1 28 17 32 10 20 7 5 23 29 18 30 14 25 12 8 26 24 15 3 2 31 22 11 19 9 13 27 21 16 4 6
38. 1 26 2 18 32 20 31 16 3 15 24 5 19 12 30 13 17 23 8 6 11 14 25 28 29 27 7 10 4 21 9 22
38. 1 25 3 22 13 19 10 26 12 20 4 23 32 7 30 14 24 8 18 2 5 21 31 28 29 27 15 6 9 17 16 11
38. 1 19 31 12 9 26 21 24 20 10 18 3 16 7 23 30 2 5 8 15 29 6 14 13 11 22 17 32 27 4 25 28
38. 1 17 31 19 22 9 23 6 29 16 18 20 8 2 11 7 10 27 3 12 13 32 28 5 4 30 21 14 26 15 24 25
38. 1 11 27 28 6 14 21 15 2 23 12 9 32 5 4 24 7 22 31 29 19 30 25 8 18 10 20 17 3 16 13 26
38. 1 18 10 6 25 16 7 2 29 4 28 22 11 31 9 13 20 12 5 17 23 14 27 3 30 26 19 15 32 8 21 24
38. 1 16 6 2 32 14 10 12 27 28 3 7 30 17 4 19 25 18 24 31 5 26 9 21 22 8 29 15 23 13 11 20
38. 1 16 12 26 3 30 15 7 27 17 20 6 31 23 4 18 25 14 24 29 19 10 13 5 8 32 28 2 22 11 9 21
38. 1 19 13 12 25 24 5 23 3 4 16 27 26 30 31 17 18 2 15 8 7 22 9 28 21 20 32 10 29 14 6 11
38. 1 3 10 8 4 28 27 2 19 15 24 29 26 5 31 12 20 13 21 32 14 25 22 7 23 6 16 9 11 17 18 30
37. 1 27 12 15 10 13 28 4 24 32 30 11 25 6 16 31 29 7 3 17 19 5 8 20 2 23 14 9 21 18 22 26
37. 1 24 14 21 15 8 3 11 5 4 32 16 18 28 25 13 31 27 7 29 23 30 2 9 19 12 6 10 22 20 26 17
37. 1 24 21 15 29 2 28 26 19 31 11 27 4 14 10 25 22 18 20 13 32 17 16 7 6 5 23 8 30 12 9 3
37. 1 23 22 9 6 30 10 5 8 14 13 3 17 31 20 27 16 32 25 26 12 11 7 19 28 18 29 4 24 15 2 21
37. 1 19 11 24 6 22 28 8 12 23 7 29 26 9 13 10 2 14 17 4 31 21 15 3 27 25 32 5 16 20 30 18
37. 1 13 24 21 20 31 16 15 2 5 19 9 8 23 32 25 18 17 6 29 28 27 30 26 10 11 4 3 22 14 7 12
37. 1 16 28 17 23 4 5 20 18 31 11 22 8 15 19 21 25 3 2 14 29 26 24 9 7 32 27 30 13 12 10 6
37. 1 30 20 28 17 8 27 3 32 31 22 24 4 16 9 25 7 10 12 6 21 18 11 23 29 19 13 15 26 2 14 5
37. 1 27 29 22 31 10 12 28 3 13 7 14 6 8 4 5 19 20 17 30 26 32 23 16 11 21 15 18 2 9 24 25
37. 1 29 25 22 11 21 20 31 19 23 9 2 6 26 13 8 14 10 15 4 16 18 28 5 12 32 3 7 24 30 27 17
36. 1 2 24 29 25 30 26 22 11 28 16 27 13 7 18 8 31 10 3 14 23 19 21 20 15 32 17 5 4 6 12 9
36. 1 14 29 6 2 3 15 9 4 25 11 12 21 10 16 13 18 20 8 28 23 32 5 27 30 19 7 24 22 31 26 17
36. 1 4 5 29 16 12 2 8 6 20 25 9 28 18 10 23 31 30 32 15 22 3 27 21 7 26 17 11 14 24 19 13
36. 1 29 12 32 19 14 25 6 9 7 17 3 23 10 30 2 26 15 16 28 13 22 20 27 21 11 4 31 5 8 24 18
36. 1 9 5 3 21 10 24 15 13 31 26 30 6 8 20 17 16 25 29 32 18 11 19 12 2 7 23 28 27 4 14 22
36. 1 13 8 11 25 28 14 7 32 29 26 16 3 5 27 22 17 24 4 20 18 15 19 12 6 10 9 23 2 31 21 30
36. 1 16 9 28 6 3 24 20 21 23 14 26 11 8 4 7 32 5 2 31 13 18 22 27 29 19 10 30 12 15 25 17
36. 1 11 21 5 20 4 16 24 30 19 2 13 32 12 3 10 28 7 27 8 22 25 17 31 26 15 18 14 23 6 29 9
36. 1 13 14 10 21 7 28 16 25 15 8 23 29 2 18 9 19 31 24 5 30 17 3 27 11 20 32 6 22 12 26 4
36. 1 6 7 19 20 25 4 27 28 8 26 5 30 31 16 23 10 11 2 13 9 12 32 21 18 17 29 14 15 24 3 22
35. 1 10 12 16 28 27 31 13 20 15 22 8 6 11 25 23 14 26 24 21 9 2 7 32 29 30 17 4 19 5 18 3
35. 1 7 4 15 13 22 6 19 3 5 17 26 24 9 18 8 12 11 25 20 2 23 28 21 27 32 14 16 31 30 10 29
35. 1 11 2 30 24 31 17 32 25 9 7 19 16 18 20 15 22 27 10 14 4 29 6 28 12 5 21 8 23 3 13 26
35. 1 30 2 10 18 22 19 3 20 29 17 8 26 12 16 14 23 24 4 21 7 27 25 11 5 9 13 6 31 28 32 15
35. 1 20 6 27 22 18 10 23 24 17 29 16 7 19 3 21 5 26 11 32 12 14 9 25 2 4 28 31 15 8 13 30
35. 1 23 15 25 13 29 2 7 18 14 16 31 20 6 3 27 26 5 28 17 12 11 10 8 22 19 32 30 21 9 4 24
35. 1 25 16 17 27 8 5 22 24 4 32 30 15 18 31 2 13 29 23 10 20 26 12 19 28 7 3 11 14 6 9 21
35. 1 32 3 28 25 30 26 27 19 18 9 2 24 6 4 8 20 16 10 12 14 17 21 7 5 29 23 15 22 11 13 31
35. 1 29 17 15 7 22 21 3 20 31 27 24 5 11 23 2 14 6 12 26 19 18 9 28 10 30 13 16 25 4 32 8
35. 1 13 4 26 20 18 6 21 10 19 24 16 31 5 32 3 12 8 29 2 27 14 9 17 23 7 15 25 22 30 11 28
34. 1 10 24 2 29 18 15 23 3 26 20 7 21 8 32 14 16 6 11 31 4 5 28 30 17 12 25 19 9 13 27 22
34. 1 15 18 10 2 3 11 4 12 13 22 20 9 14 6 30 29 21 26 27 25 24 32 19 16 8 5 17 28 31 23 7
34. 1 13 29 4 15 5 31 22 26 3 23 9 7 10 20 12 2 18 11 17 24 27 16 8 6 25 19 28 14 21 30 32
34. 1 17 5 4 25 2 9 26 12 21 23 28 8 13 30 18 11 20 27 31 6 29 10 15 14 24 3 7 22 19 16 32
34. 1 24 11 3 10 32 5 20 6 4 13 29 15 14 30 2 25 26 22 19 9 28 18 12 21 7 8 27 31 16 23 17
34. 1 13 7 26 30 15 32 21 23 5 25 3 16 8 14 31 24 20 28 29 19 17 10 6 9 4 22 11 2 27 18 12
34. 1 30 3 8 2 21 20 5 32 28 25 31 24 10 6 27 18 16 11 23 12 22 7 26 29 19 9 17 4 13 14 15
34. 1 32 9 12 22 17 20 18 2 16 10 19 11 3 21 7 25 28 26 27 6 5 23 8 14 15 29 30 4 31 24 13
34. 1 19 30 16 23 7 21 22 10 4 2 31 3 29 26 18 28 27 14 15 20 6 32 9 11 5 8 13 17 12 25 24
34. 1 2 29 13 21 16 14 5 32 18 22 27 26 28 17 4 10 9 19 23 15 3 6 7 31 24 12 20 8 25 11 30
33. 1 25 3 10 19 21 17 16 27 24 12 8 6 9 28 11 30 32 29 4 23 2 5 14 18 15 31 22 20 26 7 13
33. 1 27 21 8 10 15 11 17 32 4 31 9 7 18 16 12 14 19 6 28 24 5 23 13 20 25 29 2 26 22 30 3
33. 1 5 10 24 12 3 14 19 32 20 28 22 18 2 17 16 15 25 29 6 9 4 31 26 30 11 23 13 21 27 8 7
33. 1 10 6 23 4 11 3 29 7 20 25 26 5 14 28 18 15 22 17 24 12 19 27 13 8 2 16 32 9 30 31 21
33. 1 8 2 31 11 32 4 6 17 13 29 10 5 26 20 23 30 19 7 12 24 28 16 21 9 14 27 3 15 25 22 18
33. 1 23 10 24 8 14 31 6 4 22 32 13 11 19 2 28 21 25 29 20 18 30 27 3 7 15 26 17 5 12 16 9
33. 1 14 2 5 9 16 15 23 18 3 7 20 19 21 30 12 13 4 28 26 11 29 22 25 24 32 17 6 31 10 8 27
33. 1 22 17 20 18 14 9 30 21 6 26 12 27 5 8 29 10 25 7 31 15 3 16 23 13 4 19 28 32 11 24 2
33. 1 8 11 18 7 13 26 14 23 9 22 2 28 20 17 27 24 5 10 19 32 3 29 12 31 30 21 16 4 6 25 15
33. 1 13 23 17 30 6 11 24 16 26 21 5 20 9 3 32 7 19 27 29 28 31 22 8 14 12 10 4 18 2 15 25
32. 1 27 29 30 11 18 2 8 3 4 23 14 25 5 19 12 28 16 20 15 24 10 21 22 17 7 13 26 31 6 9 32
32. 1 9 32 25 15 2 16 21 4 10 30 11 6 24 22 23 29 8 31 12 19 27 3 13 28 14 7 17 20 26 18 5
32. 1 30 2 18 16 31 12 13 4 25 27 8 32 6 24 22 9 20 23 14 7 15 11 26 21 5 10 3 29 17 28 19
32. 1 30 13 16 17 24 14 20 15 31 21 5 23 11 12 28 3 22 2 7 27 32 19 26 29 25 18 9 6 10 4 8
32. 1 21 30 13 10 9 11 28 5 19 26 23 3 8 29 6 22 15 16 27 24 20 31 18 2 25 32 7 14 17 12 4
32. 1 16 4 31 10 7 8 24 25 6 29 26 3 32 18 2 22 9 23 5 19 28 20 30 14 12 13 15 11 17 21 27
32. 1 22 13 9 8 6 24 10 20 12 14 28 16 29 17 2 26 11 19 31 32 25 5 3 30 27 21 15 23 4 18 7
32. 1 3 23 6 20 17 15 32 31 25 16 30 2 8 26 19 14 22 28 13 7 21 29 24 11 9 12 18 10 27 5 4
32. 1 31 2 16 25 22 26 13 15 12 17 10 18 32 4 5 11 24 20 9 8 3 23 27 14 28 6 30 7 21 29 19
32. 1 32 19 14 7 22 30 28 18 10 16 2 15 29 25 4 3 9 12 17 31 27 24 26 6 5 23 20 13 11 8 21
31. 1 8 20 5 4 11 25 22 12 7 29 23 26 19 16 2 21 18 6 13 3 28 30 15 10 31 32 27 9 24 14 17
31. 1 29 30 2 18 25 7 10 17 19 20 23 16 15 3 28 12 22 5 21 13 31 11 32 24 8 9 26 27 14 4 6
31. 1 4 31 27 10 2 20 3 5 24 29 22 8 11 25 23 32 6 26 14 13 17 9 19 7 28 15 21 16 18 12 30
31. 1 17 10 21 32 12 18 4 15 7 2 9 22 23 25 30 27 13 31 19 8 26 24 14 29 28 3 16 20 11 6 5
31. 1 27 10 28 23 6 4 12 26 9 32 18 5 3 19 30 16 7 13 8 22 2 15 25 29 20 14 17 11 31 24 21
31. 1 8 23 19 15 2 3 29 22 28 5 31 17 24 14 7 20 21 16 18 26 30 32 13 4 11 6 27 12 10 25 9
31. 1 13 32 16 19 8 7 24 10 25 14 9 28 5 15 27 22 30 23 31 6 12 26 3 21 4 2 17 11 20 29 18
31. 1 29 20 32 9 3 31 11 24 2 4 16 6 13 5 25 28 7 21 18 8 12 23 15 10 26 19 17 27 22 30 14
31. 1 4 19 15 17 6 31 25 8 32 27 2 23 12 21 14 3 22 24 7 11 18 16 5 30 20 9 29 28 10 26 13
31. 1 7 14 28 11 29 2 6 26 4 3 16 13 25 8 23 31 24 27 18 9 30 22 20 15 19 21 5 17 32 12 10
30. 1 25 17 27 20 19 30 15 8 10 14 31 18 23 28 7 5 22 24 3 9 2 6 21 16 11 26 32 13 4 12 29
30. 1 12 24 3 11 32 16 21 23 15 7 17 6 27 4 10 30 20 19 29 14 28 8 25 5 13 31 9 2 18 26 22
30. 1 6 13 20 2 24 23 9 26 18 14 5 12 4 31 11 8 29 27 17 10 22 32 19 7 16 25 15 30 21 28 3
30. 1 8 3 11 12 2 16 13 18 26 31 22 20 17 6 21 25 32 4 7 29 27 30 19 9 24 23 28 5 14 15 10
30. 1 15 18 19 16 10 26 3 24 29 12 22 25 31 27 4 9 32 23 6 11 8 20 28 17 14 7 30 21 2 5 13
30. 1 12 18 25 21 11 10 22 5 13 26 15 24 19 6 3 4 14 29 31 23 32 27 8 16 20 2 30 7 17 9 28
30. 1 15 24 31 7 4 23 21 2 10 22 25 20 26 6 12 5 17 13 9 19 8 14 3 16 32 27 30 11 28 18 29
30. 1 16 18 24 27 7 5 19 30 15 2 28 10 22 23 20 8 4 17 26 13 6 31 21 25 32 9 11 12 3 14 29
30. 1 11 13 28 23 14 21 18 27 10 3 4 30 20 25 5 22 16 9 7 19 8 12 31 24 2 29 15 32 26 17 6
30. 1 25 30 20 12 2 31 17 6 32 13 4 8 3 15 29 9 23 24 10 21 26 22 28 7 11 19 18 27 14 16 5
29. 1 15 24 4 9 10 31 32 19 8 2 29 21 28 6 27 18 16 3 25 23 11 17 20 13 22 30 14 5 26 12 7
29. 1 3 22 21 30 17 24 26 11 4 9 31 19 15 14 10 6 29 13 7 32 16 5 2 12 20 8 18 25 28 27 23
29. 1 31 25 30 2 12 18 8 26 20 17 7 24 3 21 16 27 19 9 29 11 6 28 15 22 10 13 14 32 23 4 5
29. 1 9 32 18 19 29 5 13 24 16 15 31 27 26 22 8 25 12 23 17 14 2 21 10 6 28 3 4 20 7 11 30
29. 1 24 28 11 22 14 19 17 23 32 27 30 25 9 12 21 2 3 16 18 15 6 7 8 10 29 20 26 5 31 4 13
29. 1 20 10 25 13 23 9 6 19 7 26 28 30 27 29 14 11 18 24 8 32 15 4 22 12 5 17 21 2 16 31 3
29. 1 9 26 23 27 30 21 20 3 10 31 19 7 29 2 25 24 13 28 11 14 16 15 22 12 17 5 4 32 8 6 18
29. 1 3 12 9 16 13 24 7 15 8 6 20 31 25 14 5 22 11 4 32 26 23 18 27 30 29 17 28 21 10 2 19
29. 1 5 23 13 18 22 26 20 2 11 12 15 3 14 27 25 17 29 21 31 8 6 9 19 7 30 24 10 32 28 16 4
29. 1 32 28 12 22 18 19 15 10 26 20 14 30 8 4 17 27 5 16 13 24 31 3 23 29 11 9 2 25 6 7 21
28. 1 8 4 5 11 21 22 7 12 13 32 31 14 3 27 28 20 30 25 16 18 26 10 23 15 29 9 19 2 24 17 6
28. 1 31 6 15 30 5 4 3 17 22 19 16 7 12 25 13 18 29 21 20 27 9 14 28 23 10 32 8 2 24 26 11
28. 1 19 24 28 9 7 27 11 17 6 3 21 20 8 16 2 12 4 10 18 22 30 13 26 31 5 23 32 25 29 15 14
28. 1 23 17 15 26 28 6 21 4 8 19 14 18 25 22 7 29 2 30 24 20 32 27 16 13 10 12 11 5 9 31 3
28. 1 12 10 17 25 28 21 24 13 22 20 5 27 32 9 19 2 6 23 3 29 30 14 18 8 15 7 31 26 11 4 16
28. 1 7 17 23 28 26 29 6 3 2 9 27 24 20 25 15 5 21 31 22 32 19 30 13 14 18 12 8 10 16 11 4
28. 1 31 30 29 12 27 28 6 11 2 3 21 15 10 22 19 4 17 14 25 7 20 5 16 26 32 18 9 8 13 23 24
28. 1 23 17 4 28 19 14 16 3 12 31 10 2 9 15 27 30 24 18 5 32 25 7 21 6 13 22 29 8 11 20 26
28. 1 9 6 21 22 7 2 20 27 29 10 18 12 16 31 32 8 13 15 23 5 19 11 17 25 4 14 3 28 30 24 26
28. 1 31 17 26 7 13 3 27 11 9 8 28 21 10 5 30 19 20 29 25 12 15 2 6 22 24 16 14 18 32 4 23
27. 1 17 29 12 10 9 14 30 15 28 4 24 11 26 32 21 6 7 13 23 3 2 31 27 22 5 18 20 8 25 16 19
27. 1 3 22 11 28 29 7 15 5 10 20 31 2 26 25 27 17 19 14 24 12 16 18 13 30 6 21 9 32 4 8 23
27. 1 12 30 2 3 16 20 21 17 6 23 19 26 25 9 31 10 22 15 28 32 24 27 7 29 8 14 11 18 13 5 4
27. 1 19 24 15 4 12 31 26 2 18 14 23 17 7 27 6 8 22 9 11 5 28 3 29 32 25 10 20 16 21 13 30
27. 1 7 31 8 13 24 18 30 20 17 11 2 26 15 25 9 14 4 22 29 3 32 12 23 28 21 10 19 5 27 6 16
27. 1 23 31 28 25 9 10 8 29 2 14 5 21 18 12 32 22 6 13 30 19 4 16 11 20 15 24 3 7 17 26 27
27. 1 9 26 15 31 8 21 24 17 7 4 22 25 19 32 16 14 10 6 13 5 2 28 27 20 23 11 29 18 30 3 12
27. 1 29 4 30 17 2 32 14 31 8 7 20 10 25 12 13 11 24 23 19 18 26 27 9 28 15 6 5 3 21 22 16
27. 1 30 21 7 17 18 4 15 11 29 5 16 3 25 2 8 27 12 28 31 10 23 9 20 22 24 14 32 6 19 26 13
27. 1 24 11 27 15 12 20 5 9 26 7 28 10 18 2 25 29 16 17 30 14 31 22 6 8 13 32 3 23 4 21 19
26. 1 13 21 15 12 8 31 28 22 3 30 2 19 10 32 16 7 26 11 17 20 29 6 25 24 4 23 27 18 9 5 14
26. 1 22 28 21 14 2 10 12 8 15 4 11 9 27 25 13 31 7 5 3 20 26 19 23 16 17 6 30 29 24 32 18
26. 1 31 6 22 30 8 29 11 32 28 19 25 26 12 9 21 13 23 14 15 3 27 4 24 2 17 5 18 7 16 20 10
26. 1 23 19 11 2 5 12 30 20 31 10 25 4 27 17 6 3 28 22 16 26 9 32 18 13 8 15 7 14 21 24 29
26. 1 2 18 3 23 14 7 32 9 26 21 24 28 15 5 11 13 29 10 27 4 17 25 6 22 30 20 12 31 8 16 19
26. 1 17 20 28 7 27 25 3 6 19 21 18 22 30 11 13 14 31 8 10 5 29 12 9 16 26 15 4 23 32 2 24
26. 1 4 21 25 30 12 8 31 32 11 29 15 5 10 27 26 18 22 17 3 6 19 20 13 7 9 23 2 24 16 14 28
26. 1 10 9 26 6 32 3 17 4 28 13 21 19 24 29 2 22 7 15 8 12 5 18 20 23 30 27 14 31 16 25 11
26. 1 25 11 4 2 16 32 15 12 17 6 20 23 9 24 14 27 30 29 19 18 21 22 28 7 3 13 26 10 8 5 31
26. 1 16 27 25 24 29 10 3 17 23 2 15 5 19 20 21 11 9 14 30 8 32 18 12 28 7 6 22 4 31 13 26
25. 1 27 24 30 2 20 4 8 11 13 5 16 7 17 14 3 25 12 10 29 18 6 21 9 28 19 15 22 31 32 26 23
25. 1 27 29 7 8 22 25 26 19 13 11 4 20 9 17 30 18 2 24 21 6 32 14 3 31 5 12 15 28 10 16 23
25. 1 10 16 29 22 2 19 30 20 23 5 27 12 8 28 26 18 11 24 25 32 13 15 9 6 21 14 17 4 3 7 31
25. 1 29 12 6 32 20 5 3 11 4 27 8 22 7 16 17 21 19 14 25 26 2 13 23 15 30 10 28 31 9 24 18
25. 1 31 17 20 16 3 6 32 29 18 19 25 15 4 14 12 11 21 5 23 24 10 26 28 22 7 2 27 13 30 9 8
25. 1 16 8 5 9 10 11 22 29 3 26 32 19 25 31 23 21 27 15 30 12 7 2 24 28 4 14 18 13 6 20 17
25. 1 32 20 25 24 3 26 27 29 21 16 23 11 8 17 28 30 18 9 4 19 15 5 2 22 7 13 14 10 31 6 12
25. 1 23 29 31 9 14 15 16 2 17 5 11 4 25 30 7 19 22 27 6 28 3 26 21 10 24 8 18 20 13 32 12
25. 1 32 27 16 22 4 15 9 14 5 10 2 13 25 12 11 19 18 30 21 8 29 6 7 31 20 23 24 26 17 28 3
25. 1 11 30 29 15 3 7 26 21 10 23 5 19 18 17 16 31 6 28 12 9 14 22 8 27 20 4 24 13 2 32 25
24. 1 28 24 29 2 11 18 19 5 6 16 3 21 22 27 30 15 20 8 12 9 31 32 4 23 14 26 25 17 10 7 13
24. 1 8 20 14 29 24 15 30 4 31 26 21 25 7 28 10 23 19 32 27 2 17 5 9 13 16 18 22 12 11 3 6
24. 1 30 32 15 21 7 31 19 4 14 22 24 10 2 6 16 3 18 23 25 13 27 17 9 11 8 26 12 28 5 20 29
24. 1 22 19 26 13 14 24 21 16 9 12 8 4 17 11 18 3 31 25 20 32 6 30 23 10 5 15 29 27 28 7 2
24. 1 14 10 19 23 13 24 2 4 30 26 17 11 6 12 21 22 28 7 15 3 18 20 9 32 31 8 5 16 27 29 25
24. 1 10 20 8 2 22 13 17 31 18 26 15 19 21 7 12 24 4 16 28 3 9 25 11 23 27 30 32 6 5 14 29
24. 1 30 6 18 7 24 29 4 25 23 5 10 15 16 3 2 21 26 14 32 9 28 20 8 27 13 17 19 12 31 11 22
24. 1 11 17 16 29 31 23 8 13 26 21 30 2 25 27 4 24 18 22 6 19 3 20 10 5 7 9 15 12 28 32 14
24. 1 25 11 32 15 26 5 7 10 30 27 18 20 17 4 9 2 24 14 6 31 3 21 29 12 8 16 23 13 19 22 28
24. 1 20 2 10 29 5 15 31 30 18 8 26 12 14 23 24 3 6 32 13 19 9 22 17 11 4 21 7 25 16 27 28
23. 1 6 3 7 27 26 12 15 31 25 14 8 13 21 20 16 28 2 18 29 11 32 4 22 30 9 5 19 10 23 17 24
23. 1 8 31 24 3 19 15 4 32 20 27 14 25 21 9 6 12 10 11 26 22 30 13 16 17 7 2 28 18 29 5 23
23. 1 31 26 16 15 14 10 19 23 3 5 18 20 6 21 28 7 30 8 25 24 22 2 27 11 4 29 32 9 12 17 13
23. 1 26 27 17 31 2 21 7 22 8 29 11 9 23 30 3 20 19 32 6 13 24 15 28 10 5 18 25 4 14 16 12
23. 1 23 31 8 18 30 28 5 22 32 16 11 14 13 17 15 9 6 24 2 7 4 21 10 19 27 3 20 12 26 29 25
23. 1 30 27 6 19 17 23 13 22 18 3 7 16 11 20 24 15 5 32 2 14 9 12 8 4 26 31 21 28 10 25 29
23. 1 14 23 3 32 25 12 6 5 27 22 26 15 4 30 29 10 8 16 17 24 19 13 20 9 28 7 2 18 31 11 21
23. 1 21 7 17 15 8 5 27 9 16 18 25 24 6 20 23 14 32 22 19 2 10 4 29 31 30 3 12 11 26 28 13
23. 1 7 17 18 22 3 28 31 2 21 4 26 15 32 20 5 14 23 25 16 12 9 13 24 10 29 11 19 6 8 27 30
23. 1 28 8 6 25 19 15 10 17 32 21 5 31 18 23 22 24 9 14 7 2 11 3 30 4 20 26 12 16 13 29 27
22. 1 4 19 15 13 12 6 24 29 23 20 30 27 26 10 2 17 11 5 18 22 9 21 28 8 14 25 31 3 7 16 32
22. 1 6 22 29 13 31 5 15 14 17 19 8 3 30 25 16 12 9 27 4 28 2 21 23 20 7 26 18 32 11 24 10
22. 1 28 18 11 31 32 13 27 8 4 12 14 25 6 23 21 3 20 2 30 29 16 24 10 7 5 22 17 9 15 19 26
22. 1 2 30 28 3 15 19 27 24 26 9 22 14 20 16 32 18 23 17 4 11 5 13 6 7 12 31 29 21 25 8 10
22. 1 26 2 16 7 31 32 22 21 4 30 29 27 23 25 17 15 5 13 8 19 11 3 10 18 12 6 9 24 28 14 20
22. 1 4 11 23 32 16 15 10 8 13 30 26 19 31 27 17 25 9 14 5 2 22 12 24 20 7 18 6 28 3 21 29
22. 1 8 3 17 13 5 28 29 4 32 22 21 15 30 26 11 27 20 2 7 9 25 23 14 6 31 19 16 18 12 10 24
22. 1 22 27 24 30 5 19 11 23 12 20 26 16 25 18 7 17 8 9 13 6 14 3 15 32 10 2 31 28 21 4 29
22. 1 2 25 24 11 14 15 8 21 7 5 4 17 12 23 6 3 29 16 18 31 10 32 13 22 19 26 20 28 9 30 27
22. 1 25 32 22 10 13 9 7 30 21 17 8 26 3 28 27 24 18 14 4 2 12 19 5 16 20 31 6 11 15 23 29
21. 1 8 18 31 29 19 30 25 5 23 4 11 9 13 10 14 26 22 21 3 2 16 27 32 7 17 28 20 24 15 6 12
21. 1 30 4 14 19 20 15 5 26 22 21 8 12 7 16 6 18 28 24 3 27 31 11 32 23 9 13 17 2 29 25 10
21. 1 10 18 25 6 27 22 3 12 7 9 8 30 19 32 29 2 26 17 11 20 23 24 4 31 5 15 13 14 16 28 21
21. 1 3 15 29 6 20 13 30 2 16 31 17 19 5 25 12 24 9 18 10 4 32 23 7 26 11 14 28 27 8 22 21
21. 1 21 32 2 14 22 31 23 25 13 18 29 15 24 11 10 19 12 27 5 30 3 8 6 20 17 16 7 4 26 28 9
21. 1 24 18 28 2 15 22 10 17 11 27 16 26 29 21 31 32 3 5 25 20 23 7 9 8 13 19 6 12 30 4 14
21. 1 14 24 29 17 27 7 9 31 8 20 13 18 6 3 30 25 10 16 11 22 32 28 2 5 12 15 4 23 21 26 19
21. 1 32 2 31 14 17 11 18 8 7 29 16 24 28 25 4 10 20 9 23 5 13 12 19 27 21 15 6 26 3 22 30
21. 1 18 29 12 17 6 25 10 19 15 9 32 16 30 11 3 14 2 13 7 28 23 26 5 8 4 20 22 31 27 24 21
21. 1 22 5 20 11 27 4 3 7 25 10 2 17 29 19 8 32 16 13 18 14 24 26 28 9 31 12 30 23 6 21 15
20. 1 13 30 21 7 12 20 17 24 3 11 2 4 14 19 8 25 16 18 32 23 28 27 15 10 31 29 26 22 9 5 6
20. 1 30 16 22 32 15 28 29 23 11 17 7 9 6 27 26 13 18 8 31 24 14 10 4 25 20 5 12 2 3 21 19
20. 1 27 11 20 26 5 18 2 9 3 31 17 4 15 6 12 19 13 8 10 16 30 21 24 23 32 14 29 22 28 25 7
20. 1 30 6 31 15 32 8 14 24 10 21 11 26 28 19 16 12 27 20 18 29 23 7 9 13 25 3 4 5 2 17 22
20. 1 12 26 8 9 31 16 15 10 2 18 27 29 13 14 7 20 28 11 30 5 3 19 22 4 21 32 17 6 23 24 25
20. 1 3 9 29 32 16 22 15 11 12 14 25 21 19 17 4 28 13 5 24 31 23 10 26 8 2 6 30 18 27 7 20
20. 1 3 26 27 6 12 8 2 16 15 31 4 25 13 18 20 9 21 22 17 28 7 11 19 30 10 24 29 14 5 32 23
20. 1 8 20 9 31 7 4 27 21 15 23 17 16 10 29 2 26 25 19 14 11 5 6 13 24 28 30 3 22 18 12 32
20. 1 26 30 8 22 17 32 21 10 28 24 25 18 14 2 23 27 7 15 6 16 9 4 5 19 29 3 20 11 31 13 12
20. 1 17 5 11 26 2 30 15 8 22 16 19 32 20 6 27 4 31 3 10 18 25 23 24 9 14 13 28 7 12 29 21
19. 1 2 25 4 17 22 9 31 3 19 10 18 12 21 26 5 6 24 13 27 11 8 29 16 14 15 20 30 28 32 7 23
19. 1 26 8 7 25 3 27 31 4 20 11 10 9 28 13 14 22 24 18 21 12 6 29 19 32 30 15 16 2 5 17 23
19. 1 2 7 25 22 15 9 31 16 17 32 6 24 26 27 13 21 8 10 3 14 12 4 11 28 29 30 19 5 20 18 23
19. 1 5 15 8 18 7 3 12 13 24 29 23 19 31 26 6 27 11 10 16 22 9 4 17 14 2 30 25 20 28 21 32
19. 1 9 5 2 32 31 29 6 26 10 27 17 13 16 3 30 21 18 14 25 4 15 28 11 12 20 8 23 22 7 19 24
19. 1 30 22 31 7 20 9 17 8 14 3 5 28 27 6 26 23 24 12 15 29 13 11 16 32 2 4 25 19 18 21 10
19. 1 32 25 5 30 16 2 29 20 9 24 15 4 27 10 14 22 7 28 13 23 19 31 8 3 17 18 26 6 12 21 11
19. 1 30 15 28 25 21 27 26 12 6 32 11 31 4 14 8 29 17 10 18 19 16 5 24 22 23 2 20 13 7 9 3
19. 1 32 22 2 30 21 14 12 11 25 18 28 29 20 6 7 15 9 8 17 27 3 26 13 10 23 5 16 31 24 19 4
19. 1 18 10 29 13 7 23 5 12 30 15 32 28 11 20 16 4 31 6 24 25 22 14 3 19 26 21 8 17 2 27 9
18. 1 3 22 8 12 27 30 32 31 11 17 29 19 20 5 18 16 26 10 6 7 25 23 28 13 4 2 9 15 14 21 24
18. 1 9 14 6 30 32 16 7 17 10 24 19 29 23 3 15 18 11 27 25 31 5 28 22 4 20 2 21 13 26 8 12
18. 1 30 13 4 29 6 7 8 25 21 9 12 11 16 17 26 18 2 28 3 23 24 19 32 22 15 27 20 10 5 14 31
18. 1 11 32 20 12 7 29 2 5 27 14 30 15 3 9 25 16 23 8 21 18 6 22 26 13 19 4 17 28 10 24 31
18. 1 11 20 24 21 8 23 13 31 14 15 26 5 16 32 10 27 22 30 18 4 25 17 2 12 3 6 9 19 28 7 29
18. 1 3 5 29 21 12 25 18 7 14 30 23 6 9 2 27 11 31 19 28 20 16 13 8 15 17 24 26 32 22 10 4
18. 1 32 21 19 7 22 8 5 28 24 11 18 4 26 10 15 3 2 14 31 29 17 25 23 27 6 13 20 12 30 9 16
18. 1 11 2 20 24 9 30 12 21 10 17 8 15 4 16 3 32 14 6 18 26 28 27 5 22 25 19 13 31 7 23 29
18. 1 31 10 20 3 14 28 29 5 7 17 27 22 26 13 4 23 24 25 6 18 12 9 16 30 8 19 32 2 11 15 21
18. 1 30 25 21 13 27 20 22 14 17 19 24 11 12 31 15 28 29 23 10 4 8 5 18 6 32 3 26 2 7 9 16
17. 1 22 15 23 30 12 9 14 3 31 25 13 5 10 19 11 32 29 16 21 20 6 18 7 26 2 4 27 28 24 8 17
17. 1 8 7 15 3 31 5 2 17 18 23 14 11 24 10 9 27 21 28 30 6 20 29 13 16 4 32 26 12 19 22 25
17. 1 24 15 31 6 4 7 9 10 2 12 23 25 20 32 21 29 28 14 19 8 5 27 30 3 22 17 18 26 16 13 11
17. 1 14 28 25 24 4 21 2 7 29 13 23 11 19 32 15 18 17 27 6 20 31 10 5 16 3 12 30 8 9 26 22
17. 1 27 22 24 15 30 3 16 13 19 29 23 25 12 28 17 9 31 5 14 32 11 8 4 6 20 26 18 10 7 2 21
17. 1 25 17 9 29 22 32 4 30 6 5 3 23 8 10 12 11 27 24 28 14 13 26 15 31 20 21 18 2 19 16 7
17. 1 27 29 14 25 9 28 7 3 13 19 24 26 5 16 15 17 32 22 11 30 2 20 12 10 8 18 6 31 4 21 23
17. 1 15 5 31 22 30 23 9 12 13 16 21 19 11 10 14 6 32 3 2 4 20 7 28 8 25 27 18 29 26 17 24
17. 1 14 9 21 7 2 26 25 12 16 29 8 30 19 15 6 5 11 24 32 13 27 28 18 31 4 3 22 17 10 23 20
17. 1 11 4 28 12 21 10 9 30 15 24 17 26 2 14 29 3 25 27 13 31 23 8 6 32 19 16 20 22 7 5 18
16. 1 21 14 4 24 16 17 29 31 2 32 12 20 27 5 3 25 18 23 9 19 10 11 15 13 6 8 30 28 22 26 7
16. 1 16 4 32 23 30 28 11 5 24 20 3 27 17 15 21 13 6 9 12 10 19 22 26 29 25 18 7 2 8 14 31
16. 1 13 19 32 31 14 11 4 8 16 30 15 12 22 7 10 3 20 9 17 21 27 29 28 23 2 25 18 5 24 26 6
16. 1 6 27 9 17 25 31 12 18 3 20 21 5 2 19 13 14 28 10 15 32 30 24 8 23 29 11 26 7 16 4 22
16. 1 20 29 32 17 15 24 14 31 11 6 13 7 12 2 28 21 23 27 3 30 25 4 10 18 9 5 22 16 26 19 8
16. 1 5 24 29 18 32 9 25 13 27 23 17 20 22 14 31 10 30 26 28 6 2 8 11 4 21 16 12 19 7 15 3
16. 1 13 19 31 17 29 32 12 16 4 2 15 8 25 18 30 11 5 7 24 22 20 3 23 10 26 28 14 27 6 9 21
16. 1 3 27 32 28 15 24 6 20 30 26 2 17 14 31 21 23 10 19 25 18 13 29 11 7 22 9 16 12 5 4 8
16. 1 28 5 17 30 2 18 21 7 14 11 13 32 3 20 31 16 22 8 23 4 6 24 9 26 12 19 15 10 25 27 29
16. 1 18 8 5 28 9 26 30 16 10 3 23 19 13 2 20 25 21 24 15 29 4 22 11 27 12 31 32 7 6 14 17
15. 1 23 11 29 2 10 31 24 18 9 28 16 20 17 21 5 12 13 3 32 14 15 30 6 22 19 26 25 27 4 7 8
15. 1 7 19 32 6 28 11 27 3 20 23 12 9 13 25 26 22 17 2 8 4 30 21 10 18 5 16 15 14 29 24 31
15. 1 29 2 11 23 22 12 5 9 21 16 6 28 17 7 27 25 20 32 4 10 26 13 8 14 18 15 19 3 31 24 30
15. 1 8 18 11 6 23 19 27 12 31 17 29 5 20 28 16 25 32 21 10 30 24 9 3 26 15 4 7 13 14 22 2
15. 1 31 25 18 15 14 19 21 3 10 9 27 5 4 23 26 29 12 13 22 6 32 20 11 2 16 30 17 24 8 28 7
15. 1 19 18 15 32 25 28 31 6 7 11 4 3 16 8 21 20 14 22 10 26 17 5 30 13 23 2 29 24 12 27 9
15. 1 23 7 26 30 18 14 10 13 29 15 2 24 21 17 28 6 32 3 20 19 8 27 31 25 11 5 22 9 16 4 12
15. 1 20 10 30 16 12 8 5 13 32 26 19 25 22 14 21 23 31 24 9 7 2 27 17 11 4 15 3 18 6 28 29
15. 1 16 17 18 19 26 5 9 32 2 6 12 4 14 21 23 15 24 28 3 11 8 13 29 25 31 27 20 7 30 22 10
15. 1 8 29 31 18 11 13 23 4 12 17 28 5 25 14 26 7 22 15 10 3 16 9 27 2 21 32 24 19 20 6 30
14. 1 24 15 10 2 18 12 7 19 8 29 9 16 26 27 14 22 11 13 20 17 23 5 30 32 21 3 4 6 28 31 25
14. 1 10 16 11 20 3 23 31 17 7 24 27 28 25 26 13 14 18 30 9 21 22 2 4 12 15 32 19 5 29 6 8
14. 1 27 4 3 26 20 17 11 2 31 28 24 32 22 9 18 29 16 12 25 21 5 7 23 15 8 30 19 10 6 14 13
14. 1 20 14 7 5 4 23 8 27 24 26 25 9 16 32 11 6 18 2 31 3 21 30 19 28 15 29 17 22 12 10 13
14. 1 17 10 30 11 21 13 20 23 6 7 27 25 26 24 9 32 5 29 12 8 19 31 16 28 15 2 3 22 18 14 4
14. 1 6 7 29 15 13 16 20 2 11 10 22 12 19 24 31 3 8 5 23 4 28 30 17 21 14 27 32 25 18 9 26
14. 1 2 16 12 3 28 22 7 29 18 32 24 13 8 11 30 10 27 9 17 14 26 5 6 19 20 31 23 15 4 25 21
14. 1 20 18 31 17 16 8 23 15 24 27 9 2 26 7 25 29 21 12 3 13 22 14 19 32 28 4 10 6 5 30 11
14. 1 21 28 10 22 23 3 7 25 27 12 5 17 18 8 13 16 20 6 2 30 24 29 11 9 4 15 31 32 26 19 14
14. 1 22 12 16 26 29 20 5 25 11 23 21 30 6 15 4 31 17 28 27 32 24 2 7 3 8 18 10 13 19 9 14
13. 1 23 9 7 27 6 21 4 32 20 24 11 26 16 25 18 17 5 28 29 3 19 13 22 10 15 12 14 2 8 31 30
13. 1 3 6 31 5 17 24 14 7 26 16 13 2 9 21 23 32 19 20 29 27 11 30 18 25 28 10 4 15 22 12 8
13. 1 8 18 4 26 17 10 13 15 29 20 2 32 9 23 16 11 28 7 14 30 21 25 24 12 31 5 27 22 6 3 19
13. 1 2 16 26 3 4 14 15 32 10 6 20 29 17 24 5 30 23 8 27 12 13 18 31 7 22 9 11 25 19 28 21
13. 1 5 18 27 7 11 16 15 21 12 14 6 13 24 4 10 20 3 28 8 30 23 17 31 26 22 9 2 19 25 29 32
13. 1 25 10 27 23 8 4 14 26 30 6 28 31 19 3 22 9 11 24 32 15 5 13 16 21 17 18 2 20 12 7 29
13. 1 9 17 20 19 15 29 11 28 21 27 24 23 22 25 32 4 3 31 5 14 7 2 13 16 6 18 8 26 30 10 12
13. 1 2 28 14 25 16 22 24 11 23 3 32 30 6 29 31 18 5 10 17 13 4 21 9 12 7 20 26 15 8 27 19
13. 1 11 3 4 13 18 10 24 8 22 14 15 26 30 28 23 17 29 6 16 32 27 9 7 25 2 20 21 5 12 19 31
13. 1 27 4 7 28 25 31 6 11 19 2 30 29 21 15 22 16 18 5 13 32 23 10 14 12 9 17 3 26 20 8 24
12. 1 30 4 9 12 10 21 11 28 3 5 17 22 27 31 2 32 23 25 13 7 24 16 18 20 26 6 29 15 14 8 19
12. 1 21 29 19 10 28 31 13 25 12 3 18 32 22 27 23 4 9 17 15 16 14 8 7 6 26 5 11 24 20 30 2
12. 1 15 18 25 26 28 29 22 12 19 2 20 4 31 23 5 6 30 21 9 13 32 10 17 27 7 8 16 11 14 24 3
12. 1 15 24 22 12 27 13 19 30 4 29 23 3 32 28 8 21 20 18 10 11 25 2 16 26 31 9 14 6 7 5 17
12. 1 4 19 25 7 24 12 5 8 32 28 18 20 6 10 26 17 15 29 21 14 22 23 3 13 2 11 27 9 16 31 30
12. 1 24 10 3 7 31 23 17 26 32 28 19 16 6 12 30 27 11 18 15 20 22 25 2 14 9 5 29 8 4 21 13
12. 1 32 5 21 14 17 19 9 16 26 7 29 2 20 13 10 23 24 4 30 22 11 28 31 8 18 27 3 15 25 12 6
12. 1 4 2 20 21 17 29 14 26 27 9 11 18 28 32 12 22 15 13 16 8 23 5 31 3 30 25 7 19 6 10 24
12. 1 12 19 24 17 32 22 23 16 5 26 15 14 20 4 6 30 29 27 31 3 9 25 18 28 13 10 7 21 8 2 11
12. 1 31 27 20 11 24 29 7 18 17 8 4 16 26 15 23 2 10 6 21 25 12 14 30 5 13 32 3 28 19 22 9
11. 1 10 14 2 26 17 15 12 5 4 19 16 28 9 13 3 31 6 32 30 22 23 27 8 29 25 21 11 7 24 20 18
11. 1 30 6 20 16 13 21 5 31 19 24 3 14 28 22 23 25 15 18 2 4 10 8 17 29 7 9 11 12 27 32 26
11. 1 15 32 7 2 26 28 13 3 23 31 6 29 27 25 12 10 8 30 22 14 9 5 4 18 16 17 24 19 11 20 21
11. 1 29 32 22 30 15 18 4 20 25 3 8 23 27 13 14 6 12 17 26 24 9 7 28 21 2 19 10 5 16 31 11
11. 1 21 19 23 20 30 11 22 6 12 28 7 27 3 9 15 31 29 25 26 14 17 13 4 2 8 5 18 10 16 32 24
11. 1 21 5 18 24 26 9 16 13 6 17 19 15 8 22 28 12 3 14 20 4 25 10 2 31 23 32 29 27 7 11 30
11. 1 7 2 11 22 12 6 13 28 5 17 20 18 10 31 23 9 25 24 27 15 30 3 8 32 14 29 26 16 19 21 4
11. 1 8 14 10 26 27 31 29 18 12 28 32 4 22 7 9 6 13 2 11 20 30 25 3 21 23 5 16 24 19 17 15
11. 1 9 3 21 19 24 26 27 12 32 7 10 15 14 25 29 8 18 11 22 17 28 31 16 13 6 4 5 2 23 30 20
11. 1 4 21 5 15 19 11 13 20 3 22 29 12 24 8 30 17 28 16 23 27 6 31 18 9 14 7 26 32 10 2 25
10. 1 9 5 26 7 24 2 11 23 4 28 3 30 10 25 32 16 18 31 6 15 27 13 20 29 21 22 14 12 8 17 19
10. 1 22 5 31 10 27 26 20 7 13 9 3 6 8 4 24 18 16 25 23 2 15 29 19 30 12 14 21 17 28 32 11
10. 1 26 10 20 3 6 7 19 15 23 31 9 11 25 14 21 17 27 12 8 32 30 28 22 2 4 16 18 5 24 29 13
10. 1 10 7 15 21 13 18 4 19 11 14 12 24 32 5 25 17 31 26 8 23 6 20 2 28 9 3 30 27 29 16 22
10. 1 23 12 13 21 6 9 8 19 2 25 24 15 4 11 31 20 26 28 14 16 22 7 3 30 18 5 17 27 32 10 29
10. 1 22 16 14 10 17 6 12 24 9 5 26 15 2 28 21 19 25 18 3 20 13 23 32 7 30 8 4 11 27 31 29
9.9 1 28 10 7 24 23 20 17 21 22 12 25 9 27 4 8 6 30 31 29 19 2 11 18 13 16 15 3 26 5 32 14
9.8 1 31 15 26 8 2 21 23 7 28 20 25 17 29 22 14 27 12 16 32 10 4 13 24 30 18 11 5 3 9 19 6
9.7 1 4 30 9 18 3 2 11 29 23 24 17 27 14 10 21 32 19 15 13 12 25 31 26 7 6 28 8 16 20 22 5
9.6 1 28 24 26 23 19 10 11 14 3 6 32 20 12 18 27 4 29 22 13 30 15 17 21 2 7 8 25 16 5 31 9
9.5 1 29 20 3 32 27 19 12 11 28 25 4 9 5 22 13 18 7 24 14 15 6 8 10 2 17 31 30 21 23 16 26
9.4 1 6 8 9 27 13 14 2 10 26 32 25 16 15 29 12 28 4 5 19 18 11 24 3 23 31 20 17 21 30 7 22
9.3 1 31 15 5 27 32 20 13 24 30 14 28 7 22 29 17 4 16 25 11 6 18 12 10 9 2 3 21 19 26 8 23
9.2 1 19 27 8 17 3 14 21 22 7 2 20 5 16 9 32 10 13 26 29 30 4 28 24 11 12 18 6 31 25 15 23
9.1 1 19 15 17 2 29 28 21 14 32 6 5 26 22 27 10 30 16 13 9 24 18 11 20 31 23 8 3 12 4 25 7
9.0 1 15 11 26 9 19 12 21 14 23 32 20 18 13 10 17 7 29 16 28 2 22 6 24 3 30 31 5 27 25 4 8
8.9 1 15 9 13 8 27 7 6 2 19 28 26 30 16 4 31 20 14 32 24 18 22 5 25 23 21 12 17 29 10 11 3
8.8 1 30 24 14 21 26 4 12 32 29 13 8 16 2 7 27 15 25 18 20 23 9 10 22 6 11 28 3 17 5 19 31
8.7 1 21 24 18 16 19 5 10 12 13 23 31 20 6 27 29 4 14 26 2 15 11 8 22 3 7 9 30 32 28 25 17
8.6 1 24 10 7 2 19 22 29 27 12 3 23 18 28 6 13 8 30 17 32 16 31 11 14 5 9 25 26 21 15 4 20
8.5 1 2 9 10 14 12 16 32 20 19 6 25 15 23 31 5 29 4 3 28 24 30 13 22 8 21 26 7 11 17 18 27
8.4 1 8 23 9 5 31 6 26 19 15 21 32 12 18 28 29 22 20 27 2 13 3 7 4 16 10 30 14 17 24 25 11
8.3 1 12 7 19 22 32 21 9 5 26 28 4 20 2 18 13 8 23 15 31 25 29 10 3 14 16 6 27 17 24 11 30
8.2 1 30 31 13 9 18 12 5 11 3 15 4 17 16 22 25 2 20 28 8 29 27 32 21 24 26 6 7 14 19 10 23
8.1 1 11 30 15 14 19 28 2 10 32 18 8 3 13 17 4 21 12 16 20 31 6 7 26 22 27 9 29 23 25 24 5
8.0 1 23 15 6 31 9 20 13 19 22 32 8 10 7 21 5 2 11 18 26 14 30 4 29 28 27 3 25 16 17 12 24
7.9 1 19 17 22 30 9 27 11 6 12 8 21 3 25 26 24 7 20 4 28 32 23 31 13 16 18 14 5 2 10 15 29
7.8 1 17 2 10 18 5 11 31 9 22 12 14 6 4 7 23 27 20 29 25 13 3 32 8 15 21 24 16 28 19 30 26
7.7 1 23 30 29 2 19 7 12 26 22 3 17 18 16 14 8 5 4 15 28 9 13 32 27 6 31 11 24 21 25 10 20
7.6 1 22 30 15 29 12 14 2 23 3 8 21 24 19 5 11 27 7 6 31 9 16 26 4 20 25 10 32 18 17 13 28
7.5 1 13 29 4 20 11 6 31 23 16 19 25 15 10 3 14 21 26 32 7 12 30 22 24 8 2 5 28 18 17 27 9
7.4 1 21 22 17 6 5 16 12 26 25 8 15 11 31 9 10 32 3 19 14 23 27 18 13 2 20 7 28 24 29 4 30
7.3 1 23 16 10 22 3 13 24 18 8 31 12 21 11 25 27 9 29 15 20 28 5 26 17 32 4 14 19 7 30 6 2
7.2 1 13 24 11 25 19 28 5 22 3 32 27 4 31 12 29 9 14 2 8 15 21 10 16 20 6 7 18 17 30 23 26
7.1 1 15 20 12 3 32 30 13 26 8 16 7 14 11 6 28 4 31 21 5 22 17 24 27 2 23 29 19 25 9 10 18
7.0 1 14 11 16 10 32 12 20 21 17 7 22 24 9 18 31 29 4 27 6 28 15 30 2 25 26 3 5 8 13 23 19
6.9 1 32 26 30 15 22 8 24 23 9 31 27 28 16 2 3 19 7 6 12 14 11 17 20 18 29 10 4 21 5 25 13
6.8 1 15 27 7 23 21 28 31 25 4 2 13 10 30 5 12 8 19 14 17 11 29 24 9 18 3 22 6 16 20 26 32
6.7 1 25 24 21 16 10 12 22 11 32 13 17 15 19 9 14 27 7 18 23 4 20 29 2 3 31 26 8 28 6 30 5
6.6 1 8 15 3 6 5 2 25 9 7 21 32 31 18 4 30 29 24 28 26 17 10 19 20 13 27 11 23 12 14 22 16
6.5 1 21 15 14 29 6 31 5 30 11 18 7 26 12 8 19 10 23 24 27 16 22 2 4 28 3 32 9 25 20 17 13
6.4 1 8 29 11 14 7 22 5 31 25 30 21 4 17 19 23 15 32 20 26 13 28 2 10 27 3 16 6 18 24 12 9
6.3 1 12 22 6 2 23 32 16 31 28 5 17 29 14 24 7 3 18 4 9 27 11 10 21 26 30 25 20 15 13 19 8
6.2 1 28 3 26 24 21 23 6 11 2 4 17 25 10 13 14 16 29 27 12 5 18 20 9 19 30 8 15 22 7 31 32
6.1 1 10 9 2 7 18 25 3 4 26 24 6 11 17 27 21 12 19 22 8 16 30 14 31 32 29 15 23 20 13 28 5
6.0 1 23 18 27 13 22 12 9 5 25 6 20 11 15 17 24 26 14 19 16 7 4 31 10 21 32 28 3 30 29 2 8
5.9 1 28 9 16 12 8 19 7 18 11 22 15 26 21 3 2 31 17 32 6 5 30 27 4 23 20 29 24 25 13 10 14
5.8 1 21 4 26 3 32 9 22 14 20 23 17 18 16 8 10 12 6 30 2 27 24 31 25 13 11 19 5 7 28 15 29
5.7 1 2 11 18 17 26 22 20 32 30 24 5 16 31 15 7 6 28 4 19 9 27 29 23 8 14 21 3 13 12 10 25
5.6 1 4 28 6 19 29 8 27 11 22 17 23 9 10 15 2 14 31 5 3 12 26 13 32 20 18 7 16 25 24 21 30
5.5 1 15 11 3 7 26 22 23 19 28 31 27 12 20 5 24 32 17 21 14 2 10 16 8 4 13 18 25 29 6 9 30
5.4 1 19 20 32 4 5 18 3 21 22 28 2 30 23 14 10 15 7 24 16 9 25 26 12 8 27 6 11 17 31 29 13
5.3 1 15 30 28 21 17 5 6 13 7 23 2 31 20 16 10 18 8 19 32 29 12 4 14 3 26 11 27 25 22 9 24
5.2 1 15 7 22 24 18 21 3 12 20 13 14 32 31 17 19 23 11 2 29 8 10 16 25 27 28 4 26 30 5 6 9
5.1 1 32 3 5 28 23 17 11 24 21 30 22 6 12 27 2 10 15 7 14 26 18 31 16 4 20 25 13 19 8 9 29
5.0 1 14 2 32 13 3 11 25 6 19 30 16 27 12 10 22 9 18 31 29 23 26 24 17 8 21 4 15 5 7 28 20
4.9 1 2 11 16 5 13 14 28 21 19 6 32 22 26 3 4 24 23 10 25 9 8 27 20 18 30 17 31 29 12 15 7
4.8 1 9 31 18 12 3 22 8 15 23 5 19 14 2 10 26 6 4 30 32 28 25 13 27 11 29 24 7 20 16 17 21
4.7 1 24 32 25 13 22 11 17 15 20 5 10 23 2 30 7 26 12 21 28 31 3 18 14 29 6 8 27 16 4 9 19
4.6 1 2 15 30 12 16 6 27 29 13 32 11 9 26 20 17 5 23 25 31 22 10 21 14 28 8 19 7 4 18 3 24
4.5 1 6 7 11 20 13 10 16 14 12 3 5 31 27 22 21 30 23 25 28 8 9 18 17 19 24 29 2 15 4 26 32
4.4 1 21 19 16 7 32 2 6 4 24 20 5 18 11 28 31 27 17 26 9 13 23 15 29 10 14 25 12 3 22 8 30
4.3 1 28 24 30 18 31 19 9 10 5 32 7 12 15 13 8 14 2 3 27 6 23 21 16 17 4 11 20 25 22 26 29
4.2 1 12 9 22 26 10 14 13 24 15 28 25 21 23 2 4 6 17 32 5 19 30 29 11 31 7 16 3 8 27 18 20
4.1 1 19 8 17 32 27 25 22 16 26 13 28 5 11 29 30 7 31 12 10 21 3 24 2 4 18 20 15 14 23 6 9
4.0 1 6 32 10 21 8 20 16 31 2 11 29 27 4 19 30 12 17 9 3 22 23 5 26 14 7 13 25 28 18 15 24
3.9 1 18 3 30 24 27 23 4 20 31 9 6 17 25 14 19 8 13 11 32 15 7 26 10 22 21 28 2 5 12 16 29
3.8 1 29 5 16 25 3 24 21 30 23 15 4 7 9 18 6 13 8 32 17 20 27 11 19 14 12 28 2 31 22 26 10
3.7 1 23 21 14 20 8 10 25 6 27 5 32 26 2 4 28 22 13 3 18 11 30 19 9 12 16 24 29 17 7 31 15
3.6 1 20 13 19 12 10 21 26 14 29 24 28 7 9 6 27 8 25 31 3 17 2 22 18 32 30 5 4 16 11 15 23
3.5 1 4 8 24 6 20 3 14 12 2 32 10 21 19 29 27 11 16 26 7 22 13 9 31 15 25 5 17 28 18 23 30
3.4 1 25 30 2 19 7 10 21 8 12 15 31 20 22 9 29 24 23 17 11 13 26 27 6 14 32 16 28 5 4 3 18
3.3 1 23 30 5 18 25 11 29 15 26 7 10 12 27 24 14 21 31 2 9 20 28 17 6 32 4 3 16 22 19 13 8
3.2 1 15 22 26 13 10 17 20 16 3 12 21 14 9 5 25 2 8 7 28 32 23 19 31 27 18 4 6 11 30 29 24
3.1 1 29 8 6 28 17 20 11 14 5 22 23 9 7 16 26 31 27 13 18 25 4 2 24 15 19 10 21 32 3 12 30
3.0 1 21 24 30 23 29 4 15 17 19 13 22 14 2 5 32 9 26 25 10 7 18 28 11 16 31 27 20 3 6 12 8
2.9 1 30 15 28 4 18 27 3 8 22 9 31 11 14 25 24 5 6 17 13 26 12 21 29 2 23 19 10 20 32 16 7
2.8 1 24 15 23 32 6 13 19 28 2 14 18 26 16 4 29 27 22 12 10 3 25 21 17 31 5 20 30 11 8 9 7
2.7 1 6 11 23 30 2 19 15 17 14 7 9 16 27 4 32 28 31 18 24 29 21 13 22 25 20 5 3 12 26 10 8
2.6 1 14 21 2 28 8 15 17 29 24 27 25 19 11 18 9 32 12 31 26 22 10 13 3 23 5 4 7 20 6 16 30
2.5 1 19 6 7 28 11 5 25 27 17 20 14 15 8 31 32 16 21 4 2 13 9 10 29 30 18 3 23 24 22 12 26
2.4 1 30 14 8 16 2 27 15 7 6 19 31 26 21 3 20 10 12 13 22 18 25 9 23 28 17 11 4 29 5 32 24
2.3 1 13 9 6 11 29 32 31 20 7 28 22 3 10 24 30 25 27 5 18 19 2 8 15 4 26 12 14 16 23 17 21
2.2 1 3 21 11 32 13 9 6 12 22 15 18 25 28 20 5 26 29 4 16 10 14 23 27 30 17 31 7 24 2 19 8
2.1 1 19 21 23 4 17 12 18 32 27 5 2 29 8 20 22 13 3 26 16 31 11 28 25 24 14 10 15 30 6 7 9
2.0 1 12 25 10 11 24 8 15 2 19 13 9 26 29 30 23 21 14 27 5 31 16 28 18 3 20 22 32 7 4 17 6
1.9 1 18 5 6 13 10 3 2 24 4 25 30 17 11 32 27 23 29 14 7 16 19 26 12 22 20 28 9 31 8 21 15
1.8 1 8 23 4 29 17 5 32 22 10 28 18 7 12 2 15 11 24 14 19 21 26 9 3 6 27 30 25 16 31 20 13
1.7 1 29 8 23 24 27 17 15 19 10 26 20 22 7 4 5 25 9 16 13 12 21 30 11 18 3 14 2 6 31 28 32
1.6 1 10 3 31 27 16 13 26 6 20 2 29 25 11 14 19 23 15 4 32 22 28 24 21 7 12 8 17 30 5 9 18
1.5 1 25 16 18 12 7 22 9 13 15 14 10 19 8 17 26 6 3 24 2 21 32 27 28 11 5 20 4 31 23 29 30
1.4 1 29 21 8 4 23 14 19 13 3 20 31 7 22 27 6 16 25 18 9 12 10 26 32 28 24 30 2 11 5 17 15
1.3 1 21 10 12 22 26 16 11 25 18 20 32 3 13 9 7 6 27 17 28 31 29 15 4 30 8 5 2 24 14 23 19
1.2 1 15 27 7 18 6 28 31 11 20 26 5 32 9 22 13 8 10 12 19 2 30 24 16 25 3 23 29 4 17 14 21
1.1 1 24 30 17 18 13 12 19 23 29 4 11 9 20 7 25 28 22 26 3 16 27 6 5 32 31 2 21 14 10 8 15
1.0 1 15 17 28 20 6 18 9 26 22 16 31 24 23 4 29 11 30 8 2 21 19 14 10 3 13 7 12 32 25 27 5
0.90 1 17 23 24 29 14 10 13 12 26 7 22 3 20 32 28 11 27 2 4 31 18 16 9 6 5 25 30 15 21 19 8
0.80 1 8 24 17 29 11 4 5 31 6 16 32 25 30 23 2 21 19 14 9 18 3 22 13 26 12 10 27 7 20 28 15
0.70 1 19 21 15 14 10 13 22 3 12 26 16 11 31 28 20 6 9 18 32 7 25 5 27 4 17 23 24 29 30 2 8
0.60 1 21 24 15 30 14 19 10 12 7 13 26 22 18 25 5 11 29 2 23 17 28 32 3 16 20 9 6 27 31 4 8
0.50 1 21 8 14 19 10 12 3 22 13 26 7 9 32 25 11 4 5 6 18 27 20 16 31 28 30 2 24 29 23 15 17
0.40 1 15 23 24 19 8 2 17 4 29 30 11 27 16 20 32 9 6 5 31 25 18 28 7 13 3 22 26 12 10 21 14
0.30 1 19 8 21 24 23 17 30 15 2 29 4 11 5 31 32 6 16 25 18 27 28 20 9 7 22 13 3 26 12 10 14
0.20 1 2 15 24 23 29 30 17 4 11 27 25 28 31 5 6 32 16 20 18 9 7 22 3 26 13 12 10 19 8 14 21
0.010 1 15 2 24 23 30 29 17 4 11 31 27 5 25 28 18 6 16 32 20 9 7 3 26 22 13 12 10 19 14 21 8
0.0010 1 15 2 24 23 30 29 17 4 11 31 5 27 25 28 18 6 16 20 32 9 7 3 22 26 13 12 10 19 14 21 8
