0 0.31814 0.00137988
1 6.37537 21.9692
2 -18.4132 17.7327
3 12.6105 21.8469
4 38.0124 20.1832
5 21.7312 20.4731
6 38.3033 20.4445
7 20.1007 19.0843
8 -6.68236 19.1732
9 -5.39067 21.265
10 -27.3084 22.1693
11 7.49822 19.5869
12 12.1625 20.4445
13 -0.354344 22.4755
14 16.0562 18.6539
15 28.1221 17.808
16 3.81646 20.7597
17 -22.2225 20.4057
18 -15.2211 20.3832
19 1.41846 21.8008
20 17.7771 23.787
21 22.0101 20.7552
22 -14.997 22.3582
23 -4.40346 24.4606
24 -7.86341 18.7239
25 6.7599 19.534
26 -25.6071 22.0188
27 -17.2429 21.8116
28 24.1858 19.5834
29 -27.9568 21.3363
30 -32.1912 21.4368
31 -37.9307 21.1554
32 11.5834 22.8739
33 55.4914 20.4038
34 -49.4067 22.1266
35 37.5261 20.8476
36 12.035 19.8362
37 -20.728 21.0615
38 27.7093 18.5386
39 -30.1668 22.0204
40 0.0108509 21.2886
41 14.0284 19.9215
42 27.7439 19.3969
43 -3.23376 19.9076
44 9.30259 23.3253
45 26.3636 20.2845
46 -18.9472 16.8255
47 -13.239 20.9047
48 29.0686 23.3685
49 -20.0246 23.6997
50 15.4854 18.8446
51 -1.6568 23.6377
52 9.30018 21.5762
53 36.0659 20.7357
54 23.0446 22.2788
55 -18.9307 20.1462
56 4.89277 21.0965
57 13.4861 21.8515
58 -9.64529 20.0803
59 -24.2671 21.1982
60 -5.0629 22.5813
61 55.8506 20.6388
62 38.1258 20.071
63 -10.1133 20.7857
64 -4.98759 22.6438
65 -25.7295 18.0861
66 3.22626 22.0597
67 -3.82545 18.3474
68 12.1278 21.9342
69 22.8508 19.8412
70 -13.6877 24.0515
71 15.7202 19.8357
72 -2.58352 21.2656
73 -5.72052 20.2309
74 -8.25282 21.8855
75 5.38748 21.5987
76 5.31418 19.8681
77 16.8433 20.3315
78 15.9043 20.9836
79 -13.8786 19.4041
80 -31.6062 21.9354
81 -4.37631 21.4641
82 17.4303 21.8143
83 25.0829 17.875
84 32.92 22.3102
85 30.1952 20.022
86 -11.9611 19.533
87 -0.0867916 21.6141
88 -20.7603 20.7271
89 25.0439 19.2732
90 35.1984 20.4655
91 -6.56559 18.7065
92 -9.8 24.5278
93 17.5012 20.2528
94 3.07997 23.0957
95 -9.10632 21.8478
96 -52.1149 21.1375
97 -11.6637 21.8693
98 36.4839 19.6525
99 9.38394 21.2205
100 -13.4644 19.3675
101 -0.722414 19.3537
102 -35.4565 23.8318
103 26.1423 21.9605
104 -44.7632 18.9631
105 -10.848 20.4275
106 -17.1031 20.6632
107 -11.7287 22.4313
108 2.10673 22.6317
109 7.90154 19.0167
110 -18.4063 19.9063
111 -7.43543 22.6928
112 -25.9498 19.9083
113 6.80192 21.8473
114 10.9806 20.9403
115 13.118 21.3179
116 -2.91415 21.6909
117 9.47089 20.0339
118 -15.971 21.2219
119 -5.91372 19.6101
120 -14.4709 22.4209
121 -49.8505 21.6515
122 -5.83471 20.1095
123 7.62305 17.9867
124 25.3034 18.6636
125 -10.3169 21.7593
126 0.378348 21.2994
127 -33.3263 20.3479
128 -7.89043 24.0731
129 24.9977 20.2164
130 -2.06108 20.2878
131 -31.3183 22.2518
132 31.2912 23.6275
133 3.95527 20.9339
134 10.5699 20.2333
135 -22.863 21.5754
136 2.41646 22.2407
137 -4.63127 22.6078
138 -3.32829 21.4234
139 -29.263 23.5811
140 -25.8056 20.3481
141 0.976269 21.5732
142 17.2164 20.3633
143 15.6641 21.6899
144 -4.51054 23.1884
145 -26.1449 20.8396
146 -7.13876 20.2553
147 23.3504 23.0401
148 10.2967 18.8571
149 3.22211 18.793
150 -7.64142 21.664
151 -13.5762 19.7021
152 -20.3665 20.6718
153 -32.661 19.6243
154 -12.8376 20.2252
155 -7.25772 21.019
156 -23.5641 21.2431
157 -13.8142 19.8488
158 9.44704 23.3369
159 1.43353 19.7338
160 -25.1056 21.7032
161 9.28286 21.5571
162 -12.9494 19.971
163 -4.40602 23.5023
164 -0.314571 21.4319
165 -14.9809 19.9503
166 44.2647 21.955
167 4.87097 20.9923
168 -13.8209 21.2165
169 5.7646 20.2811
170 28.8532 19.7747
171 -8.4499 19.9743
172 12.6135 20.6066
173 5.1079 19.9966
174 3.66332 17.7424
175 -22.8258 19.8149
176 12.1726 21.8914
177 -4.38071 20.741
178 -7.54372 20.3462
179 4.90789 19.7271
180 6.959 20.0579
181 -4.6286 20.9589
182 -23.0712 19.9608
183 -13.1089 21.4354
184 -34.6443 22.3916
185 14.4617 18.9873
186 -26.1476 21.4762
187 9.89286 20.441
188 11.8671 21.8482
189 0.630455 20.3808
190 61.3386 23.8858
191 -2.46814 21.493
192 -6.0371 21.1918
193 37.7954 21.4846
194 -11.9525 20.3548
195 17.5428 19.7188
196 -53.0131 21.4437
197 -30.0561 22.3222
198 8.47005 22.5926
199 26.3814 20.473
200 -16.0434 22.1075
201 3.61648 23.2832
202 -53.3437 22.9527
203 7.06066 20.515
204 -45.0876 19.7349
205 9.96707 21.2556
206 -45.7041 20.3535
207 -18.026 20.921
208 -10.3618 20.9526
209 -0.977064 21.2021
210 -18.7084 21.0613
211 -37.5544 19.3727
212 34.5633 21.6771
213 1.77565 21.5703
214 27.0997 20.9453
215 18.5354 18.5152
216 3.6191 19.7863
217 12.8498 19.9302
218 -3.09708 21.2615
219 13.7865 22.3059
220 -40.4296 22.2369
221 -4.0772 20.7894
222 17.4407 21.0603
223 -9.53739 20.1666
224 12.5647 20.7727
225 -18.8539 20.8633
226 7.67558 22.9975
227 -38.6225 20.1105
228 0.0120951 20.1971
229 -23.2526 22.4052
230 -19.35 23.1939
231 -18.0223 18.505
232 -13.9621 21.2462
233 3.87266 22.9928
234 12.8284 21.1376
235 0.696969 20.4442
236 24.8573 21.2764
237 27.3961 20.5166
238 -15.741 21.697
239 30.5131 20.8724
240 -19.5651 21.9186
241 -4.40829 22.7822
242 -21.7043 20.0109
243 13.8518 20.4976
244 -22.6295 21.5051
245 -11.3145 24.638
246 -15.2406 18.1051
247 21.0842 22.1148
248 54.5334 22.6858
249 -35.1947 20.6763
250 19.6161 22.4329
251 0.1334 22.2948
252 6.79148 20.3104
253 -2.35591 21.5302
254 -6.16204 21.3716
255 -4.86609 20.6387
256 16.8376 22.1365
257 19.9215 20.9098
258 -8.09482 22.6018
259 -6.5723 23.0334
260 -6.42772 20.5247
261 -9.81416 20.0389
262 -15.6255 22.1057
263 23.1947 19.3997
264 17.3362 22.9878
265 29.7357 21.0972
266 -3.90181 19.9672
267 -30.7273 23.6461
268 -21.5163 21.3334
269 19.2242 21.296
270 -3.40468 20.929
271 29.7778 19.9264
272 2.1053 21.2409
273 -21.4453 23.2186
274 6.1207 20.3924
275 7.48426 22.5002
276 44.0841 21.3544
277 -22.5074 22.3327
278 -8.11338 22.0616
279 13.327 20.3681
280 16.2847 22.8202
281 -41.3571 22.8144
282 48.0428 24.3124
283 -11.7616 22.1973
284 6.1101 17.908
285 -6.48126 22.1742
286 27.6097 21.6163
287 -18.9019 19.3927
288 33.3892 22.4964
289 -6.29091 20.6039
290 -21.858 21.1167
291 13.9074 20.744
292 -5.51341 22.2539
293 3.12778 20.5401
294 -7.02959 20.5976
295 -2.40881 23.0026
296 -19.4159 19.6756
297 -4.69575 19.2098
298 -10.7102 21.7757
299 0.317965 0.00135696
