0.486303   -0.497849   0.484396   0.486306   -0.497889   0.484396
-0.345939   -0.353779   -0.493039   -0.345928   -0.353742   -0.493074
-0.49985   -0.34788   -0.328618   -0.499801   -0.347781   -0.328798
-0.352639   0.47485   -0.342847   -0.352556   0.474914   -0.34283
-0.188063   0.493415   0.493491   -0.187923   0.49336   0.49342
-0.00725779   -0.341878   0.489389   -0.00754517   -0.341947   0.489348
-0.187088   -0.330012   -0.34261   -0.187107   -0.329807   -0.342454
-0.00667205   0.49292   -0.326374   -0.00682381   0.492966   -0.326475
0.146254   0.481125   0.494639   0.146323   0.481173   0.494645
0.334843   -0.347881   0.488195   0.334805   -0.347845   0.488279
0.160397   -0.366213   -0.344857   0.16045   -0.366264   -0.344994
0.335185   0.474519   -0.32632   0.33511   0.474421   -0.326467
-0.491377   -0.185525   0.49796   -0.491233   -0.185694   0.497785
-0.338625   0.000497227   0.48271   -0.338527   0.000574842   0.482688
0.474867   0.00388465   -0.347821   0.474919   0.00399138   -0.347853
-0.348803   -0.154349   -0.336515   -0.348955   -0.15421   -0.336548
-0.178307   -0.187822   0.487975   -0.178291   -0.187971   0.487981
-0.00981558   -0.0214884   0.489649   -0.00975503   -0.0214317   0.489546
-0.180721   -0.0116307   -0.3693   -0.180826   -0.0115678   -0.369438
-0.0121806   -0.187158   -0.354665   -0.0122236   -0.187322   -0.354527
0.167825   -0.194526   -0.49348   0.167996   -0.194549   -0.493449
0.308593   -0.00762176   0.486198   0.308552   -0.00742497   0.486307
0.150903   0.00834008   -0.355754   0.150867   0.00828934   -0.355834
0.345887   -0.174043   -0.351467   0.346089   -0.174068   -0.351342
0.482935   0.147208   0.491875   0.482966   0.147021   0.491765
-0.338905   0.32879   0.492994   -0.338884   0.328803   0.493074
0.495543   0.318422   -0.360164   0.495599   0.318426   -0.360284
-0.335679   0.175799   -0.355927   -0.335641   0.175787   -0.355954
-0.182577   0.159893   0.481047   -0.1825   0.159969   0.481058
-0.0303022   0.327422   0.481965   -0.0303164   0.327623   0.48182
-0.17933   0.328275   -0.350317   -0.179298   0.328361   -0.350434
-0.0314856   0.173427   -0.338173   -0.031517   0.17343   -0.338299
0.14088   0.16546   0.496527   0.140946   0.165529   0.496604
0.304834   0.340281   0.495317   0.30486   0.340355   0.495056
0.156138   0.32578   -0.337745   0.156029   0.325603   -0.337607
0.324143   0.174882   -0.351407   0.324003   0.17481   -0.351508
0.498817   0.498813   -0.17297   0.498815   0.498752   -0.172898
-0.339206   -0.35116   -0.181626   -0.339317   -0.351094   -0.181567
0.490617   -0.33441   -0.0136564   0.490593   -0.334442   -0.0136372
-0.325428   0.473458   -0.0211346   -0.32548   0.473556   -0.0212089
-0.17131   0.473175   -0.181413   -0.171371   0.473217   -0.181541
-0.00437501   -0.352917   -0.181493   -0.00435378   -0.352881   -0.181336
-0.172748   -0.321309   -0.0479766   -0.172493   -0.321413   -0.0480499
-0.0309747   0.493737   -0.00910019   -0.0308349   0.493728   -0.00896791
0.15894   0.483702   -0.165919   0.15883   0.483544   -0.165915
0.342004   -0.349838   -0.190263   0.341962   -0.349932   -0.190216
0.154202   -0.341528   -0.0146484   0.154089   -0.341607   -0.0146628
0.312232   0.491007   -0.0224193   0.312283   0.490968   -0.0224061
0.494252   -0.161532   -0.188247   0.494384   -0.161545   -0.188154
-0.358416   0.0208678   -0.181687   -0.358534   0.0207005   -0.18169
0.486553   -0.00308594   -0.00767352   0.486573   -0.00289923   -0.00764311
-0.355642   -0.163734   -0.0269242   -0.355617   -0.163636   -0.0269178
-0.181699   -0.135841   -0.179516   -0.181682   -0.135896   -0.179355
-0.00716585   -0.00191552   -0.206048   -0.00717362   -0.00187259   -0.205834
-0.195121   -0.0125941   -0.00206637   -0.195121   -0.0127112   -0.00205985
-0.0128331   -0.176114   -0.00473851   -0.0128303   -0.175998   -0.00467816
0.140001   -0.195625   -0.192489   0.139876   -0.195679   -0.192447
0.306282   -0.0281539   -0.189636   0.306185   -0.0282848   -0.189397
0.14463   -0.0226013   -0.00809565   0.14468   -0.0225946   -0.00814167
0.314696   -0.163417   -0.0179389   0.314671   -0.163503   -0.0179895
0.475718   0.169597   -0.185901   0.475612   0.169566   -0.185989
-0.355572   0.289516   -0.173045   -0.35555   0.289553   -0.173036
0.480304   0.325788   -0.011567   0.480261   0.325828   -0.0115486
-0.354958   0.147041   0.00912819   -0.354926   0.147144   0.00913886
-0.192874   0.144835   -0.181007   -0.192862   0.144884   -0.181248
-0.00778124   0.323352   -0.159632   -0.00789542   0.323441   -0.159596
-0.171762   0.299269   -0.0293536   -0.171938   0.299354   -0.029251
-0.0240573   0.136904   -0.00957577   -0.0241146   0.136867   -0.0095831
0.162012   0.135052   -0.165344   0.162164   0.135047   -0.165403
0.311271   0.324402   -0.176134   0.311283   0.324575   -0.17628
0.148998   0.319616   0.000227987   0.148809   0.319687   0.000181472
0.319871   0.15512   -0.0128666   0.319895   0.155113   -0.0128348
-0.492395   0.496904   0.140312   -0.49228   0.496708   0.140281
-0.334685   -0.343782   0.140264   -0.334685   -0.343793   0.140409
-0.499459   -0.354862   0.315593   -0.499323   -0.354952   0.315596
-0.338686   -0.490847   0.3267   -0.338579   -0.490841   0.326686
-0.188739   -0.49607   0.156225   -0.188733   -0.496065   0.156415
-0.00850899   -0.346679   0.149637   -0.00873349   -0.346757   0.149594
-0.158979   -0.351294   0.334005   -0.159037   -0.351325   0.333963
-0.0177776   0.4909   0.312643   -0.0176906   0.490886   0.31263
0.156655   -0.499159   0.139074   0.156705   -0.499244   0.139015
0.348124   -0.35295   0.138196   0.348072   -0.35304   0.138149
0.16655   -0.35112   0.334   0.16645   -0.351117   0.334028
0.325058   0.485501   0.309001   0.324914   0.485523   0.308955
0.488289   -0.180695   0.153485   0.488033   -0.180812   0.153415
-0.332111   -0.0187019   0.192487   -0.332084   -0.0187614   0.192419
0.489402   -0.0230821   0.348074   0.489267   -0.0229184   0.348097
-0.318459   -0.193019   0.308144   -0.318476   -0.192992   0.308162
-0.171629   -0.183748   0.146121   -0.171519   -0.183841   0.146158
-0.0145315   -0.00682458   0.155785   -0.014374   -0.00693153   0.155948
-0.164502   -0.0359507   0.342824   -0.164383   -0.0358682   0.342996
0.0161676   -0.184146   0.333018   0.0160526   -0.18411   0.333153
0.164982   -0.189882   0.135626   0.165072   -0.189699   0.13555
0.318464   -0.017021   0.176265   0.318461   -0.0169739   0.176136
0.14548   -0.0169911   0.330854   0.145622   -0.0170972   0.330826
0.328282   -0.191405   0.311886   0.328328   -0.191351   0.311822
0.482355   0.142056   0.189466   0.482539   0.142041   0.189472
-0.344186   0.327026   0.162006   -0.34409   0.326991   0.161988
0.478553   0.331663   0.328242   0.478642   0.331644   0.328179
-0.335061   0.163103   0.331381   -0.335121   0.163212   0.33152
-0.197205   0.164061   0.171137   -0.197183   0.164179   0.171112
-0.015891   0.30837   0.153309   -0.0158522   0.308386   0.153272
-0.201956   0.330202   0.329817   -0.202042   0.330248   0.330047
-0.0283859   0.1388   0.309732   -0.0283992   0.138771   0.309822
0.171324   0.143359   0.157384   0.171299   0.143258   0.15735
0.318791   0.321965   0.144101   0.318737   0.321868   0.144214
0.166487   0.317259   0.311254   0.16652   0.317285   0.31131
0.320214   0.163472   0.329192   0.320256   0.163475   0.329285
