1 1 31 20 28 6 8 10 26 11 14 16 18 24 15 32 30 13 12 4 19 29 3 22 23 2 21 7 17 5 9 25 27
2 1 31 20 28 6 8 10 26 11 14 16 18 24 15 32 30 13 12 4 9 17 25 3 22 21 23 7 2 19 27 5 29
3 1 31 20 28 6 8 10 26 11 14 16 18 24 3 27 25 21 7 4 30 9 23 22 32 19 5 29 17 2 12 13 15
4 1 31 20 15 32 30 13 12 4 9 17 18 24 28 6 8 10 26 11 14 16 25 3 22 21 23 7 2 19 27 5 29
5 1 31 20 15 32 30 13 12 4 9 17 18 24 28 6 8 10 26 11 14 16 25 3 22 21 23 7 2 19 27 29 5
6 1 31 20 15 32 30 13 12 4 22 3 25 17 24 18 16 14 11 26 10 8 6 28 9 21 23 7 2 19 27 29 5
7 1 31 20 15 32 30 13 12 4 22 3 25 17 24 18 16 14 11 26 10 8 6 28 9 21 23 7 2 19 27 29 5
8 1 31 20 15 32 30 13 12 4 22 3 25 17 9 18 24 28 6 8 10 26 11 14 16 21 23 7 2 19 27 29 5
9 1 31 20 15 32 30 13 12 4 22 3 25 17 9 18 24 28 6 8 10 26 11 14 16 21 23 7 2 19 27 29 5
10 1 31 20 15 32 30 13 12 4 22 3 25 17 9 18 24 28 6 8 10 26 11 16 14 21 23 7 2 19 27 29 5
11 1 31 20 15 32 30 18 24 28 6 8 10 26 11 3 25 17 9 13 12 4 22 14 16 21 23 7 2 19 27 29 5
12 1 31 15 20 32 30 13 12 4 22 3 25 17 9 18 24 28 6 8 10 26 11 16 14 21 23 7 2 19 27 29 5
13 1 31 18 24 15 20 32 30 13 11 26 10 8 6 28 9 17 25 3 22 4 12 16 14 21 23 7 2 19 27 29 5
14 1 31 20 15 32 30 18 24 28 6 8 10 26 11 3 25 13 9 14 12 4 22 17 16 21 23 7 2 19 27 29 5
15 1 31 20 30 32 15 18 24 28 6 8 10 26 11 3 25 13 9 14 12 4 22 17 16 21 23 7 2 19 27 29 5
16 1 31 20 30 32 15 18 24 28 6 8 10 26 11 3 25 13 9 12 4 22 17 16 14 21 23 7 2 19 27 29 5
17 1 31 20 30 32 15 18 24 28 6 8 10 26 11 3 25 13 9 12 4 22 17 16 14 21 23 7 2 19 27 29 5
18 1 31 20 30 32 15 18 24 28 6 8 10 26 11 3 25 13 9 12 4 22 17 16 14 21 23 7 2 19 27 29 5
19 1 31 20 30 32 15 18 24 28 6 8 10 26 11 3 25 13 9 12 23 22 17 16 14 21 4 7 2 19 27 29 5
20 1 31 20 30 32 15 18 24 28 6 8 10 26 11 3 25 13 9 12 4 22 7 23 21 14 16 17 2 19 27 29 5
21 1 31 20 30 32 15 18 24 28 6 8 10 26 11 3 25 13 9 12 4 22 7 23 21 17 16 14 2 19 29 27 5
22 1 31 20 30 32 15 18 24 28 6 8 10 26 11 3 25 13 9 12 4 22 7 23 21 17 16 14 2 19 29 27 5
23 1 31 20 30 32 15 18 24 28 6 8 10 26 11 3 5 13 9 12 4 22 7 23 21 17 16 14 2 19 29 27 25
24 1 31 20 30 32 15 18 24 28 6 8 10 26 11 3 5 13 9 12 4 22 7 23 21 17 16 14 2 19 29 27 25
25 1 31 20 30 32 15 18 24 28 6 8 10 26 11 3 5 13 9 12 4 22 7 23 21 17 16 14 2 19 29 27 25
26 1 31 20 30 32 15 18 24 28 6 8 10 26 11 3 5 13 9 12 4 22 7 23 21 17 16 14 2 19 29 27 25
27 1 31 20 30 32 15 18 24 28 6 8 10 26 11 3 5 13 9 12 4 23 7 22 21 17 16 14 2 19 29 27 25
28 1 31 20 30 32 15 18 24 28 6 8 10 26 11 3 5 13 9 12 4 23 7 22 21 17 16 14 2 19 29 27 25
29 1 31 20 30 32 15 18 24 28 6 11 26 10 8 3 5 13 9 12 4 22 7 23 21 17 16 14 2 19 29 27 25
30 1 31 12 9 13 5 28 11 26 10 8 6 3 24 18 15 32 30 20 4 23 7 22 21 17 16 14 2 19 29 27 25
31 1 31 12 9 13 5 28 11 26 10 8 6 3 24 18 15 32 30 20 4 23 7 22 21 17 16 14 2 19 29 27 25
32 1 31 12 9 13 5 28 11 26 10 8 6 3 24 18 15 20 30 32 4 23 7 22 21 17 16 14 2 19 29 27 25
33 1 31 12 9 13 5 28 11 26 10 8 6 3 24 18 15 20 30 32 4 7 23 22 21 17 16 14 2 19 29 27 25
34 1 31 12 9 13 5 28 11 26 10 8 6 3 24 18 15 20 30 32 4 7 23 22 21 17 16 14 2 19 29 27 25
35 1 31 12 9 13 5 28 11 26 10 8 6 3 24 18 15 20 23 32 4 7 30 22 21 17 16 14 2 19 29 27 25
36 1 31 12 9 13 5 28 11 26 10 8 6 3 24 18 15 20 23 32 4 7 30 22 21 17 16 14 2 19 29 27 25
37 1 31 12 9 13 5 28 11 26 10 8 6 3 24 18 15 20 23 32 4 7 30 22 21 17 16 14 2 19 29 27 25
38 1 31 12 9 13 5 28 11 26 10 8 6 3 24 18 15 20 23 32 4 7 30 22 21 17 16 14 2 19 29 27 25
39 1 31 12 9 13 5 28 11 26 10 8 6 3 24 18 15 20 23 32 4 7 30 22 21 17 16 14 2 19 29 27 25
40 1 31 12 9 13 5 28 11 26 10 8 6 3 24 18 15 20 23 32 4 7 30 22 21 17 16 14 2 19 29 27 25
41 1 31 12 9 13 5 28 11 26 10 8 6 3 24 18 15 20 23 32 4 7 30 22 21 17 16 14 2 19 29 27 25
42 1 31 12 9 13 5 28 11 26 10 8 6 3 24 18 15 20 23 32 4 7 30 22 21 17 16 14 2 19 29 27 25
43 1 31 12 9 26 10 8 11 13 5 28 6 3 24 18 15 20 23 32 4 7 30 22 21 17 16 14 2 19 29 27 25
44 1 31 12 9 26 10 8 11 13 5 28 6 3 24 18 15 20 23 32 4 7 30 22 21 17 16 14 2 19 29 27 25
45 1 31 12 9 26 10 8 11 13 5 28 6 3 24 18 15 20 23 32 4 7 30 22 21 17 16 14 2 19 29 27 25
46 1 31 12 9 26 10 8 11 13 5 28 6 3 24 18 15 20 23 32 4 7 30 22 21 17 16 14 2 19 29 27 25
47 1 31 12 9 26 10 8 11 28 5 13 6 3 24 18 15 20 23 32 4 7 30 22 21 14 16 17 2 19 29 27 25
48 1 31 12 9 26 10 8 11 28 5 13 6 3 24 18 15 20 23 32 4 7 30 22 21 14 16 17 2 19 29 27 25
49 1 31 12 9 26 10 8 11 28 5 13 6 3 24 18 15 20 23 32 4 7 30 22 21 14 16 17 2 19 29 27 25
50 1 31 12 9 26 10 8 11 28 5 13 6 3 24 18 15 20 23 30 7 4 32 22 21 14 16 17 2 19 29 27 25
51 1 31 12 9 26 10 8 11 28 5 13 6 3 24 18 15 20 23 30 7 4 32 22 21 14 16 17 2 19 29 27 25
52 1 31 12 9 26 10 24 11 28 5 13 6 3 8 18 15 20 23 32 4 7 30 22 21 14 16 17 2 19 29 27 25
53 1 31 12 18 26 10 8 11 28 5 13 6 3 24 9 15 20 23 30 7 4 32 22 21 14 16 17 2 19 29 27 25
54 1 31 12 18 26 10 8 11 28 5 13 6 3 24 9 15 20 23 30 7 4 32 22 21 14 16 17 2 19 29 27 25
55 1 31 12 18 26 10 8 11 28 5 13 6 3 24 9 15 20 23 30 7 4 32 22 21 14 16 17 2 19 29 27 25
56 1 31 12 18 26 10 8 11 28 5 13 6 3 24 9 15 20 23 30 7 4 32 22 21 14 16 17 2 19 29 27 25
57 1 31 12 18 26 10 8 11 28 5 13 6 3 24 9 15 20 23 30 7 4 32 22 21 14 16 17 2 19 29 27 25
58 1 31 12 18 26 10 8 11 28 5 13 6 3 14 21 22 32 4 7 30 23 20 15 9 24 16 17 2 19 29 27 25
59 1 31 12 18 26 10 8 11 28 5 13 6 3 14 21 22 32 4 7 30 23 20 15 9 24 16 17 2 19 29 27 25
60 1 31 12 18 26 10 8 11 28 5 13 6 3 14 21 22 32 4 7 30 23 20 15 9 24 16 17 2 19 29 27 25
61 1 31 12 18 26 10 24 8 11 28 5 13 6 3 14 21 22 32 4 7 30 23 20 15 9 16 17 2 19 29 27 25
62 1 31 12 18 26 10 24 8 11 28 5 13 6 3 14 21 22 32 4 7 30 23 20 15 9 16 17 2 19 29 27 25
63 1 31 12 18 26 10 8 24 11 28 5 13 6 3 14 21 22 32 4 7 30 23 20 15 9 16 17 2 19 29 27 25
64 1 31 12 18 26 10 8 24 11 28 5 13 6 3 14 21 22 32 4 7 30 23 20 15 9 16 17 2 19 29 27 25
65 1 31 12 18 26 10 8 24 11 28 5 13 6 3 14 21 22 32 4 7 30 23 20 15 9 16 17 2 19 29 27 25
66 1 31 12 18 26 10 8 24 11 28 5 13 6 3 14 21 22 32 4 7 30 23 20 15 9 16 17 2 19 29 27 25
67 1 31 12 18 26 10 8 24 11 28 5 13 6 3 14 21 22 32 4 7 30 23 20 15 9 16 17 2 19 29 27 25
68 1 31 12 18 26 10 8 24 11 28 5 13 6 3 14 21 22 32 4 7 30 23 20 15 9 16 17 2 19 29 27 25
69 1 31 12 18 26 10 8 24 11 28 13 5 6 3 14 21 22 32 4 7 30 23 20 15 9 16 17 2 19 29 27 25
70 1 31 12 18 26 10 8 24 11 28 5 13 6 3 14 16 9 15 20 23 30 7 4 32 22 21 17 2 19 29 27 25
71 1 31 12 18 26 10 8 24 11 28 5 13 6 3 14 16 9 15 20 23 30 7 4 32 22 21 17 2 19 29 27 25
72 1 31 12 18 26 10 8 24 11 28 5 13 6 3 14 16 9 15 20 23 30 7 4 32 22 21 17 2 19 29 27 25
73 1 31 12 18 26 10 8 24 11 28 5 13 25 3 14 16 9 15 20 23 30 7 4 32 22 21 17 2 19 29 27 6
74 1 31 12 18 26 10 8 24 11 28 13 5 25 3 14 16 9 15 20 23 30 7 4 32 22 21 17 2 19 29 27 6
75 1 31 12 18 26 10 8 24 11 28 13 5 25 3 14 16 9 15 20 23 30 7 4 32 22 21 17 2 19 29 27 6
76 1 31 12 18 26 10 8 24 11 28 13 5 25 3 14 16 9 15 20 23 30 7 4 32 22 21 17 2 19 29 27 6
77 1 31 12 18 26 10 8 24 11 28 13 5 25 3 14 16 9 15 20 23 30 7 4 32 22 21 17 6 27 29 19 2
78 1 31 12 18 26 10 8 24 11 28 13 5 25 3 14 16 9 15 20 23 30 7 4 32 22 21 17 6 27 29 19 2
79 1 31 12 18 26 10 8 24 11 28 13 5 25 3 14 16 9 15 20 23 30 7 4 32 22 21 17 6 27 29 19 2
80 1 31 12 18 26 10 8 24 11 28 13 5 25 3 14 16 9 15 20 23 30 7 4 32 22 21 17 6 27 29 19 2
81 1 31 12 18 26 10 8 24 11 28 13 5 25 3 14 16 9 15 20 23 30 7 4 32 22 21 17 6 27 29 19 2
82 1 31 12 18 26 10 8 24 11 28 13 5 25 3 14 16 9 15 20 23 30 7 4 32 22 21 17 6 27 29 19 2
83 1 31 12 18 26 10 8 24 11 28 13 5 25 3 14 16 9 15 20 23 30 7 4 32 22 21 17 6 27 29 19 2
84 1 31 12 18 26 10 8 24 11 28 13 6 25 3 14 16 9 15 20 23 30 7 4 32 22 21 17 5 27 29 19 2
85 1 31 12 18 26 10 8 24 11 28 13 6 25 3 14 16 9 15 20 23 7 30 4 32 22 21 17 5 27 29 19 2
86 1 31 12 18 26 10 8 24 11 28 13 6 25 3 14 16 9 15 20 23 7 30 4 32 22 21 17 5 27 29 19 2
87 1 31 12 18 26 10 8 24 11 28 13 6 25 3 14 16 9 15 20 23 7 30 4 32 22 21 17 5 27 29 19 2
88 1 31 12 18 26 10 8 24 11 28 13 6 25 16 14 3 9 15 20 23 7 30 4 32 22 21 17 5 27 29 19 2
89 1 31 12 18 26 10 8 24 11 28 13 6 25 16 3 14 9 15 20 23 7 30 4 32 22 21 17 5 27 29 19 2
90 1 31 12 18 26 10 8 24 11 28 13 6 25 16 3 14 9 15 20 23 7 30 4 32 22 21 17 5 27 29 19 2
91 1 31 12 18 26 10 8 24 11 28 13 6 25 16 3 14 9 15 20 23 7 30 4 32 22 21 17 5 27 29 19 2
92 1 31 12 18 26 10 8 24 11 28 13 6 25 16 3 14 9 15 20 23 7 30 4 32 22 21 17 5 27 29 19 2
93 1 31 12 18 26 10 8 24 11 28 13 6 25 16 3 14 9 15 20 23 7 30 4 32 22 21 17 5 27 29 19 2
94 1 31 12 18 26 10 8 24 11 28 13 6 25 16 3 14 9 15 20 23 7 30 4 32 22 21 17 5 27 29 19 2
95 1 31 12 18 26 10 8 24 11 28 13 6 25 16 3 14 9 15 20 23 7 30 4 32 22 21 17 5 27 29 19 2
96 1 31 12 18 26 10 8 24 11 28 13 6 25 16 3 14 9 15 20 23 7 30 4 32 22 21 17 5 27 29 19 2
97 1 31 12 18 26 10 8 24 11 28 13 6 25 16 3 14 9 15 20 23 7 30 4 32 22 21 17 5 27 29 19 2
98 1 31 12 18 15 20 23 7 30 4 32 22 21 17 3 14 9 26 10 8 24 11 28 13 6 25 16 5 27 29 19 2
99 1 31 12 18 15 20 23 7 30 4 32 22 21 17 3 14 9 26 10 8 24 11 28 13 6 25 16 5 27 29 19 2
100 1 31 12 18 15 20 23 7 30 4 32 22 21 17 3 14 9 26 10 8 24 11 28 13 6 25 16 5 27 29 19 2
101 1 31 12 18 15 20 23 7 30 4 32 22 21 17 3 14 9 26 10 8 24 11 28 13 6 25 16 5 27 29 19 2
102 1 31 12 18 15 20 23 7 30 4 32 22 21 17 3 14 9 26 10 8 24 11 28 13 6 25 16 5 27 29 19 2
103 1 31 12 18 15 20 23 7 30 4 32 22 21 17 3 14 9 26 10 8 24 11 28 13 16 25 6 5 27 29 19 2
104 1 31 12 18 15 20 23 7 30 4 32 22 21 17 3 14 9 26 10 8 24 11 28 13 16 25 6 5 27 29 19 2
105 1 31 12 18 15 20 23 7 30 4 32 22 21 17 3 14 9 26 10 8 24 11 28 13 16 6 25 5 27 29 19 2
106 1 31 12 18 15 20 23 7 30 4 32 22 21 17 3 14 9 26 10 8 24 11 28 13 16 6 25 5 27 29 19 2
107 1 31 12 18 15 20 23 7 30 4 32 22 21 17 3 14 9 26 10 8 24 11 28 13 16 6 25 5 27 29 19 2
108 1 31 12 18 15 20 23 7 30 4 32 22 21 17 3 14 9 26 10 8 24 11 28 13 16 6 25 5 27 29 19 2
109 1 31 12 18 15 20 23 7 30 4 32 22 21 17 3 14 9 26 10 8 24 11 28 13 16 6 25 5 27 29 19 2
110 1 31 12 18 15 20 23 7 30 4 32 22 21 17 3 14 16 13 28 11 24 8 10 26 9 6 25 5 27 29 19 2
111 1 31 12 18 15 20 23 7 30 4 32 22 21 17 3 14 16 13 28 11 24 8 10 26 9 6 25 5 27 29 19 2
112 1 31 12 18 15 20 23 7 30 4 32 22 21 17 3 14 16 13 28 11 24 8 10 26 9 6 25 5 27 29 19 2
113 1 31 12 18 15 20 23 7 30 4 32 22 21 17 3 14 16 13 28 11 24 8 10 26 9 6 25 5 27 29 19 2
114 1 31 12 18 15 20 23 7 30 4 32 22 21 17 3 14 16 13 28 11 24 8 10 26 9 6 25 5 27 29 19 2
115 1 31 12 18 15 20 23 7 30 4 32 22 21 17 3 14 16 13 28 11 24 8 10 26 9 6 25 5 27 29 19 2
116 1 31 18 12 15 20 23 7 30 4 32 22 21 17 3 14 16 13 28 11 24 8 10 26 9 6 25 5 27 29 19 2
117 1 31 18 12 15 20 23 7 30 4 32 22 21 17 3 14 16 13 28 11 24 8 10 26 9 6 25 5 27 29 19 2
118 1 31 18 12 15 20 23 7 30 4 32 22 21 17 3 14 16 13 28 11 24 8 10 26 9 6 25 5 27 29 19 2
119 1 31 18 12 15 20 23 7 30 4 32 22 21 17 3 14 16 13 28 11 24 8 10 26 9 6 25 5 27 29 19 2
120 1 31 18 12 15 20 23 7 30 4 32 22 21 17 3 14 16 13 28 11 24 8 10 26 9 6 25 5 27 29 19 2
121 1 31 18 12 15 20 23 7 30 4 32 22 21 17 3 14 16 13 28 11 24 8 10 26 9 6 25 5 27 29 19 2
122 1 31 18 12 15 20 23 7 30 4 32 22 21 17 3 14 16 13 28 11 24 8 10 26 9 6 25 5 27 29 19 2
123 1 31 18 12 15 20 23 7 30 4 32 22 21 17 3 14 16 13 28 11 24 8 10 26 9 6 25 5 27 29 19 2
124 1 31 18 12 15 20 23 7 30 4 32 22 21 17 3 14 16 13 28 11 24 8 10 26 9 6 25 5 27 29 19 2
125 1 31 18 12 15 20 23 7 30 4 32 22 21 17 3 14 16 13 28 11 24 8 10 26 9 6 25 5 27 29 19 2
126 1 31 18 12 15 20 23 7 30 4 32 22 21 17 3 14 16 13 28 11 24 8 10 26 9 6 25 5 27 29 19 2
127 1 31 18 12 15 20 23 7 30 4 32 22 21 17 3 14 16 13 6 9 26 10 8 24 11 28 25 5 27 29 19 2
128 1 31 18 12 15 20 23 7 30 4 32 22 21 17 3 14 16 13 6 9 26 10 8 24 11 28 25 5 27 29 19 2
129 1 31 18 12 15 20 23 7 30 4 32 22 21 17 3 14 16 13 6 9 26 10 8 24 11 28 25 5 27 29 19 2
130 1 31 18 12 15 20 23 4 30 7 32 22 21 17 3 14 16 13 6 9 26 10 8 24 11 28 25 5 27 29 19 2
131 1 31 18 12 15 20 23 4 7 30 32 22 21 17 3 14 16 13 6 9 26 10 8 24 11 28 25 5 27 29 19 2
132 1 31 18 12 15 20 23 4 7 30 32 22 21 17 3 14 16 13 6 9 26 10 8 24 11 28 25 5 27 29 19 2
133 1 31 18 12 15 20 23 4 7 30 32 22 21 17 3 14 16 13 6 9 26 10 8 24 11 28 25 5 27 29 19 2
134 1 31 18 12 15 20 23 4 7 30 32 22 21 17 3 14 16 13 6 9 26 10 8 24 11 28 25 5 27 29 19 2
135 1 31 18 12 15 20 23 4 7 30 32 22 21 17 3 14 16 13 6 9 26 10 8 24 11 28 25 5 27 29 19 2
136 1 31 18 12 15 20 23 4 7 30 32 22 21 17 3 14 16 13 6 9 26 10 8 24 11 28 25 5 27 29 19 2
137 1 31 18 12 15 20 23 4 7 30 32 22 21 17 3 14 16 13 6 9 26 10 8 24 11 28 25 5 27 29 19 2
138 1 31 18 12 15 20 23 4 7 30 32 22 21 17 3 14 16 13 6 9 8 10 26 24 11 28 25 5 27 29 19 2
139 1 31 18 12 15 20 23 4 7 30 32 22 21 17 3 14 16 13 6 9 8 10 26 24 11 28 25 5 27 29 19 2
140 1 31 18 12 15 20 23 4 7 30 32 22 21 17 3 14 16 13 6 28 11 24 8 10 26 9 25 5 27 29 19 2
141 1 31 18 12 15 20 23 4 7 30 32 22 21 17 3 14 16 13 6 9 8 26 10 24 11 28 25 5 27 29 19 2
142 1 31 18 12 15 20 23 4 7 30 32 22 21 17 3 14 16 13 6 9 8 26 10 24 11 28 25 5 27 29 19 2
143 1 31 18 12 15 20 23 4 7 30 32 22 21 17 3 14 16 13 6 9 8 26 10 24 11 28 25 5 27 29 19 2
144 1 31 18 12 15 20 23 4 7 30 32 22 21 17 3 14 16 13 6 9 8 26 10 24 11 28 25 5 27 29 19 2
145 1 31 18 12 15 20 23 4 7 30 32 22 21 17 3 14 16 13 6 9 8 26 10 24 11 28 25 5 27 29 19 2
146 1 31 18 12 15 20 23 4 7 30 32 22 21 17 3 14 16 13 6 9 8 26 10 24 11 28 25 5 27 29 19 2
147 1 31 18 12 15 20 23 4 7 30 32 22 21 17 3 14 16 13 6 9 8 26 10 24 11 28 25 5 27 29 19 2
148 1 31 18 12 15 20 23 4 7 30 32 22 21 17 3 14 16 13 6 9 8 26 10 24 11 28 25 5 27 29 19 2
149 1 31 18 12 15 20 23 4 7 30 32 22 21 17 3 14 16 13 6 9 8 26 10 24 11 28 25 5 27 29 19 2
150 1 31 18 12 15 20 23 4 7 30 32 22 21 17 3 14 16 13 6 9 8 26 10 24 11 28 25 5 27 29 19 2
151 1 31 18 12 15 20 23 4 7 30 32 22 21 17 3 14 16 13 6 9 8 26 10 24 11 28 25 5 27 29 19 2
152 1 31 18 12 15 20 23 4 7 30 32 22 21 17 3 14 16 13 6 9 8 26 10 24 11 28 25 5 27 29 19 2
153 1 31 18 12 15 20 23 4 7 30 32 22 21 17 3 14 16 13 6 9 8 26 10 24 11 28 25 5 27 29 19 2
154 1 31 18 12 15 20 23 4 7 30 32 22 21 17 3 14 16 13 6 9 8 26 10 24 11 28 25 5 27 29 19 2
155 1 31 18 12 15 20 23 4 7 30 32 22 21 17 3 14 16 13 6 9 8 26 10 24 11 28 25 5 27 29 19 2
156 1 31 18 12 15 20 23 4 7 30 32 22 21 17 3 14 16 13 6 9 8 26 10 24 11 28 25 5 27 29 19 2
157 1 31 18 12 15 20 23 4 7 30 32 22 21 17 3 14 16 13 6 9 8 26 10 24 11 28 25 5 27 29 19 2
158 1 31 18 12 15 20 23 4 7 30 32 22 21 17 3 14 16 13 6 9 8 26 10 24 11 28 25 5 27 29 19 2
159 1 31 18 12 15 20 23 4 7 30 32 22 21 17 3 14 16 13 6 9 8 26 10 24 11 28 25 5 27 29 19 2
160 1 31 18 12 15 20 23 4 7 30 32 22 21 17 3 14 16 13 6 9 8 26 10 24 11 28 25 5 27 29 19 2
161 1 31 18 12 15 20 23 4 7 30 32 22 21 17 3 14 16 13 6 9 8 26 10 24 11 28 25 5 27 29 19 2
162 1 31 18 12 15 20 23 4 7 30 32 22 21 17 3 14 16 13 6 9 8 26 10 24 11 28 25 5 27 29 19 2
163 1 31 18 12 15 20 23 4 7 30 32 22 21 17 3 14 16 13 6 9 8 26 10 24 11 28 25 5 27 29 19 2
164 1 31 18 12 15 20 23 4 7 30 32 22 21 17 3 14 16 13 6 9 8 26 10 24 11 28 25 5 27 29 19 2
165 1 31 18 12 15 20 23 4 7 30 32 22 21 17 3 14 16 13 6 9 8 26 10 24 11 28 25 5 27 29 19 2
166 1 18 31 12 15 20 23 4 7 30 32 22 21 17 3 14 16 13 6 9 8 26 10 24 11 28 25 5 27 29 19 2
167 1 18 31 12 15 20 23 4 7 30 32 22 21 17 3 14 16 13 6 9 8 26 10 24 11 28 25 5 27 29 19 2
168 1 18 31 12 15 20 23 4 7 30 32 22 21 17 14 3 16 13 6 9 8 26 10 24 11 28 25 5 27 29 19 2
169 1 18 31 12 15 20 23 4 7 30 32 22 21 17 14 3 16 13 6 9 8 26 10 24 11 28 25 5 27 29 19 2
170 1 18 31 12 15 20 23 4 7 30 32 22 21 17 14 3 16 13 6 9 8 26 10 24 11 28 25 5 27 29 19 2
171 1 18 31 12 15 20 23 4 7 30 32 22 21 17 14 3 16 13 6 9 8 26 10 24 11 28 25 5 27 29 19 2
172 1 18 31 12 15 20 23 4 7 30 32 22 21 17 14 3 16 13 6 9 8 26 10 24 11 28 25 5 27 29 19 2
173 1 18 31 12 15 20 23 4 7 30 32 22 2 17 14 3 16 13 6 9 8 26 10 24 11 28 25 5 27 29 19 21
174 1 18 31 12 15 20 23 4 7 30 32 22 2 17 14 3 16 13 6 9 8 26 10 24 11 28 25 5 27 29 19 21
175 1 18 31 12 15 20 23 4 7 30 32 22 2 17 14 3 16 13 6 9 8 26 10 24 11 28 25 5 27 29 19 21
176 1 18 31 12 15 20 23 4 7 30 32 22 2 17 14 3 16 13 6 9 8 26 10 24 11 28 25 5 27 29 19 21
177 1 18 31 12 15 20 23 4 7 30 32 22 2 17 14 3 16 13 6 9 8 26 10 24 11 28 25 5 27 29 19 21
178 1 18 31 12 15 20 23 4 7 30 32 22 2 17 14 3 16 13 6 9 8 26 10 24 11 28 25 5 27 29 19 21
179 1 18 31 12 15 20 23 4 7 30 32 22 2 17 14 3 16 13 6 9 8 26 10 24 11 28 25 5 27 29 19 21
180 1 18 31 12 15 20 23 4 7 30 32 22 2 17 14 3 16 13 6 9 8 26 10 24 11 28 25 5 27 29 19 21
181 1 18 31 12 15 20 23 4 7 30 32 22 2 17 14 3 16 13 6 9 8 26 10 24 11 28 25 5 27 29 19 21
182 1 18 31 12 15 20 23 4 7 30 32 22 2 17 14 3 16 13 6 9 8 26 10 24 11 28 25 5 27 29 19 21
183 1 18 31 12 15 20 23 4 7 30 32 22 2 17 14 3 16 13 6 9 8 26 10 24 11 28 25 5 27 29 19 21
184 1 18 31 12 15 20 23 4 7 30 32 22 2 17 14 3 16 13 6 9 8 26 10 24 11 28 25 5 27 29 19 21
185 1 18 31 12 15 20 23 4 7 30 32 22 2 17 14 3 16 13 6 9 8 26 10 24 11 28 25 5 27 29 19 21
186 1 18 31 12 15 20 23 4 7 30 32 22 2 17 14 3 16 13 6 9 8 26 10 24 11 28 25 5 27 29 19 21
187 1 18 31 12 15 20 23 4 7 30 32 22 2 17 14 3 16 13 6 9 8 26 10 24 11 28 25 5 27 29 19 21
188 1 18 31 12 15 20 23 4 7 30 32 22 2 17 14 3 16 13 6 9 8 26 10 24 11 28 25 5 27 29 19 21
189 1 18 31 12 15 20 23 4 7 30 32 22 2 17 14 3 16 13 6 9 8 26 10 24 11 28 25 5 27 29 19 21
190 1 18 31 12 15 20 23 4 7 30 32 22 2 17 14 3 16 13 6 9 8 26 10 24 11 28 25 5 27 29 19 21
191 1 18 31 12 15 20 23 4 7 30 32 22 2 17 14 3 16 13 6 9 8 26 10 24 11 28 25 5 27 29 19 21
192 1 18 31 12 15 20 23 4 7 30 32 22 2 17 14 3 16 13 6 9 8 26 10 24 11 28 25 5 27 29 19 21
193 1 18 31 12 15 20 23 4 7 30 32 22 2 17 14 3 16 13 6 9 8 26 10 24 11 28 25 5 27 29 19 21
194 1 18 31 12 15 20 23 4 7 30 32 22 2 17 14 3 16 13 6 9 8 26 10 24 11 28 25 5 27 29 19 21
195 1 18 31 12 15 20 23 4 7 30 32 22 2 17 14 3 16 13 6 9 8 26 10 24 11 28 25 5 27 29 19 21
196 1 18 31 12 15 20 23 4 7 30 32 22 2 17 14 3 16 13 6 9 8 26 10 24 11 28 25 5 27 29 19 21
197 1 18 31 12 15 20 23 4 7 30 32 22 2 17 14 3 16 13 6 9 8 26 10 24 11 28 25 5 27 29 19 21
198 1 18 31 12 15 20 23 4 7 30 32 22 2 17 14 3 16 13 6 9 8 26 10 24 11 28 25 5 27 29 19 21
199 1 18 31 12 15 20 23 4 7 30 32 22 2 17 14 3 16 13 6 9 8 26 10 24 11 28 25 5 27 29 19 21
200 1 18 31 12 15 20 23 4 7 30 32 22 2 17 14 3 16 13 6 9 8 26 10 24 11 28 25 5 27 29 19 21
201 1 18 31 12 15 20 23 4 7 30 32 22 2 17 14 3 16 13 6 9 8 26 10 24 11 28 25 5 27 29 19 21
202 1 18 31 12 15 20 23 4 7 30 32 22 2 17 14 3 16 13 6 9 8 26 10 24 11 28 25 5 27 29 19 21
203 1 18 31 12 15 20 23 4 7 30 32 22 2 17 14 3 16 13 6 9 8 26 10 24 11 28 25 5 27 29 19 21
204 1 18 31 12 15 20 23 4 7 30 32 22 2 17 14 3 16 13 6 9 8 26 10 24 11 28 25 5 27 29 19 21
205 1 18 31 12 15 20 23 4 7 30 32 22 2 17 14 3 16 13 6 9 8 26 10 24 11 28 25 5 27 29 19 21
206 1 18 31 12 15 20 23 4 7 30 32 22 2 17 14 3 16 13 6 9 8 26 10 24 11 28 25 5 27 29 19 21
207 1 18 31 12 15 20 23 4 7 30 32 22 2 17 14 3 16 13 6 9 8 26 10 24 11 28 25 5 27 29 19 21
208 1 18 31 12 15 20 23 4 7 30 32 22 2 21 14 3 16 13 6 9 8 26 10 24 11 28 25 5 27 29 19 17
209 1 18 31 12 15 20 23 4 7 30 32 22 2 21 14 3 16 13 6 9 8 26 10 24 11 28 25 5 27 29 19 17
210 1 18 31 12 15 20 23 4 7 30 32 22 2 21 14 3 16 13 6 9 8 26 10 24 11 28 25 5 27 29 19 17
211 1 18 31 12 15 20 23 4 7 30 32 22 2 21 14 3 16 13 6 9 8 26 10 24 11 28 25 5 27 29 19 17
212 1 18 31 12 15 20 23 4 7 30 32 22 2 21 14 3 16 13 6 9 8 26 10 24 11 28 25 5 27 29 19 17
213 1 18 31 12 15 20 23 4 7 30 32 22 2 21 14 3 16 13 6 9 8 26 10 24 11 28 25 5 27 29 19 17
214 1 18 31 12 15 20 23 4 7 30 32 22 2 21 14 3 16 13 6 9 8 26 10 24 11 28 25 5 27 29 19 17
215 1 18 31 12 15 20 23 4 7 30 32 22 2 21 14 3 16 13 6 9 8 26 10 24 11 28 25 5 27 29 19 17
216 1 18 31 12 15 20 23 4 7 30 32 22 2 21 14 3 16 13 6 9 8 26 10 24 11 28 25 5 27 29 19 17
217 1 18 31 12 15 20 23 4 7 30 32 22 2 21 14 3 16 13 6 9 8 26 10 24 11 28 25 5 27 29 19 17
218 1 18 31 12 15 20 23 4 7 30 32 22 2 21 14 3 16 13 6 9 8 26 10 24 11 28 25 5 27 29 19 17
219 1 18 31 12 15 20 23 4 7 30 32 22 2 21 14 3 16 13 6 9 8 26 10 24 11 28 25 5 27 29 19 17
220 1 18 31 12 15 20 23 4 7 30 32 22 2 21 14 3 16 13 6 9 8 26 10 24 11 28 25 5 27 29 19 17
221 1 18 31 12 15 20 23 4 7 30 32 22 2 21 14 3 16 13 6 9 8 26 10 24 11 28 25 5 27 29 19 17
222 1 18 31 12 15 20 23 4 7 30 32 22 2 21 14 3 16 13 6 9 8 26 10 24 11 28 25 5 27 29 19 17
223 1 18 31 12 15 20 23 4 7 30 32 22 2 21 14 3 16 13 6 9 8 26 10 24 11 28 25 5 27 29 19 17
224 1 18 31 12 15 20 23 4 7 30 32 22 2 21 14 3 16 13 6 9 8 26 10 24 11 28 25 5 27 29 19 17
225 1 18 31 12 15 20 23 4 7 30 32 22 2 21 14 3 16 13 6 9 8 26 10 24 11 28 25 5 27 29 19 17
226 1 18 31 12 15 20 23 4 7 30 32 22 2 21 14 3 16 13 6 9 8 26 10 24 11 28 25 5 27 29 19 17
227 1 18 31 12 15 20 23 4 7 30 32 22 2 21 14 3 16 13 6 9 8 26 10 24 11 28 25 5 27 29 19 17
228 1 18 31 12 15 20 23 4 7 30 32 22 2 21 14 3 16 13 6 9 8 26 10 24 11 28 25 5 27 29 19 17
229 1 18 31 12 15 20 23 4 7 30 32 22 2 21 14 3 16 13 6 9 8 26 10 24 11 28 25 5 27 29 19 17
230 1 18 31 12 15 20 23 4 7 30 32 22 2 21 14 3 16 13 6 9 8 26 10 24 11 28 25 5 27 29 19 17
231 1 18 31 12 15 20 23 4 7 30 32 22 2 21 14 3 16 13 6 9 8 26 10 24 11 28 25 5 27 29 19 17
232 1 18 31 12 15 20 23 4 7 30 32 22 2 21 14 3 16 13 6 9 8 26 10 24 11 28 25 5 27 29 19 17
233 1 18 31 12 15 20 23 4 7 30 32 22 2 21 14 3 16 13 6 9 8 26 10 24 11 28 25 5 27 29 19 17
234 1 18 31 12 15 20 23 4 7 30 32 22 2 21 14 3 16 13 6 9 8 26 10 24 11 28 25 5 27 29 19 17
235 1 18 31 12 15 20 23 4 7 30 32 22 2 21 14 3 16 13 6 9 8 26 10 24 11 28 25 5 27 29 19 17
236 1 18 31 12 15 20 23 4 7 30 32 22 2 21 14 3 16 13 6 9 8 26 10 24 11 28 25 5 27 29 19 17
237 1 18 31 12 15 20 23 4 7 30 32 22 2 21 14 3 16 13 6 9 8 26 10 24 11 28 25 5 27 29 19 17
238 1 18 31 12 15 20 23 4 7 30 32 22 2 21 17 3 16 13 6 9 8 26 10 24 11 28 25 5 27 29 19 14
239 1 18 31 12 15 20 23 4 7 30 32 22 2 21 17 3 16 13 6 9 8 26 10 24 11 28 25 5 27 29 19 14
240 1 18 31 12 15 20 23 4 7 30 32 22 2 21 17 3 16 13 6 9 8 26 10 24 11 28 25 5 27 29 19 14
241 1 18 31 12 15 20 23 4 7 30 32 22 2 21 17 3 16 13 6 9 8 26 10 24 11 28 25 5 27 29 19 14
242 1 18 31 12 15 20 23 4 7 30 32 22 2 21 17 3 16 13 6 9 8 26 10 24 11 28 25 5 27 29 19 14
243 1 18 31 12 15 20 23 4 7 30 32 22 2 21 17 19 29 27 5 25 28 11 24 10 26 8 9 6 13 16 3 14
244 1 18 31 12 15 20 23 4 7 30 32 22 2 21 17 19 29 27 5 25 28 11 24 10 26 8 9 6 13 16 3 14
245 1 18 31 12 15 20 23 4 7 30 32 22 2 21 17 19 29 27 5 25 28 11 24 10 26 8 9 6 13 16 3 14
246 1 18 31 12 15 20 23 4 7 30 32 22 2 21 17 19 29 27 5 25 28 11 24 10 26 8 9 6 13 16 3 14
247 1 18 31 12 15 20 23 4 7 30 32 22 2 21 17 19 29 27 5 25 28 11 24 10 26 8 9 6 13 16 3 14
248 1 18 31 12 15 20 23 4 7 30 32 22 2 21 17 19 29 27 5 25 28 11 24 10 26 8 9 6 13 16 3 14
249 1 18 31 12 15 20 23 4 7 30 32 22 2 21 17 19 29 27 5 25 28 11 24 10 26 8 9 6 13 16 3 14
250 1 18 31 12 15 20 23 4 7 30 32 22 2 21 17 19 29 27 5 25 28 11 24 10 26 8 9 6 13 16 3 14
251 1 18 31 12 15 20 23 4 7 30 32 22 2 21 17 19 29 27 5 25 28 11 24 10 26 8 9 6 13 16 3 14
252 1 18 31 12 15 20 23 4 7 30 32 22 2 21 17 19 29 27 5 25 28 11 24 10 26 8 9 6 13 16 3 14
253 1 18 31 12 15 20 23 4 7 30 32 22 2 21 17 19 29 27 5 25 28 11 24 10 26 8 9 6 13 16 3 14
254 1 18 31 12 15 20 23 4 7 30 32 22 2 21 17 19 29 27 5 25 28 11 24 10 26 8 9 6 13 16 3 14
255 1 18 31 12 15 20 23 4 7 30 32 22 2 21 17 19 29 27 5 25 28 11 24 10 26 8 9 6 13 16 3 14
256 1 18 31 12 15 20 23 4 7 30 32 22 2 21 17 19 29 27 5 25 28 11 24 10 26 8 9 6 13 16 3 14
257 1 18 31 12 15 20 23 4 7 30 32 22 2 21 17 19 29 27 5 25 28 11 24 10 26 8 9 6 13 16 3 14
258 1 18 31 12 15 20 23 4 7 30 32 22 2 21 17 19 29 27 5 25 28 11 24 10 26 8 9 6 13 16 3 14
259 1 18 31 12 15 20 23 4 7 30 32 22 2 21 17 19 29 27 5 25 28 11 24 10 26 8 9 6 13 16 3 14
260 1 18 31 12 15 20 23 4 7 30 32 22 2 21 17 19 29 27 5 25 28 11 24 10 26 8 9 6 13 16 3 14
261 1 18 31 12 15 20 23 4 7 30 32 22 2 21 17 19 29 27 5 25 28 11 24 10 26 8 9 6 13 16 3 14
262 1 18 31 12 15 20 23 4 7 30 32 22 2 21 17 19 29 27 5 25 28 11 24 10 26 8 9 6 13 16 3 14
263 1 18 31 12 15 20 23 4 7 30 32 22 2 21 17 19 29 27 5 25 28 11 24 10 26 8 9 6 13 16 3 14
264 1 18 31 12 15 20 23 4 7 30 32 22 2 21 17 19 29 27 5 25 28 11 24 10 26 8 9 6 13 16 3 14
265 1 18 31 12 15 20 23 4 7 30 32 22 2 21 17 19 29 27 5 25 28 11 24 10 26 8 9 6 13 16 3 14
266 1 18 31 12 15 20 23 4 7 30 32 22 2 21 17 19 29 27 5 25 28 11 24 10 26 8 9 6 13 16 3 14
267 1 18 31 12 15 20 23 4 7 30 32 22 2 21 17 19 29 27 5 25 28 11 24 10 26 8 9 6 13 16 3 14
268 1 18 31 12 15 20 23 4 7 30 32 22 2 21 17 19 29 27 5 25 28 11 24 10 26 8 9 6 13 16 3 14
269 1 18 31 12 15 20 23 4 7 30 32 22 2 21 17 19 29 27 5 25 28 11 24 10 26 8 9 6 13 16 3 14
270 1 18 31 12 15 20 23 4 7 30 32 22 2 21 17 19 29 27 5 25 28 11 24 10 26 8 9 6 13 16 3 14
271 1 18 31 12 15 20 23 4 7 30 32 22 2 21 17 19 29 27 5 25 28 11 24 10 26 8 9 6 13 16 3 14
272 1 18 31 12 15 20 23 4 7 30 32 22 2 21 17 19 29 27 5 25 28 11 24 10 26 8 9 6 13 16 3 14
273 1 18 31 12 15 20 23 4 7 30 32 22 2 21 17 19 29 27 5 25 28 11 24 10 26 8 9 6 13 16 3 14
274 1 18 31 12 15 20 23 4 7 30 32 22 2 21 17 19 29 27 5 25 28 11 24 10 26 8 9 6 13 16 3 14
275 1 18 31 12 15 20 23 4 7 30 32 22 2 21 17 19 29 27 5 25 28 11 24 10 26 8 9 6 13 16 3 14
276 1 18 31 12 15 20 23 4 7 30 32 22 2 21 17 19 29 27 5 25 28 11 24 10 26 8 9 6 13 16 3 14
277 1 18 31 12 15 20 23 4 7 30 32 22 2 21 17 19 29 27 5 25 28 11 24 10 26 8 9 6 13 16 3 14
278 1 18 31 12 15 20 23 4 7 30 32 22 2 21 17 19 29 27 5 25 28 11 24 10 26 8 9 6 13 16 3 14
279 1 18 31 12 15 20 23 4 7 30 32 22 2 21 17 19 29 27 5 25 28 11 24 10 26 8 9 6 13 16 3 14
280 1 18 31 12 15 20 23 4 7 30 32 22 2 21 17 19 29 27 5 25 28 11 24 10 26 8 9 6 13 16 3 14
281 1 18 31 12 15 20 23 4 7 30 32 22 2 21 17 19 29 27 5 25 28 11 24 10 26 8 9 6 13 16 3 14
282 1 18 31 12 15 20 23 4 7 30 32 22 2 21 17 19 29 27 5 25 28 11 24 10 26 8 9 6 13 16 3 14
283 1 18 31 12 15 20 23 4 7 30 32 22 2 21 17 19 29 27 5 25 28 11 24 10 26 8 9 6 13 16 3 14
284 1 18 31 12 15 20 23 4 7 30 32 22 2 21 17 19 29 27 5 25 28 11 24 10 26 8 9 6 13 16 3 14
285 1 18 31 12 15 20 23 4 7 30 32 22 2 21 17 19 29 27 5 25 28 11 24 10 26 8 9 6 13 16 3 14
286 1 18 31 12 15 20 23 4 7 30 32 22 2 21 17 19 29 27 5 25 28 11 24 10 26 8 9 6 13 16 3 14
287 1 18 31 12 15 20 23 4 7 30 32 22 2 21 17 19 29 27 5 25 28 11 24 10 26 8 9 6 13 16 3 14
288 1 18 31 12 15 20 23 4 7 30 32 22 2 21 17 19 29 27 5 25 28 11 24 10 26 8 9 6 13 16 3 14
289 1 18 31 12 15 20 23 4 7 30 32 22 2 21 17 19 29 27 5 25 28 11 24 10 26 8 9 6 13 16 3 14
290 1 18 31 12 15 20 23 4 7 30 32 22 2 21 17 19 29 27 5 25 28 11 24 10 26 8 9 6 13 16 3 14
291 1 18 31 12 15 20 23 4 7 30 32 22 2 21 17 19 29 27 5 25 28 11 24 10 26 8 9 6 13 16 3 14
292 1 18 31 12 15 20 23 4 7 30 32 22 2 21 17 19 29 27 5 25 28 11 24 10 26 8 9 6 13 16 3 14
293 1 18 31 12 15 20 23 4 7 30 32 22 2 21 17 19 29 27 5 25 28 11 24 10 26 8 9 6 13 16 3 14
294 1 18 31 12 15 20 23 4 7 30 32 22 2 21 17 19 29 27 5 25 28 11 24 10 26 8 9 6 13 16 3 14
295 1 18 31 12 15 20 23 4 7 30 32 22 2 21 17 19 29 27 5 25 28 11 24 10 26 8 9 6 13 16 3 14
296 1 18 31 12 15 20 23 4 7 30 32 22 2 21 17 19 29 27 5 25 28 11 24 10 26 8 9 6 13 16 3 14
297 1 18 31 12 15 20 23 4 7 30 32 22 2 21 17 19 29 27 5 25 28 11 24 10 26 8 9 6 13 16 3 14
298 1 18 31 12 15 20 23 4 7 30 32 22 2 21 17 19 29 27 5 25 28 11 24 10 26 8 9 6 13 16 3 14
299 1 18 31 12 15 20 23 4 7 30 32 22 2 21 17 19 29 27 5 25 28 11 24 10 26 8 9 6 13 16 3 14
300 1 18 31 12 15 20 23 4 7 30 32 22 2 21 17 19 29 27 5 25 28 11 24 10 26 8 9 6 13 16 3 14
301 1 18 31 12 15 20 23 4 7 30 32 22 2 21 17 19 29 27 5 25 28 11 24 10 26 8 9 6 13 16 3 14
302 1 18 31 12 15 20 23 4 7 30 32 22 2 21 17 19 29 27 5 25 28 11 24 10 26 8 9 6 13 16 3 14
303 1 18 31 12 15 20 23 4 7 30 32 22 2 21 17 19 29 27 5 25 28 11 24 10 26 8 9 6 13 16 3 14
304 1 18 31 12 15 20 23 4 7 30 32 22 2 21 17 19 29 27 5 25 28 11 24 10 26 8 9 6 13 16 3 14
305 1 18 31 12 15 20 23 4 7 30 32 22 2 21 17 19 29 27 5 25 28 11 24 10 26 8 9 6 13 16 3 14
306 1 18 31 12 15 20 23 4 7 30 32 22 2 21 17 19 29 27 5 25 28 11 24 10 26 8 9 6 13 16 3 14
307 1 18 31 12 15 20 23 4 7 30 32 22 2 21 17 19 29 27 5 25 28 11 24 10 26 8 9 6 13 16 3 14
308 1 18 31 12 15 20 23 4 7 30 32 22 2 21 17 19 29 27 5 25 28 11 24 10 26 8 9 6 13 16 3 14
309 1 18 31 12 15 20 23 4 7 30 32 22 2 21 17 19 29 27 5 25 28 11 24 10 26 8 9 6 13 16 3 14
310 1 18 31 12 15 20 23 4 7 30 32 22 2 21 17 19 29 27 5 25 28 11 24 10 26 8 9 6 13 16 3 14
311 1 18 31 12 15 20 23 4 7 30 32 22 2 21 17 19 29 27 5 25 28 11 24 10 26 8 9 6 13 16 3 14
312 1 18 31 12 15 20 23 4 7 30 32 22 2 21 17 19 29 27 5 25 28 11 24 10 26 8 9 6 13 16 3 14
313 1 18 31 12 15 20 23 4 7 30 32 22 2 21 17 19 29 27 5 25 28 11 24 10 26 8 9 6 13 16 3 14
314 1 18 31 12 15 20 23 4 7 30 32 22 2 21 17 19 29 27 5 25 28 11 24 10 26 8 9 6 13 16 3 14
315 1 18 31 12 15 20 23 4 7 30 32 22 2 21 17 19 29 27 5 25 28 11 24 10 26 8 9 6 13 16 3 14
316 1 18 31 12 15 20 23 4 7 30 32 22 2 21 17 19 29 27 5 25 28 11 24 10 26 8 9 6 13 16 3 14
317 1 18 31 12 15 20 23 4 7 30 32 22 2 21 17 19 29 27 5 25 28 11 24 10 26 8 9 6 13 16 3 14
318 1 18 31 12 15 20 23 4 7 30 32 22 2 21 17 19 29 27 5 25 28 11 24 10 26 8 9 6 13 16 3 14
319 1 18 31 12 15 20 23 4 7 30 32 22 2 21 17 19 29 27 5 25 28 11 24 10 26 8 9 6 13 16 3 14
320 1 18 31 12 15 20 23 4 7 30 32 22 2 21 17 19 29 27 5 25 28 11 24 10 26 8 9 6 13 16 3 14
321 1 18 31 12 15 20 23 4 7 30 32 22 2 21 17 19 29 27 5 25 28 11 24 10 26 8 9 6 13 16 3 14
322 1 18 31 12 15 20 23 4 7 30 32 22 2 21 17 19 29 27 5 25 28 11 24 10 26 8 9 6 13 16 3 14
323 1 18 31 12 15 20 23 4 7 30 32 22 2 21 17 19 29 27 5 25 28 11 24 10 26 8 9 6 13 16 3 14
324 1 18 31 12 15 20 23 4 7 30 32 22 2 21 17 19 29 27 5 25 28 11 24 10 26 8 9 6 13 16 3 14
325 1 18 31 12 15 20 23 4 7 30 32 22 2 21 17 19 29 27 5 25 28 11 24 10 26 8 9 6 13 16 3 14
326 1 18 31 12 15 20 23 4 7 30 32 22 2 21 17 19 29 27 5 25 28 11 24 10 26 8 9 6 13 16 3 14
327 1 18 31 12 15 20 23 4 7 30 32 22 2 21 17 19 29 27 5 25 28 11 24 10 26 8 9 6 13 16 3 14
328 1 18 31 12 15 20 23 4 7 30 32 22 2 21 17 19 29 27 5 25 28 11 24 10 26 8 9 6 13 16 3 14
329 1 18 31 12 15 20 23 4 7 30 32 22 2 21 17 19 29 27 5 25 28 11 24 10 26 8 9 6 13 16 3 14
330 1 18 31 12 15 20 23 4 7 30 32 22 2 21 17 19 29 27 5 25 28 11 24 10 26 8 9 6 13 16 3 14
331 1 18 31 12 15 20 23 4 7 30 32 22 2 21 17 19 29 27 5 25 28 11 24 10 26 8 9 6 13 16 3 14
332 1 18 31 12 15 20 23 4 7 30 32 22 2 21 17 19 29 27 5 25 28 11 24 10 26 8 9 6 13 16 3 14
333 1 18 31 12 15 20 23 4 7 30 32 22 2 21 17 19 29 27 5 25 28 11 24 10 26 8 9 6 13 16 3 14
334 1 18 31 12 15 20 23 4 7 30 32 22 2 21 17 19 29 27 5 25 28 11 24 10 26 8 9 6 13 16 3 14
335 1 18 31 12 15 20 23 4 7 30 32 22 2 21 17 19 29 27 5 25 28 11 24 10 26 8 9 6 13 16 3 14
336 1 18 31 12 15 20 23 4 7 30 32 22 2 21 17 19 29 27 5 25 28 11 24 10 26 8 9 6 13 16 3 14
337 1 18 31 12 15 20 23 4 7 30 32 22 2 21 17 19 29 27 5 25 28 11 24 10 26 8 9 6 13 16 3 14
338 1 18 31 12 15 20 23 4 7 30 32 22 2 21 17 19 29 27 5 25 28 11 24 10 26 8 9 6 13 16 3 14
339 1 18 31 12 15 20 23 4 7 30 32 22 2 21 17 19 29 27 5 25 28 11 24 10 26 8 9 6 13 16 3 14
340 1 18 31 12 15 20 23 4 7 30 32 22 2 21 17 19 29 27 5 25 28 11 24 10 26 8 9 6 13 16 3 14
341 1 18 31 12 15 20 23 4 7 30 32 22 2 21 17 19 29 27 5 25 28 11 24 10 26 8 9 6 13 16 3 14
342 1 18 31 12 15 20 23 4 7 30 32 22 2 21 17 19 29 27 5 25 28 11 24 10 26 8 9 6 13 16 3 14
343 1 18 31 12 15 20 23 4 7 30 32 22 2 21 17 19 29 27 5 25 28 11 24 10 26 8 9 6 13 16 3 14
344 1 18 31 12 15 20 23 4 7 30 32 22 2 21 17 19 29 27 5 25 9 8 26 10 24 11 28 6 13 16 3 14
345 1 18 31 12 15 20 23 4 7 30 32 22 2 21 17 19 29 27 5 25 9 8 26 10 24 11 28 6 13 16 3 14
346 1 18 31 12 15 20 23 4 7 30 32 22 2 21 17 19 29 27 5 25 9 8 26 10 24 11 28 6 13 16 3 14
347 1 18 31 12 15 20 23 4 7 30 32 22 2 21 17 19 29 27 5 25 9 8 26 10 24 11 28 6 13 16 3 14
348 1 18 31 12 15 20 23 4 7 30 32 22 2 21 17 19 29 27 5 25 9 8 26 10 24 11 28 6 13 16 3 14
349 1 18 31 12 15 20 23 4 7 30 32 22 2 21 17 19 29 27 5 25 9 8 26 10 24 11 28 6 13 16 3 14
350 1 18 31 12 15 20 23 4 7 30 32 22 2 21 17 19 29 27 5 25 9 8 26 10 24 11 28 6 13 16 3 14
351 1 18 31 12 15 20 23 4 7 30 32 22 2 21 17 19 29 27 5 25 9 8 26 10 24 11 28 6 13 16 3 14
352 1 18 31 12 15 20 23 4 7 30 32 22 2 21 17 19 29 27 5 25 9 8 26 10 24 11 28 6 13 16 3 14
353 1 18 31 12 15 20 23 4 7 30 32 22 2 21 17 19 29 27 5 25 9 8 26 10 24 11 28 6 13 16 3 14
354 1 18 31 12 15 20 23 4 7 30 32 22 2 21 17 19 29 27 5 25 9 8 26 10 24 11 28 6 13 16 3 14
355 1 18 31 12 15 20 23 4 7 30 32 22 2 21 17 19 29 27 5 25 9 8 26 10 24 11 28 6 13 16 3 14
356 1 18 31 12 15 20 23 4 7 30 32 22 2 21 17 19 29 27 5 25 9 8 26 10 24 11 28 6 13 16 3 14
357 1 18 31 12 15 20 23 4 7 30 32 22 2 21 17 19 29 27 5 25 9 8 26 10 24 11 28 6 13 16 3 14
358 1 18 31 12 15 20 23 4 7 30 32 22 2 21 17 19 29 27 5 25 9 8 26 10 24 11 28 6 13 16 3 14
359 1 18 31 12 15 20 23 4 7 30 32 22 2 21 17 19 29 27 5 25 9 8 26 10 24 11 28 6 13 16 3 14
360 1 18 31 12 15 20 23 4 7 30 32 22 2 21 17 19 29 27 5 25 6 28 11 24 10 26 8 9 13 16 3 14
361 1 18 31 12 15 20 23 4 7 30 32 22 2 21 17 19 29 27 5 25 6 28 11 24 10 26 8 9 13 16 3 14
362 1 18 31 12 15 20 23 4 7 30 32 22 2 21 17 19 29 27 5 25 6 28 11 24 10 26 8 9 13 16 3 14
363 1 18 31 12 15 20 23 4 7 30 32 22 2 21 17 19 29 27 5 25 6 28 11 24 10 26 8 9 13 16 3 14
364 1 18 31 12 15 20 23 4 7 30 32 22 2 21 17 19 29 27 5 25 6 28 11 24 10 26 8 9 13 16 3 14
365 1 18 31 12 15 20 23 4 7 30 32 22 2 21 17 19 29 27 5 25 6 28 11 24 10 26 8 9 13 16 3 14
366 1 18 31 12 15 20 23 4 7 30 32 22 2 21 17 19 29 27 5 25 6 28 11 24 10 26 8 9 13 16 3 14
367 1 18 31 12 15 20 23 4 7 30 32 22 2 21 17 19 29 27 5 25 6 28 11 24 10 26 8 9 13 16 3 14
368 1 18 31 12 15 20 23 4 7 30 32 22 2 21 17 19 29 27 5 25 6 28 11 24 10 26 8 9 13 16 3 14
369 1 18 31 12 15 20 23 4 7 30 32 22 2 21 17 19 29 27 5 25 6 28 11 24 10 26 8 9 13 16 3 14
370 1 18 31 12 15 20 23 4 7 30 32 22 2 21 17 19 29 27 5 25 6 28 11 24 10 26 8 9 13 16 3 14
371 1 18 31 12 15 20 23 4 7 30 32 22 2 21 17 19 29 27 5 25 6 28 11 24 10 26 8 9 13 16 3 14
372 1 18 31 12 15 20 23 4 7 30 32 22 2 21 17 19 29 27 5 25 6 28 11 24 10 26 8 9 13 16 3 14
373 1 18 31 12 15 20 23 4 7 30 32 22 2 21 17 19 29 27 5 25 6 28 11 24 10 26 8 9 13 16 3 14
374 1 18 31 12 15 20 23 4 7 30 32 22 2 21 17 19 29 27 5 25 6 28 11 24 10 26 8 9 13 16 3 14
375 1 18 31 12 15 20 23 4 7 30 32 22 2 21 17 19 29 27 5 25 6 28 11 24 10 26 8 9 13 16 3 14
376 1 18 31 12 15 20 23 4 7 30 32 22 2 21 17 19 29 27 5 25 6 28 11 24 10 26 8 9 13 16 3 14
377 1 18 31 12 15 20 23 4 7 30 32 22 2 21 17 19 29 27 5 25 6 28 11 24 10 26 8 9 13 16 3 14
378 1 18 31 12 15 20 23 4 7 30 32 22 2 21 17 19 29 27 5 25 6 28 11 24 10 26 8 9 16 13 3 14
379 1 18 31 12 15 20 23 4 7 30 32 22 2 21 17 19 29 27 5 25 6 28 11 24 10 26 8 9 16 13 3 14
380 1 18 31 12 15 20 23 4 7 30 32 22 2 21 17 19 29 27 5 25 6 28 11 24 10 26 8 9 16 13 3 14
381 1 18 31 12 15 20 23 4 7 30 32 22 2 21 17 19 29 27 5 25 6 28 11 24 10 26 8 9 16 13 3 14
382 1 18 31 12 15 20 23 4 7 30 32 22 2 21 17 19 29 27 5 25 6 28 11 24 10 26 8 9 16 13 3 14
383 1 18 31 12 15 20 23 4 7 30 32 22 2 21 17 19 29 27 5 25 6 28 11 24 10 26 8 9 16 13 3 14
384 1 18 31 12 15 20 23 4 7 30 32 22 2 21 17 19 29 27 5 25 6 28 11 24 10 26 8 9 16 13 3 14
385 1 18 31 12 15 20 23 4 7 30 32 22 2 21 17 19 29 27 5 25 6 28 11 24 10 26 8 9 16 13 3 14
386 1 18 31 12 15 20 23 4 7 30 32 22 2 21 17 19 29 27 5 25 6 28 11 24 10 26 8 9 16 13 3 14
387 1 18 31 12 15 20 23 4 7 30 32 22 2 21 17 19 29 27 5 25 6 28 11 24 10 26 8 9 16 13 3 14
388 1 18 31 12 15 20 23 4 7 30 32 22 2 21 17 19 29 27 5 25 6 28 11 24 10 26 8 9 16 13 3 14
389 1 18 31 12 15 20 23 4 7 30 32 22 2 21 17 19 29 27 5 25 6 28 11 24 10 26 8 9 16 13 3 14
390 1 18 31 12 15 20 23 4 7 30 32 22 2 21 17 19 29 27 5 25 6 28 11 24 10 26 8 9 16 13 3 14
391 1 18 31 12 15 20 23 4 7 30 32 22 2 21 17 19 29 27 5 25 6 28 11 24 10 26 8 9 16 13 3 14
392 1 18 31 12 15 20 23 4 7 30 32 22 2 21 17 19 29 27 5 25 6 28 11 24 10 26 8 9 16 13 3 14
393 1 18 31 12 15 20 23 4 7 30 32 22 2 21 17 19 29 27 5 25 6 28 11 24 10 26 8 9 16 13 3 14
394 1 18 31 12 15 20 23 4 7 30 32 22 2 21 17 19 29 27 5 25 6 28 11 24 10 26 8 9 16 13 3 14
395 1 18 31 12 15 20 23 4 7 30 32 22 2 21 17 19 29 27 5 25 6 28 11 24 10 26 8 9 16 13 3 14
396 1 18 31 12 15 20 23 4 7 30 32 22 2 21 17 19 29 27 5 25 6 28 11 24 10 26 8 9 16 13 3 14
397 1 18 31 12 15 20 23 4 7 30 32 22 2 21 17 19 29 27 5 25 6 28 11 24 10 26 8 9 16 13 3 14
398 1 18 31 12 15 20 23 4 7 30 32 22 2 21 17 19 29 27 5 25 6 28 11 24 10 26 8 9 16 13 3 14
399 1 18 31 12 15 20 23 4 7 30 32 22 2 21 17 19 29 27 5 25 6 28 11 24 10 26 8 9 16 13 3 14
400 1 18 31 12 15 20 23 4 7 30 32 22 2 21 17 19 29 27 5 25 6 28 11 24 10 26 8 9 16 13 3 14
401 1 18 31 12 15 20 23 4 7 30 32 22 2 21 17 19 29 27 5 25 6 28 11 24 10 26 8 9 16 13 3 14
402 1 18 31 12 15 20 23 4 7 30 32 22 2 21 17 19 29 27 5 25 6 28 11 24 10 26 8 9 16 13 3 14
403 1 18 31 12 15 20 23 4 7 30 32 22 2 21 17 19 29 27 5 25 6 28 11 24 10 26 8 9 16 13 3 14
404 1 18 31 12 15 20 23 4 7 30 32 22 2 21 17 19 29 27 5 25 6 28 11 24 10 26 8 9 16 13 3 14
405 1 18 31 12 15 20 23 4 7 30 32 22 2 21 17 19 29 27 5 25 6 28 11 24 10 26 8 9 16 13 3 14
406 1 18 31 12 15 20 23 4 7 30 32 22 2 21 17 19 29 27 5 25 6 28 11 24 10 26 8 9 16 13 3 14
407 1 18 31 12 15 20 23 4 7 30 32 22 2 21 17 19 29 27 5 25 6 28 11 24 10 26 8 9 16 13 3 14
408 1 18 31 12 15 20 23 4 7 30 32 22 2 21 17 19 29 27 5 25 6 28 11 24 10 26 8 9 16 13 3 14
409 1 18 31 12 15 20 23 4 7 30 32 22 2 21 17 19 29 27 5 25 6 28 11 24 10 26 8 9 16 13 3 14
410 1 18 31 12 15 20 23 4 7 30 32 22 2 21 17 19 29 27 5 25 6 28 11 24 10 26 8 9 16 13 3 14
411 1 18 31 12 15 20 23 4 7 30 32 22 2 21 17 19 29 27 5 25 6 28 11 24 10 26 8 9 16 13 3 14
412 1 18 31 12 15 20 23 4 7 30 32 22 2 21 17 19 29 27 5 25 6 28 11 24 10 26 8 9 16 13 3 14
413 1 18 31 12 15 20 23 4 7 30 32 22 2 21 17 19 29 27 5 25 6 28 11 24 10 26 8 9 16 13 3 14
414 1 18 31 12 15 20 23 4 7 30 32 22 2 21 17 19 29 27 5 25 6 28 11 24 10 26 8 9 16 13 3 14
415 1 18 31 12 15 20 23 4 7 30 32 22 2 21 17 19 29 27 5 25 6 28 11 24 10 26 8 9 16 13 3 14
416 1 18 31 12 15 20 23 4 7 30 32 22 2 21 17 19 29 27 5 25 6 28 11 24 10 26 8 9 16 13 3 14
417 1 18 31 12 15 20 23 4 7 30 32 22 2 21 17 19 29 27 5 25 6 28 11 24 10 26 8 9 16 13 3 14
418 1 18 31 12 15 20 23 4 7 30 32 22 2 21 17 19 29 27 5 25 6 28 11 24 10 26 8 9 16 13 3 14
419 1 18 31 12 15 20 23 4 7 30 32 22 2 21 17 19 29 27 5 25 6 28 11 24 10 26 8 9 16 13 3 14
420 1 18 31 12 15 20 23 4 7 30 32 22 2 21 17 19 29 27 5 25 6 28 11 24 10 26 8 9 16 13 3 14
421 1 18 31 12 15 20 23 4 7 30 32 22 2 21 17 19 29 27 5 25 6 28 11 24 10 26 8 9 16 13 3 14
422 1 18 31 12 15 20 23 4 7 30 32 22 2 21 17 19 29 27 5 25 6 28 11 24 10 26 8 9 16 13 3 14
423 1 18 31 12 15 20 23 4 7 30 32 22 2 21 17 19 29 27 5 25 6 28 11 24 10 26 8 9 16 13 3 14
424 1 18 31 12 15 20 23 4 7 30 32 22 2 21 17 19 29 27 5 25 6 28 11 24 10 26 8 9 16 13 3 14
425 1 18 31 12 15 20 23 4 7 30 32 22 2 21 17 19 29 27 5 25 6 28 11 24 10 26 8 9 16 13 3 14
426 1 18 31 12 15 20 23 4 7 30 32 22 2 21 17 19 29 27 5 25 6 28 11 24 10 26 8 9 16 13 3 14
427 1 18 31 12 15 20 23 4 7 30 32 22 2 21 17 19 29 27 5 25 6 28 11 24 10 26 8 9 16 13 3 14
428 1 18 31 12 15 20 23 4 7 30 32 22 2 21 17 19 29 27 5 25 6 28 11 24 10 26 8 9 16 13 3 14
429 1 18 31 12 15 20 23 4 7 30 32 22 2 21 17 19 29 27 5 25 6 28 11 24 10 26 8 9 16 13 3 14
430 1 18 31 12 15 20 23 4 7 30 32 22 2 21 17 19 29 27 5 25 6 28 11 24 10 26 8 9 16 13 3 14
431 1 18 31 12 15 20 23 4 7 30 32 22 2 21 17 19 29 27 5 25 6 28 11 24 10 26 8 9 16 13 3 14
432 1 18 31 12 15 20 23 4 7 30 32 22 2 21 17 19 29 27 5 25 6 28 11 24 10 26 8 9 16 13 3 14
433 1 18 31 12 15 20 23 4 7 30 32 22 2 21 17 19 29 27 5 25 6 28 11 24 10 26 8 9 16 13 3 14
434 1 18 31 12 15 20 23 4 7 30 32 22 2 21 17 19 29 27 5 25 6 28 11 24 10 26 8 9 16 13 3 14
435 1 18 31 12 15 20 23 4 7 30 32 22 2 21 17 19 29 27 5 25 6 28 11 24 10 26 8 9 16 13 3 14
436 1 18 31 12 15 20 23 4 7 30 32 22 2 21 17 19 29 27 5 25 6 28 11 24 10 26 8 9 16 13 3 14
437 1 18 31 12 15 20 23 4 7 30 32 22 2 21 17 19 29 27 5 25 6 28 11 24 10 26 8 9 16 13 3 14
438 1 18 31 12 15 20 23 4 7 30 32 22 2 21 17 19 29 27 5 25 6 28 11 24 10 26 8 9 16 13 3 14
439 1 18 31 12 15 20 23 4 7 30 32 22 2 21 17 19 29 27 5 25 6 28 11 24 10 26 8 9 16 13 3 14
440 1 18 31 12 15 20 23 4 7 30 32 22 2 21 17 19 29 27 5 25 6 28 11 24 10 26 8 9 16 13 3 14
441 1 18 31 12 15 20 23 4 7 30 32 22 2 21 17 19 29 27 5 25 6 28 11 24 10 26 8 9 16 13 3 14
442 1 18 31 12 15 20 23 4 7 30 32 22 2 21 17 19 29 27 5 25 6 28 11 24 10 26 8 9 16 13 3 14
443 1 18 31 12 15 20 23 4 7 30 32 22 2 21 17 19 29 27 5 25 6 28 11 24 10 26 8 9 16 13 3 14
444 1 18 31 12 15 20 23 4 7 30 32 22 2 21 17 19 29 27 5 25 6 28 11 24 10 26 8 9 16 13 3 14
445 1 18 31 12 15 20 23 4 7 30 32 22 2 21 17 19 29 27 5 25 6 28 11 24 10 26 8 9 16 13 3 14
446 1 18 31 12 15 20 23 4 7 30 32 22 2 21 17 19 29 27 5 25 6 28 11 24 10 26 8 9 16 13 3 14
447 1 18 31 12 15 20 23 4 7 30 32 22 2 21 17 19 29 27 5 25 6 28 11 24 10 26 8 9 16 13 3 14
448 1 18 31 12 15 20 23 4 7 30 32 22 2 21 17 19 29 27 5 25 6 28 11 24 10 26 8 9 16 13 3 14
449 1 18 31 12 15 20 23 4 7 30 32 22 2 21 17 19 29 27 5 25 6 28 11 24 10 26 8 9 16 13 3 14
450 1 18 31 12 15 20 23 4 7 30 32 22 2 21 17 19 29 27 5 25 6 28 11 24 10 26 8 9 16 13 3 14
451 1 18 31 12 15 20 23 4 7 30 32 22 2 21 17 19 29 27 5 25 6 28 11 24 10 26 8 9 16 13 3 14
452 1 18 31 12 15 20 23 4 7 30 32 22 2 21 17 19 29 27 5 25 6 28 11 24 10 26 8 9 16 13 3 14
453 1 18 31 12 15 20 23 4 7 30 32 22 2 21 17 19 29 27 5 25 6 28 11 24 10 26 8 9 16 13 3 14
454 1 18 31 12 15 20 23 4 7 30 32 22 2 21 17 19 29 27 5 25 6 28 11 24 10 26 8 9 16 13 3 14
455 1 18 31 12 15 20 23 4 7 30 32 22 2 21 17 19 29 27 5 25 6 28 11 24 10 26 8 9 16 13 3 14
456 1 18 31 12 15 20 23 4 7 30 32 22 2 21 17 19 29 27 5 25 6 28 11 24 10 26 8 9 16 13 3 14
457 1 18 31 12 15 20 23 4 7 30 32 22 2 21 17 19 29 27 5 25 6 28 11 24 10 26 8 9 16 13 3 14
458 1 18 31 12 15 20 23 4 7 30 32 22 2 21 17 19 29 27 5 25 6 28 11 24 10 26 8 9 16 13 3 14
459 1 18 31 12 15 20 23 4 7 30 32 22 2 21 17 19 29 27 5 25 6 28 11 24 10 26 8 9 16 13 3 14
460 1 18 31 12 15 20 23 4 7 30 32 22 2 21 17 19 29 27 5 25 6 28 11 24 10 26 8 9 16 13 3 14
461 1 18 31 12 15 20 23 4 7 30 32 22 2 21 17 19 29 27 5 25 6 28 11 24 10 26 8 9 16 13 3 14
462 1 18 31 12 15 20 23 4 7 30 32 22 2 21 17 19 29 27 5 25 6 28 11 24 10 26 8 9 16 13 3 14
463 1 18 31 12 15 20 23 4 7 30 32 22 2 21 17 19 29 27 5 25 6 28 11 24 10 26 8 9 16 13 3 14
464 1 18 31 12 15 20 23 4 7 30 32 22 2 21 17 19 29 27 5 25 6 28 11 24 10 26 8 9 16 13 3 14
465 1 18 31 12 15 20 23 4 7 30 32 22 2 21 17 19 29 27 5 25 6 28 11 24 10 26 8 9 16 13 3 14
466 1 18 31 12 15 20 23 4 7 30 32 22 2 21 17 19 29 27 5 25 6 28 11 24 10 26 8 9 16 13 3 14
467 1 18 31 12 15 20 23 4 7 30 32 22 2 21 17 19 29 27 5 25 6 28 11 24 10 26 8 9 16 13 3 14
468 1 18 31 12 15 20 23 4 7 30 32 22 2 21 17 19 29 27 5 25 6 28 11 24 10 26 8 9 16 13 3 14
469 1 18 31 12 15 20 23 4 7 30 32 22 2 21 17 19 29 27 5 25 6 28 11 24 10 26 8 9 16 13 3 14
470 1 18 31 12 15 20 23 4 7 30 32 22 2 21 17 19 29 27 5 25 6 28 11 24 10 26 8 9 16 13 3 14
471 1 18 31 12 15 20 23 4 7 30 32 22 2 21 17 19 29 27 5 25 6 28 11 24 10 26 8 9 16 13 3 14
472 1 18 31 12 15 20 23 4 7 30 32 22 2 21 17 19 29 27 5 25 6 28 11 24 10 26 8 9 16 13 3 14
473 1 18 31 12 15 20 23 4 7 30 32 22 2 21 17 19 29 27 5 25 6 28 11 24 10 26 8 9 16 13 3 14
474 1 18 31 12 15 20 23 4 7 30 32 22 2 21 17 19 29 27 5 25 6 28 11 24 10 26 8 9 16 13 3 14
475 1 18 31 12 15 20 23 4 7 30 32 22 2 21 17 19 29 27 5 25 6 28 11 24 10 26 8 9 16 13 3 14
476 1 18 31 12 15 20 23 4 7 30 32 22 2 21 17 19 29 27 5 25 6 28 11 24 10 26 8 9 16 13 3 14
477 1 18 31 12 15 20 23 4 7 30 32 22 2 21 17 19 29 27 5 25 6 28 11 24 10 26 8 9 16 13 3 14
478 1 18 31 12 15 20 23 4 7 30 32 22 2 21 17 19 29 27 5 25 6 28 11 24 10 26 8 9 16 13 3 14
479 1 18 31 12 15 20 23 4 7 30 32 22 2 21 17 19 29 27 5 25 6 28 11 24 10 26 8 9 16 13 3 14
480 1 18 31 12 15 20 23 4 7 30 32 22 2 21 17 19 29 27 5 25 6 28 11 24 10 26 8 9 16 13 3 14
481 1 18 31 12 15 20 23 4 7 30 32 22 2 21 17 19 29 27 5 25 6 28 11 24 10 26 8 9 16 13 3 14
482 1 18 31 12 15 20 23 4 7 30 32 22 2 21 17 19 29 27 5 25 6 28 11 24 10 26 8 9 16 13 3 14
483 1 18 31 12 15 20 23 4 7 30 32 22 2 21 17 19 29 27 5 25 6 28 11 24 10 26 8 9 16 13 3 14
484 1 18 31 12 15 20 23 4 7 30 32 22 2 21 17 19 29 27 5 25 6 28 11 24 10 26 8 9 16 13 3 14
485 1 18 31 12 15 20 23 4 7 30 32 22 2 21 17 19 29 27 5 25 6 28 11 24 10 26 8 9 16 13 3 14
486 1 18 31 12 15 20 23 4 7 30 32 22 2 21 17 19 29 27 5 25 6 28 11 24 10 26 8 9 16 13 3 14
487 1 18 31 12 15 20 23 4 7 30 32 22 2 21 17 19 29 27 5 25 6 28 11 24 10 26 8 9 16 13 3 14
488 1 18 31 12 15 20 23 4 7 30 32 22 2 21 17 19 29 27 5 25 6 28 11 24 10 26 8 9 16 13 3 14
489 1 18 31 12 15 20 23 4 7 30 32 22 2 21 17 19 29 27 5 25 6 28 11 24 10 26 8 9 16 13 3 14
490 1 18 31 12 15 20 23 4 7 30 32 22 2 21 17 19 29 27 5 25 6 28 11 24 10 26 8 9 16 13 3 14
491 1 18 31 12 15 20 23 4 7 30 32 22 2 21 17 19 29 27 5 25 6 28 11 24 10 26 8 9 16 13 3 14
492 1 18 31 12 15 20 23 4 7 30 32 22 2 21 17 19 29 27 5 25 6 28 11 24 10 26 8 9 16 13 3 14
493 1 18 31 12 15 20 23 4 7 30 32 22 2 21 17 19 29 27 5 25 6 28 11 24 10 26 8 9 16 13 3 14
494 1 18 31 12 15 20 23 4 7 30 32 22 2 21 17 19 29 27 5 25 6 28 11 24 10 26 8 9 16 13 3 14
495 1 18 31 12 15 20 23 4 7 30 32 22 2 21 17 19 29 27 5 25 6 28 11 24 10 26 8 9 16 13 3 14
496 1 18 31 12 15 20 23 4 7 30 32 22 2 21 17 19 29 27 5 25 6 28 11 24 10 26 8 9 16 13 3 14
497 1 18 31 12 15 20 23 4 7 30 32 22 2 21 17 19 29 27 5 25 6 28 11 24 10 26 8 9 16 13 3 14
498 1 18 31 12 15 20 23 4 7 30 32 22 2 21 17 19 29 27 5 25 6 28 11 24 10 26 8 9 16 13 3 14
499 1 18 31 12 15 20 23 4 7 30 32 22 2 21 17 19 29 27 5 25 6 28 11 24 10 26 8 9 16 13 3 14
500 1 18 31 12 15 20 23 4 7 30 32 22 2 21 17 19 29 27 5 25 6 28 11 24 10 26 8 9 16 13 3 14
501 1 18 31 12 15 20 23 4 7 30 32 22 2 21 17 19 29 27 5 25 6 28 11 24 10 26 8 9 16 13 3 14
502 1 18 31 12 15 20 23 4 7 30 32 22 2 21 17 19 29 27 5 25 6 28 11 24 10 26 8 9 16 13 3 14
503 1 18 31 12 15 20 23 4 7 30 32 22 2 21 17 19 29 27 5 25 6 28 11 24 10 26 8 9 16 13 3 14
504 1 18 31 12 15 20 23 4 7 30 32 22 2 21 17 19 29 27 5 25 6 28 11 24 10 26 8 9 16 13 3 14
505 1 18 31 12 15 20 23 4 7 30 32 22 2 21 17 19 29 27 5 25 6 28 11 24 10 26 8 9 16 13 3 14
506 1 18 31 12 15 20 23 4 7 30 32 22 2 21 17 19 29 27 5 25 6 28 11 24 10 26 8 9 16 13 3 14
507 1 18 31 12 15 20 23 4 7 30 32 22 2 21 17 19 29 27 5 25 6 28 11 24 10 26 8 9 16 13 3 14
508 1 18 31 12 15 20 23 4 7 30 32 22 2 21 17 19 29 27 5 25 6 28 11 24 10 26 8 9 16 13 3 14
509 1 18 31 12 15 20 23 4 7 30 32 22 2 21 17 19 29 27 5 25 6 28 11 24 10 26 8 9 16 13 3 14
510 1 18 31 12 15 20 23 4 7 30 32 22 2 21 17 19 29 27 5 25 6 28 11 24 10 26 8 9 16 13 3 14
511 1 18 31 12 15 20 23 4 7 30 32 22 2 21 17 19 29 27 5 25 6 28 11 24 10 26 8 9 16 13 3 14
512 1 18 31 12 15 20 23 4 7 30 32 22 2 21 17 19 29 27 5 25 6 28 11 24 10 26 8 9 16 13 3 14
513 1 18 31 12 15 20 23 4 7 30 32 22 2 21 17 19 29 27 5 25 6 28 11 24 10 26 8 9 16 13 3 14
514 1 18 31 12 15 20 23 4 7 30 32 22 2 21 17 19 29 27 5 25 6 28 11 24 10 26 8 9 16 13 3 14
515 1 18 31 12 15 20 23 4 7 30 32 22 2 21 17 19 29 27 5 25 6 28 11 24 10 26 8 9 16 13 3 14
516 1 18 31 12 15 20 23 4 7 30 32 22 2 21 17 19 29 27 5 25 6 28 11 24 10 26 8 9 16 13 3 14
517 1 18 31 12 15 20 23 4 7 30 32 22 2 21 17 19 29 27 5 25 6 28 11 24 10 26 8 9 16 13 3 14
518 1 18 31 12 15 20 23 4 7 30 32 22 2 21 17 19 29 27 5 25 6 28 11 24 10 26 8 9 16 13 3 14
519 1 18 31 12 15 20 23 4 7 30 32 22 2 21 17 19 29 27 5 25 6 28 11 24 10 26 8 9 16 13 3 14
520 1 18 31 12 15 20 23 4 7 30 32 22 2 21 17 19 29 27 5 25 6 28 11 24 10 26 8 9 16 13 3 14
521 1 18 31 12 15 20 23 4 7 30 32 22 2 21 17 19 29 27 5 25 6 28 11 24 10 26 8 9 16 13 3 14
522 1 18 31 12 15 20 23 4 7 30 32 22 2 21 17 19 29 27 5 25 6 28 11 24 10 26 8 9 16 13 3 14
523 1 18 31 12 15 20 23 4 7 30 32 22 2 21 17 19 29 27 5 25 6 28 11 24 10 26 8 9 16 13 3 14
524 1 18 31 12 15 20 23 4 7 30 32 22 2 21 17 19 29 27 5 25 6 28 11 24 10 26 8 9 16 13 3 14
525 1 18 31 12 15 20 23 4 7 30 32 22 2 21 17 19 29 27 5 25 6 28 11 24 10 26 8 9 16 13 3 14
526 1 18 31 12 15 20 23 4 7 30 32 22 2 21 17 19 29 27 5 25 6 28 11 24 10 26 8 9 16 13 3 14
527 1 18 31 12 15 20 23 4 7 30 32 22 2 21 17 19 29 27 5 25 6 28 11 24 10 26 8 9 16 13 3 14
528 1 18 31 12 15 20 23 4 7 30 32 22 2 21 17 19 29 27 5 25 6 28 11 24 10 26 8 9 16 13 3 14
529 1 18 31 12 15 20 23 4 7 30 32 22 2 21 17 19 29 27 5 25 6 28 11 24 10 26 8 9 16 13 3 14
530 1 18 31 12 15 20 23 4 7 30 32 22 2 21 17 19 29 27 5 25 6 28 11 24 10 26 8 9 16 13 3 14
531 1 18 31 12 15 20 23 4 7 30 32 22 2 21 17 19 29 27 5 25 6 28 11 24 10 26 8 9 16 13 3 14
532 1 18 31 12 15 20 23 4 7 30 32 22 2 21 17 19 29 27 5 25 6 28 11 24 10 26 8 9 16 13 3 14
533 1 18 31 12 15 20 23 4 7 30 32 22 2 21 17 19 29 27 5 25 6 28 11 24 10 26 8 9 16 13 3 14
534 1 18 31 12 15 20 23 4 7 30 32 22 2 21 17 19 29 27 5 25 6 28 11 24 10 26 8 9 16 13 3 14
535 1 18 31 12 15 20 23 4 7 30 32 22 2 21 17 19 29 27 5 25 6 28 11 24 10 26 8 9 16 13 3 14
536 1 18 31 12 15 20 23 4 7 30 32 22 2 21 17 19 29 27 5 25 6 28 11 24 10 26 8 9 16 13 3 14
537 1 18 31 12 15 20 23 4 7 30 32 22 2 21 17 19 29 27 5 25 6 28 11 24 10 26 8 9 16 13 3 14
538 1 18 31 12 15 20 23 4 7 30 32 22 2 21 17 19 29 27 5 25 6 28 11 24 10 26 8 9 16 13 3 14
539 1 18 31 12 15 20 23 4 7 30 32 22 2 21 17 19 29 27 5 25 6 28 11 24 10 26 8 9 16 13 3 14
540 1 18 31 12 15 20 23 4 7 30 32 22 2 21 17 19 29 27 5 25 6 28 11 24 10 26 8 9 16 13 3 14
541 1 18 31 12 15 20 23 4 7 30 32 22 2 21 17 19 29 27 5 25 6 28 11 24 10 26 8 9 16 13 3 14
542 1 18 31 12 15 20 23 4 7 30 32 22 2 21 17 19 29 27 5 25 6 28 11 24 10 26 8 9 16 13 3 14
543 1 18 31 12 15 20 23 4 7 30 32 22 2 21 17 19 29 27 5 25 6 28 11 24 10 26 8 9 16 13 3 14
544 1 18 31 12 15 20 23 4 7 30 32 22 2 21 17 19 29 27 5 25 6 28 11 24 10 26 8 9 16 13 3 14
545 1 18 31 12 15 20 23 4 7 30 32 22 2 21 17 19 29 27 5 25 6 28 11 24 10 26 8 9 16 13 3 14
546 1 18 31 12 15 20 23 4 7 30 32 22 2 21 17 19 29 27 5 25 6 28 11 24 10 26 8 9 16 13 3 14
547 1 18 31 12 15 20 23 4 7 30 32 22 2 21 17 19 29 27 5 25 6 28 11 24 10 26 8 9 16 13 3 14
548 1 18 31 12 15 20 23 4 7 30 32 22 2 21 17 19 29 27 5 25 6 28 11 24 10 26 8 9 16 13 3 14
549 1 18 31 12 15 20 23 4 7 30 32 22 2 21 17 19 29 27 5 25 6 28 11 24 10 26 8 9 16 13 3 14
550 1 18 31 12 15 20 23 4 7 30 32 22 2 21 17 19 29 27 5 25 6 28 11 24 10 26 8 9 16 13 3 14
551 1 18 31 12 15 20 23 4 7 30 32 22 2 21 17 19 29 27 5 25 6 28 11 24 10 26 8 9 16 13 3 14
552 1 18 31 12 15 20 23 4 7 30 32 22 2 21 17 19 29 27 5 25 6 28 11 24 10 26 8 9 16 13 3 14
553 1 18 31 12 15 20 23 4 7 30 32 22 2 21 17 19 29 27 5 25 6 28 11 24 10 26 8 9 16 13 3 14
554 1 18 31 12 15 20 23 4 7 30 32 22 2 21 17 19 29 27 5 25 6 28 11 24 10 26 8 9 16 13 3 14
555 1 18 31 12 15 20 23 4 7 30 32 22 2 21 17 19 29 27 5 25 6 28 11 24 10 26 8 9 16 13 3 14
556 1 18 31 12 15 20 23 4 7 30 32 22 2 21 17 19 29 27 5 25 6 28 11 24 10 26 8 9 16 13 3 14
557 1 18 31 12 15 20 23 4 7 30 32 22 2 21 17 19 29 27 5 25 6 28 11 24 10 26 8 9 16 13 3 14
558 1 18 31 12 15 20 23 4 7 30 32 22 2 21 17 19 29 27 5 25 6 28 11 24 10 26 8 9 16 13 3 14
559 1 18 31 12 15 20 23 4 7 30 32 22 2 21 17 19 29 27 5 25 6 28 11 24 10 26 8 9 16 13 3 14
560 1 18 31 12 15 20 23 4 7 30 32 22 2 21 17 19 29 27 5 25 6 28 11 24 10 26 8 9 16 13 3 14
561 1 18 31 12 15 20 23 4 7 30 32 22 2 21 17 19 29 27 5 25 6 28 11 24 10 26 8 9 16 13 3 14
562 1 18 31 12 15 20 23 4 7 30 32 22 2 21 17 19 29 27 5 25 6 28 11 24 10 26 8 9 16 13 3 14
563 1 18 31 12 15 20 23 4 7 30 32 22 2 21 17 19 29 27 5 25 6 28 11 24 10 26 8 9 16 13 3 14
564 1 18 31 12 15 20 23 4 7 30 32 22 2 21 17 19 29 27 5 25 6 28 11 24 10 26 8 9 16 13 3 14
565 1 18 31 12 15 20 23 4 7 30 32 22 2 21 17 19 29 27 5 25 6 28 11 24 10 26 8 9 16 13 3 14
566 1 18 31 12 15 20 23 4 7 30 32 22 2 21 17 19 29 27 5 25 6 28 11 24 10 26 8 9 16 13 3 14
567 1 18 31 12 15 20 23 4 7 30 32 22 2 21 17 19 29 27 5 25 6 28 11 24 10 26 8 9 16 13 3 14
568 1 18 31 12 15 20 23 4 7 30 32 22 2 21 17 19 29 27 5 25 6 28 11 24 10 26 8 9 16 13 3 14
569 1 18 31 12 15 20 23 4 7 30 32 22 2 21 17 19 29 27 5 25 6 28 11 24 10 26 8 9 16 13 3 14
570 1 18 31 12 15 20 23 4 7 30 32 22 2 21 17 19 29 27 5 25 6 28 11 24 10 26 8 9 16 13 3 14
571 1 18 31 12 15 20 23 4 7 30 32 22 2 21 17 19 29 27 5 25 6 28 11 24 10 26 8 9 16 13 3 14
572 1 18 31 12 15 20 23 4 7 30 32 22 2 21 17 19 29 27 5 25 6 28 11 24 10 26 8 9 16 13 3 14
573 1 18 31 12 15 20 23 4 7 30 32 22 2 21 17 19 29 27 5 25 6 28 11 24 10 26 8 9 16 13 3 14
574 1 18 31 12 15 20 23 4 7 30 32 22 2 21 17 19 29 27 5 25 6 28 11 24 10 26 8 9 16 13 3 14
575 1 18 31 12 15 20 23 4 7 30 32 22 2 21 17 19 29 27 5 25 6 28 11 24 10 26 8 9 16 13 3 14
576 1 18 31 12 15 20 23 4 7 30 32 22 2 21 17 19 29 27 5 25 6 28 11 24 10 26 8 9 16 13 3 14
577 1 18 31 12 15 20 23 4 7 30 32 22 2 21 17 19 29 27 5 25 6 28 11 24 10 26 8 9 16 13 3 14
578 1 18 31 12 15 20 23 4 7 30 32 22 2 21 17 19 29 27 5 25 6 28 11 24 10 26 8 9 16 13 3 14
579 1 18 31 12 15 20 23 4 7 30 32 22 2 21 17 19 29 27 5 25 6 28 11 24 10 26 8 9 16 13 3 14
580 1 18 31 12 15 20 23 4 7 30 32 22 2 21 17 19 29 27 5 25 6 28 11 24 10 26 8 9 16 13 3 14
581 1 18 31 12 15 20 23 4 7 30 32 22 2 21 17 19 29 27 5 25 6 28 11 24 10 26 8 9 16 13 3 14
582 1 18 31 12 15 20 23 4 7 30 32 22 2 21 17 19 29 27 5 25 6 28 11 24 10 26 8 9 16 13 3 14
583 1 18 31 12 15 20 23 4 7 30 32 22 2 21 17 19 29 27 5 25 6 28 11 24 10 26 8 9 16 13 3 14
584 1 18 31 12 15 20 23 4 7 30 32 22 2 21 17 19 29 27 5 25 6 28 11 24 10 26 8 9 16 13 3 14
585 1 18 31 12 15 20 23 4 7 30 32 22 2 21 17 19 29 27 5 25 6 28 11 24 10 26 8 9 16 13 3 14
586 1 18 31 12 15 20 23 4 7 30 32 22 2 21 17 19 29 27 5 25 6 28 11 24 10 26 8 9 16 13 3 14
587 1 18 31 12 15 20 23 4 7 30 32 22 2 21 17 19 29 27 5 25 6 28 11 24 10 26 8 9 16 13 3 14
588 1 18 31 12 15 20 23 4 7 30 32 22 2 21 17 19 29 27 5 25 6 28 11 24 10 26 8 9 16 13 3 14
589 1 18 31 12 15 20 23 4 7 30 32 22 2 21 17 19 29 27 5 25 6 28 11 24 10 26 8 9 16 13 3 14
590 1 18 31 12 15 20 23 4 7 30 32 22 2 21 17 19 29 27 5 25 6 28 11 24 10 26 8 9 16 13 3 14
591 1 18 31 12 15 20 23 4 7 30 32 22 2 21 17 19 29 27 5 25 6 28 11 24 10 26 8 9 16 13 3 14
592 1 18 31 12 15 20 23 4 7 30 32 22 2 21 17 19 29 27 5 25 6 28 11 24 10 26 8 9 16 13 3 14
593 1 18 31 12 15 20 23 4 7 30 32 22 2 21 17 19 29 27 5 25 6 28 11 24 10 26 8 9 16 13 3 14
594 1 18 31 12 15 20 23 4 7 30 32 22 2 21 17 19 29 27 5 25 6 28 11 24 10 26 8 9 16 13 3 14
595 1 18 31 12 15 20 23 4 7 30 32 22 2 21 17 19 29 27 5 25 6 28 11 24 10 26 8 9 16 13 3 14
596 1 18 31 12 15 20 23 4 7 30 32 22 2 21 17 19 29 27 5 25 6 28 11 24 10 26 8 9 16 13 3 14
597 1 18 31 12 15 20 23 4 7 30 32 22 2 21 17 19 29 27 5 25 6 28 11 24 10 26 8 9 16 13 3 14
598 1 18 31 12 15 20 23 4 7 30 32 22 2 21 17 19 29 27 5 25 6 28 11 24 10 26 8 9 16 13 3 14
599 1 18 31 12 15 20 23 4 7 30 32 22 2 21 17 19 29 27 5 25 6 28 11 24 10 26 8 9 16 13 3 14
600 1 18 31 12 15 20 23 4 7 30 32 22 2 21 17 19 29 27 5 25 6 28 11 24 10 26 8 9 16 13 3 14
