0 1 30 32 26 31 16 28 13 2 12 17 5 3 22 29 11 10 19 7 21 14 6 27 25 4 20 23 9 18 8 15 24
1 1 26 24 12 21 14 6 27 25 13 2 17 5 3 22 29 11 10 19 7 30 32 31 16 28 4 20 23 9 18 8 15
2 1 22 29 11 10 14 6 27 25 13 2 17 5 3 26 24 12 21 19 7 30 32 31 16 28 4 20 23 9 15 8 18
3 1 8 5 16 29 19 28 11 4 22 10 14 6 27 25 13 2 17 3 26 24 12 21 7 30 32 31 20 23 9 15 18
4 1 8 5 16 29 19 28 11 4 22 10 14 6 27 25 13 2 17 3 26 24 12 21 7 30 32 31 20 23 9 15 18
5 1 8 5 16 6 14 10 22 4 11 28 19 29 27 25 13 2 17 3 26 24 12 21 7 30 32 31 20 23 9 15 18
6 1 26 24 9 10 14 6 27 25 13 2 17 5 8 16 29 19 28 11 4 22 3 12 32 30 7 21 31 20 23 15 18
7 1 26 24 9 10 11 28 19 29 16 8 5 17 2 13 25 27 6 14 4 22 3 12 21 7 30 32 31 20 23 15 18
8 1 26 24 9 10 11 28 19 29 16 8 5 17 4 22 14 6 27 25 13 2 3 12 21 7 30 32 23 20 31 15 18
9 1 26 24 9 10 11 28 5 8 16 29 19 17 4 22 14 6 27 25 13 2 3 12 21 7 30 32 23 20 31 15 18
10 1 26 24 9 10 11 28 5 8 16 29 19 17 4 22 14 6 27 25 13 2 3 12 21 7 30 32 23 20 31 15 18
11 1 26 24 9 10 11 28 5 8 16 29 19 17 4 21 12 3 2 13 25 27 6 14 22 7 30 32 23 20 31 15 18
12 1 26 24 9 10 11 28 5 8 16 29 19 2 4 22 14 6 27 25 13 17 3 12 21 7 30 32 23 20 31 15 18
13 1 26 24 9 10 11 28 5 8 16 29 19 2 4 22 14 6 27 25 13 17 3 12 21 7 30 32 23 20 31 15 18
14 1 26 24 9 10 11 28 5 8 16 29 19 2 4 22 14 17 6 27 25 13 3 12 21 7 30 32 23 20 31 15 18
15 1 26 24 9 10 11 28 6 27 25 13 17 3 12 22 14 5 8 16 29 19 2 4 21 7 30 32 23 20 31 15 18
16 1 26 24 9 10 11 28 5 6 27 25 13 17 3 12 22 14 8 16 29 19 2 4 21 7 30 32 23 20 31 15 18
17 1 26 24 9 10 11 28 6 5 27 25 13 17 3 12 22 14 8 16 29 19 2 4 21 7 30 32 23 20 31 15 18
18 1 26 24 9 10 11 28 6 5 27 25 13 17 3 12 31 20 23 32 30 7 21 14 22 4 2 19 29 16 8 15 18
19 1 26 24 9 10 11 28 6 5 27 25 13 17 3 12 31 20 23 32 30 7 21 14 22 4 2 19 29 16 8 15 18
20 1 26 24 9 10 11 28 6 5 27 25 13 17 3 12 31 20 23 32 30 7 21 14 22 4 2 19 29 16 8 15 18
21 1 26 24 9 10 11 28 6 16 8 14 22 12 3 17 13 25 27 5 29 19 2 4 21 7 30 32 23 20 31 15 18
22 1 26 24 9 10 11 28 6 16 8 14 22 12 3 17 13 25 27 5 29 19 2 4 21 32 30 7 23 20 31 15 18
23 1 26 24 9 10 11 28 6 16 8 14 22 12 3 17 13 25 27 5 29 19 2 4 21 32 30 7 23 20 31 15 18
24 1 26 24 9 10 11 28 6 16 8 14 22 12 3 17 13 25 27 5 29 19 2 4 21 32 30 7 23 20 31 15 18
25 1 26 24 9 10 11 28 6 16 8 14 22 12 3 17 13 25 27 5 29 19 2 4 21 32 30 7 23 20 31 15 18
26 1 26 9 24 10 11 28 6 16 8 14 22 12 3 17 13 25 27 5 29 19 2 4 21 32 30 7 23 20 31 15 18
27 1 26 9 24 10 11 28 6 16 8 14 22 12 3 17 13 25 27 5 29 19 2 4 21 32 30 7 23 20 31 15 18
28 1 26 9 24 10 11 28 6 16 8 14 22 20 23 7 30 32 21 4 2 19 29 5 27 25 13 17 3 12 31 15 18
29 1 26 9 24 10 11 28 6 16 8 14 22 20 23 7 30 32 21 4 2 19 29 5 27 25 13 17 3 12 31 15 18
30 1 26 9 24 10 11 28 6 16 8 14 22 20 23 7 30 32 21 4 2 19 29 5 27 25 13 17 3 12 31 15 18
31 1 26 8 16 6 28 11 10 24 9 14 22 20 23 7 30 32 21 4 2 19 29 5 27 25 13 17 3 12 31 15 18
32 1 26 8 9 24 10 11 28 6 16 14 22 20 23 7 30 32 21 4 2 19 29 5 27 25 13 17 3 12 31 15 18
33 1 26 8 9 24 10 11 28 6 16 14 22 20 23 7 30 32 21 4 2 19 29 5 27 25 13 17 3 12 15 31 18
34 1 26 8 9 24 10 11 28 6 16 14 22 20 23 7 30 32 21 4 2 19 29 5 27 25 13 17 3 12 15 31 18
35 1 26 8 9 24 10 11 28 6 16 14 22 20 23 7 30 32 21 4 2 19 29 5 27 25 13 17 3 12 15 31 18
36 1 26 8 9 24 10 11 28 6 16 14 22 20 23 7 30 32 21 4 2 19 29 5 27 25 13 17 3 12 15 31 18
37 1 26 8 9 24 10 11 28 6 16 14 21 4 23 7 30 32 22 20 2 19 29 5 27 25 13 17 3 12 15 31 18
38 1 26 8 9 24 10 11 28 6 16 14 21 4 23 7 30 32 22 20 2 19 29 5 27 25 13 17 3 12 15 31 18
39 1 26 8 9 24 10 11 28 6 16 14 21 4 22 20 23 7 30 32 2 19 29 5 27 25 13 17 3 12 15 31 18
40 1 26 8 9 24 10 11 28 6 16 14 21 22 20 23 7 30 32 4 2 19 29 5 27 25 13 17 3 12 15 31 18
41 1 26 8 9 24 10 11 28 6 16 14 21 22 20 23 4 7 30 32 2 19 29 5 27 25 13 17 3 12 15 31 18
42 1 26 8 9 24 10 11 28 6 16 14 21 22 20 23 4 7 30 32 2 19 29 5 27 25 13 17 3 12 15 31 18
43 1 26 8 9 24 10 11 28 6 16 3 17 13 25 27 5 29 19 2 4 32 30 7 23 20 22 21 14 12 15 31 18
44 1 26 8 9 24 10 11 28 6 16 14 21 22 20 23 7 30 32 4 2 19 29 5 27 25 13 17 3 15 12 31 18
45 1 26 8 9 24 10 11 28 6 16 14 21 22 20 23 4 7 30 32 2 19 29 5 27 25 13 17 3 15 12 31 18
46 1 26 8 9 24 10 11 28 6 16 14 21 22 20 23 4 7 30 32 2 19 29 5 27 25 13 17 3 15 12 31 18
47 1 26 8 9 24 10 11 28 6 16 14 21 22 20 23 4 7 30 32 2 19 29 5 27 25 13 17 3 15 12 31 18
48 1 26 8 9 24 10 11 28 6 16 14 21 22 20 23 4 7 30 32 2 19 29 5 27 25 13 17 3 15 12 31 18
49 1 26 8 9 24 10 11 28 6 16 14 21 22 20 23 4 7 30 32 2 19 29 5 27 25 13 17 3 15 12 31 18
50 1 26 8 9 24 10 11 28 6 16 14 21 22 20 23 4 7 30 32 2 19 29 5 27 25 13 17 3 15 12 31 18
51 1 26 8 9 24 10 11 28 6 16 14 21 22 20 23 4 7 30 32 2 19 29 5 27 25 13 17 3 15 12 31 18
52 1 26 8 9 24 10 11 28 6 16 14 21 22 20 23 4 7 30 32 2 19 29 5 27 25 13 17 3 15 12 31 18
53 1 26 8 9 24 10 11 28 6 16 14 21 22 20 23 4 7 30 32 2 19 29 5 27 25 13 17 3 15 12 31 18
54 1 26 8 9 24 10 11 28 6 16 14 21 22 20 23 4 7 30 32 2 19 29 5 27 25 13 17 3 15 12 31 18
55 1 26 8 9 24 10 11 28 6 16 14 17 21 22 20 23 4 7 30 32 2 19 29 5 27 25 13 3 15 12 31 18
56 1 26 8 9 24 10 11 28 6 16 14 21 22 20 23 4 7 30 32 2 17 19 29 5 27 25 13 3 15 12 31 18
57 1 26 8 9 24 10 11 28 6 16 14 21 22 20 23 4 7 30 32 2 17 19 29 5 27 25 13 3 15 12 31 18
58 1 26 8 9 24 10 11 28 6 16 14 21 22 20 23 4 7 30 32 2 17 19 29 5 27 25 13 3 15 12 31 18
59 1 26 8 9 24 10 11 28 6 16 14 21 22 20 23 4 7 30 32 2 17 19 29 5 27 25 13 3 15 12 31 18
60 1 26 8 9 24 10 11 28 6 16 14 21 22 20 23 4 7 30 32 2 17 19 29 5 27 25 13 3 15 12 31 18
61 1 26 8 9 24 10 11 28 6 16 3 13 25 27 5 29 19 17 2 32 30 7 4 23 20 22 21 14 15 12 31 18
62 1 26 8 9 24 10 11 28 6 16 14 21 22 20 23 4 7 30 32 2 17 19 29 27 5 25 13 3 15 12 31 18
63 1 26 8 9 24 10 11 28 6 16 14 21 22 20 23 4 7 30 32 2 17 19 29 27 5 25 13 3 15 12 31 18
64 1 26 8 9 24 10 11 28 6 16 14 21 22 20 23 4 7 30 32 2 17 19 29 27 5 25 13 3 15 12 31 18
65 1 26 8 9 24 10 11 28 6 16 14 21 22 20 23 4 7 30 32 2 17 19 29 27 5 25 13 3 15 12 31 18
66 1 26 8 9 24 10 11 28 6 16 14 21 22 20 23 4 7 30 32 2 17 19 29 27 5 25 13 3 15 12 31 18
67 1 26 8 9 24 10 11 28 6 16 14 21 22 20 23 4 7 30 32 2 17 19 29 27 5 25 13 3 15 12 31 18
68 1 26 8 9 24 10 11 28 6 16 14 21 22 20 23 4 7 30 32 2 17 19 29 27 5 25 13 3 15 12 31 18
69 1 26 8 9 24 10 11 28 6 16 14 21 22 20 23 4 7 30 32 2 17 19 29 27 5 25 13 3 15 12 31 18
70 1 26 8 9 24 10 11 28 6 16 14 21 22 20 23 4 7 30 32 2 17 19 29 27 5 25 13 3 15 12 31 18
71 1 26 8 9 24 10 11 28 6 16 14 21 22 20 23 4 7 30 32 2 17 19 29 27 5 25 13 3 15 12 31 18
72 1 26 8 9 24 10 11 28 6 16 14 21 22 20 23 4 7 30 32 2 17 19 29 27 5 25 13 3 15 12 31 18
73 1 26 8 9 24 10 11 28 6 16 14 21 22 20 23 4 7 30 32 2 17 19 29 27 5 25 13 3 15 12 31 18
74 1 26 8 9 24 10 11 28 6 16 14 21 22 20 23 4 7 30 32 2 17 19 29 27 5 25 13 3 15 12 31 18
75 1 26 8 9 24 10 11 28 6 16 14 21 22 20 23 4 7 30 32 2 17 19 29 27 5 25 13 3 15 12 31 18
76 1 26 8 9 24 10 11 28 6 16 14 21 22 20 23 4 7 30 32 2 17 19 29 27 5 25 13 3 15 12 31 18
77 1 26 8 9 24 10 11 28 6 16 14 21 22 20 23 4 7 30 32 2 17 19 29 27 5 25 13 3 15 12 31 18
78 1 26 8 9 24 10 11 28 6 16 14 21 22 23 20 4 7 30 32 2 17 19 29 27 5 25 13 3 15 12 31 18
79 1 26 8 9 24 10 11 28 6 16 14 21 22 23 20 4 7 30 32 2 17 19 29 27 5 25 13 3 15 12 31 18
80 1 26 8 9 24 10 11 28 6 16 14 21 22 23 20 4 7 30 32 2 17 19 29 27 5 25 13 3 15 12 31 18
81 1 26 8 9 24 10 11 28 6 16 14 21 22 23 20 4 7 30 32 2 17 19 29 27 5 25 13 3 15 12 31 18
82 1 26 8 9 24 10 11 28 6 16 14 21 22 23 20 4 7 30 32 2 17 19 29 27 5 25 13 3 15 12 31 18
83 1 26 8 9 24 10 11 28 6 16 13 25 5 27 29 19 17 2 32 30 7 4 20 23 22 21 14 3 15 12 31 18
84 1 26 8 9 24 10 11 28 6 16 13 25 5 27 29 19 17 2 32 30 7 4 20 23 22 21 14 3 15 12 31 18
85 1 26 8 9 24 10 11 28 6 16 13 25 5 27 29 19 17 2 32 30 7 4 20 23 22 21 14 3 15 12 31 18
86 1 26 8 9 24 10 11 28 6 16 13 25 5 27 29 19 17 2 32 30 7 4 20 23 22 21 14 3 15 12 31 18
87 1 26 8 9 24 10 11 28 6 16 13 25 5 27 29 19 17 2 32 30 7 4 20 23 22 21 14 3 15 12 31 18
88 1 26 8 9 24 10 11 28 6 16 13 25 5 27 29 19 17 2 32 30 7 4 20 23 22 21 14 3 15 12 31 18
89 1 26 8 9 24 10 11 28 6 16 13 25 5 27 29 19 17 2 32 30 7 4 20 23 22 21 14 3 15 12 31 18
90 1 26 8 9 24 10 11 28 6 16 13 25 5 27 29 19 17 2 32 30 7 4 20 23 22 21 14 3 15 12 31 18
91 1 26 8 9 24 10 11 28 6 16 13 25 5 27 29 19 17 2 32 30 7 4 20 23 22 21 14 3 15 12 31 18
92 1 26 8 9 24 10 11 28 6 16 13 25 5 27 29 19 17 2 32 30 7 4 20 23 22 21 14 3 15 12 31 18
93 1 26 8 9 24 10 11 28 6 16 13 25 5 27 29 19 17 2 32 30 7 4 20 23 22 21 14 3 15 12 31 18
94 1 26 8 9 24 10 11 28 6 16 13 25 5 27 29 19 17 2 32 30 7 4 20 23 22 21 14 3 15 12 31 18
95 1 26 8 9 24 10 11 28 6 16 13 25 5 27 29 19 17 2 32 30 7 4 20 23 22 21 14 3 15 12 31 18
96 1 26 8 9 24 10 11 28 6 16 13 25 5 27 29 19 17 2 32 30 7 4 20 23 22 21 3 14 15 12 31 18
97 1 26 8 9 24 10 11 28 6 16 13 25 5 27 29 19 17 2 32 30 7 4 20 23 22 21 3 14 15 12 31 18
98 1 26 8 9 24 10 11 28 6 16 13 25 5 27 29 19 17 2 32 30 7 4 20 23 22 21 3 14 15 12 31 18
99 1 26 8 9 24 10 11 28 6 16 13 25 5 27 29 19 17 2 32 30 7 4 20 23 22 21 3 14 15 12 31 18
100 1 26 8 9 24 10 11 28 6 16 13 25 5 27 29 19 17 2 32 30 7 4 20 23 22 21 3 14 15 12 31 18
101 1 26 8 9 24 10 11 28 6 16 13 25 5 27 29 19 17 2 32 30 7 4 20 23 22 21 3 14 15 12 31 18
102 1 26 8 9 24 10 11 28 6 16 13 25 5 27 29 19 17 2 32 30 7 4 20 23 22 21 3 14 15 12 31 18
103 1 26 8 9 24 10 11 28 6 16 13 25 5 27 29 19 17 2 32 30 7 4 20 23 22 21 3 14 15 12 31 18
104 1 26 8 9 24 10 11 28 6 16 13 25 5 27 29 19 17 2 32 30 7 4 20 23 22 21 3 14 15 12 31 18
105 1 26 8 9 24 10 11 28 6 16 13 25 5 27 29 19 17 2 32 30 7 4 20 23 22 21 3 14 15 12 31 18
106 1 26 8 9 24 10 11 28 6 16 13 25 5 27 29 19 17 2 32 30 7 4 20 23 22 21 3 14 15 12 31 18
107 1 26 8 9 24 10 11 28 6 16 13 25 5 27 29 19 17 2 32 30 7 4 20 23 22 21 3 14 15 12 31 18
108 1 26 8 9 24 10 11 28 6 16 13 25 5 27 29 19 17 2 32 30 7 4 20 23 22 21 3 14 15 12 31 18
109 1 26 8 9 24 10 11 28 6 16 13 25 5 27 29 19 17 2 32 30 7 4 20 23 22 21 3 14 15 12 31 18
110 1 26 8 9 24 10 11 28 6 16 13 25 5 27 29 19 17 2 32 30 7 4 20 23 22 21 3 14 15 12 31 18
111 1 26 8 9 24 10 11 28 6 16 13 25 5 27 29 19 17 2 32 30 7 4 20 23 22 21 3 14 15 12 31 18
112 1 26 8 9 24 10 11 28 6 16 13 25 5 27 29 19 17 2 32 30 7 4 20 23 22 21 3 14 15 12 31 18
113 1 26 8 9 24 10 11 28 6 16 13 25 5 27 29 19 17 2 32 30 7 4 20 23 22 21 3 14 15 12 31 18
114 1 26 8 9 24 10 11 28 6 16 13 25 5 27 29 19 17 2 32 30 7 4 20 23 22 21 3 14 15 12 31 18
115 1 26 8 9 24 10 11 28 6 16 13 25 5 27 29 19 17 2 32 30 7 4 20 23 22 21 3 14 15 12 31 18
116 1 26 8 9 24 10 11 28 6 3 16 13 25 5 27 29 19 17 2 32 30 7 4 20 23 22 21 14 15 12 31 18
117 1 26 8 9 24 10 11 28 6 3 16 13 25 5 27 29 19 17 2 32 30 7 4 20 23 22 21 14 15 12 31 18
118 1 26 8 9 24 10 11 28 6 16 3 13 25 5 27 29 19 17 2 32 30 7 4 20 23 22 21 14 15 12 31 18
119 1 26 8 9 24 10 11 28 6 16 3 13 25 5 27 29 19 17 2 32 30 7 4 20 23 22 21 14 15 12 31 18
120 1 26 8 9 24 10 11 28 6 16 3 13 25 5 27 29 19 17 2 32 30 7 4 20 23 22 21 14 15 12 31 18
121 1 26 8 9 24 10 11 28 6 16 3 13 25 5 27 29 19 17 2 32 30 7 4 20 23 22 21 14 15 12 31 18
122 1 26 8 9 24 10 11 28 6 16 3 13 25 5 27 29 19 17 2 32 30 7 4 20 23 22 21 14 15 12 31 18
123 1 26 8 9 24 10 11 28 6 16 3 13 25 5 27 29 19 17 2 32 30 7 4 20 23 22 21 14 15 12 31 18
124 1 26 8 9 24 10 11 28 6 16 3 13 25 5 27 29 19 17 2 32 30 7 4 20 23 22 21 14 15 12 31 18
125 1 26 8 9 24 10 11 28 6 16 3 13 25 5 27 29 19 17 2 32 30 7 4 20 23 22 21 14 15 12 31 18
126 1 26 8 9 24 10 11 28 6 16 3 13 25 5 27 29 19 17 2 32 30 7 4 20 23 22 21 14 15 12 31 18
127 1 26 8 9 24 10 11 28 6 16 3 13 25 5 27 29 19 17 2 32 30 7 4 20 23 22 21 14 15 12 31 18
128 1 26 8 9 24 10 11 28 6 16 3 13 25 5 27 29 19 17 2 32 30 7 4 20 23 22 21 14 15 12 31 18
129 1 26 8 9 24 10 11 28 6 16 3 13 25 5 27 29 19 17 2 32 30 7 4 20 23 22 21 14 15 12 31 18
130 1 26 8 9 24 10 11 28 6 16 3 13 25 5 27 29 19 17 2 32 30 7 4 20 23 22 21 14 15 12 31 18
131 1 26 8 9 24 10 11 28 6 16 3 13 25 5 27 29 19 17 2 32 30 7 4 20 23 22 21 14 15 12 31 18
132 1 26 8 9 24 10 11 28 6 16 3 13 25 5 27 29 19 17 2 32 30 7 4 20 23 22 21 14 15 12 31 18
133 1 26 8 9 24 10 11 28 6 16 3 13 25 5 27 29 19 17 2 32 30 7 4 20 23 22 21 14 15 12 31 18
134 1 26 8 9 24 10 11 28 6 16 3 13 25 5 27 29 19 17 2 32 30 7 4 20 23 22 21 14 15 12 31 18
135 1 26 8 9 24 10 11 28 6 16 3 13 25 5 27 29 19 17 2 32 30 7 4 20 23 22 21 14 15 12 31 18
136 1 26 8 9 24 10 11 28 6 16 3 13 25 5 27 29 19 17 2 32 30 7 4 20 23 22 21 14 15 12 31 18
137 1 26 8 9 24 10 11 28 6 16 3 13 25 5 27 29 19 17 2 32 30 7 4 20 23 22 21 14 15 12 31 18
138 1 26 8 9 24 10 11 28 6 16 3 13 25 5 27 29 19 17 2 32 30 7 4 20 23 22 21 14 15 12 31 18
139 1 26 8 9 24 10 11 28 6 16 3 13 25 5 27 29 19 17 2 32 30 7 4 20 23 22 21 14 15 12 31 18
140 1 26 8 9 24 10 11 28 6 16 3 13 25 5 27 29 19 17 2 32 30 7 4 20 23 22 21 14 15 12 31 18
141 1 26 8 9 24 10 11 28 6 16 3 13 25 5 27 29 19 17 2 32 30 7 4 20 23 22 21 14 15 12 31 18
142 1 26 8 9 24 10 11 28 6 16 3 13 25 5 27 29 19 17 2 32 30 7 4 20 23 22 21 14 15 12 31 18
143 1 26 8 9 24 10 11 28 6 16 3 13 25 5 27 29 19 17 2 32 30 7 4 20 23 22 21 14 15 12 31 18
144 1 26 8 9 24 10 11 28 6 16 3 13 25 5 27 29 19 17 2 32 30 7 4 20 23 22 21 14 15 12 31 18
145 1 26 8 9 24 10 11 28 6 16 3 13 25 5 27 29 19 17 2 32 30 7 4 20 23 22 21 14 15 12 31 18
146 1 26 8 9 24 10 11 28 6 16 3 13 25 5 27 29 19 17 2 32 30 7 4 20 23 22 21 14 15 12 31 18
147 1 26 8 9 24 10 11 28 6 16 3 13 25 5 27 29 19 17 2 32 30 7 4 20 23 22 21 14 15 12 31 18
148 1 26 8 9 24 10 11 28 6 16 3 13 25 5 27 29 19 17 2 32 30 7 4 20 23 22 21 14 15 12 31 18
149 1 26 8 9 24 10 11 28 6 16 3 13 25 5 27 29 19 17 2 32 30 7 4 20 23 22 21 14 15 12 31 18
150 1 26 8 9 24 10 11 28 6 16 3 13 25 5 27 29 19 17 2 32 30 7 4 20 23 22 21 14 15 12 31 18
151 1 26 8 9 24 10 11 28 6 16 3 13 25 5 27 29 19 17 2 32 30 7 4 20 23 22 21 14 15 12 31 18
152 1 26 8 9 24 10 11 28 6 16 3 13 25 5 27 29 19 17 2 32 30 7 4 20 23 22 21 14 15 12 31 18
153 1 26 8 9 24 10 11 28 6 16 3 13 25 5 27 29 19 17 2 32 30 7 4 20 23 22 21 14 15 12 31 18
154 1 26 8 9 24 10 11 28 6 16 3 13 25 5 27 29 19 17 2 32 30 7 4 20 23 22 21 14 15 12 31 18
155 1 26 8 9 24 10 11 28 6 16 3 13 25 5 27 29 19 17 2 32 30 7 4 20 23 22 21 14 15 12 31 18
156 1 26 8 9 24 10 11 28 6 16 3 13 25 5 27 29 19 17 2 32 30 7 4 20 23 22 21 14 15 12 31 18
157 1 26 8 9 24 10 11 28 6 16 3 13 25 5 27 29 19 17 2 32 30 7 4 20 23 22 21 14 15 12 31 18
158 1 26 8 9 24 10 11 28 6 16 3 13 25 5 27 29 19 17 2 32 30 7 4 20 23 22 21 14 15 12 31 18
159 1 26 8 9 24 10 11 28 6 16 3 13 25 5 27 29 19 17 2 32 30 7 4 20 23 22 21 14 15 12 31 18
160 1 26 8 9 24 10 11 28 6 16 3 13 25 5 27 29 19 17 2 32 30 7 4 20 23 22 21 14 15 12 31 18
161 1 26 8 9 24 10 11 28 6 16 3 13 25 5 27 29 19 17 2 32 30 7 4 20 23 22 21 14 15 12 31 18
162 1 26 8 9 24 10 11 28 6 16 3 13 25 5 27 29 19 17 2 32 30 7 4 20 23 22 21 14 15 12 31 18
163 1 26 8 9 24 10 11 28 6 16 3 13 25 5 27 29 19 17 2 32 30 7 4 20 23 22 21 14 15 12 31 18
164 1 26 8 9 24 10 11 28 6 16 3 13 25 5 27 29 19 17 2 32 30 7 4 20 23 22 21 14 15 12 31 18
165 1 26 8 9 24 10 11 28 6 16 3 13 25 5 27 29 19 17 2 32 30 7 4 20 23 22 21 14 15 12 31 18
166 1 26 8 9 24 10 11 28 6 16 3 13 25 5 27 29 19 17 2 32 30 7 4 20 23 22 21 14 15 12 31 18
167 1 26 8 9 24 10 11 28 6 16 3 13 25 5 27 29 19 17 2 32 30 7 4 20 23 22 21 14 15 12 31 18
168 1 26 8 9 24 10 11 28 6 16 3 13 25 5 27 29 19 17 2 32 30 7 4 20 23 22 21 14 15 12 31 18
169 1 26 8 9 24 10 11 28 6 16 3 13 25 5 27 29 19 17 2 32 30 7 4 20 23 22 21 14 15 12 31 18
170 1 26 8 9 24 10 11 28 6 16 3 13 25 5 27 29 19 17 2 32 30 7 4 20 23 22 21 14 15 12 31 18
171 1 26 8 9 24 10 11 28 6 16 3 13 25 5 27 29 19 17 2 32 30 7 4 20 23 22 21 14 15 12 31 18
172 1 26 8 9 24 10 11 28 6 16 3 13 25 5 27 29 19 17 2 32 30 7 4 20 23 22 21 14 15 12 31 18
173 1 26 8 9 24 10 11 28 6 16 3 13 25 5 27 29 19 17 2 32 30 7 4 20 23 22 21 14 15 12 31 18
174 1 26 8 9 24 10 11 28 6 16 3 13 25 5 27 29 19 17 2 32 30 7 4 20 23 22 21 14 15 12 31 18
175 1 26 8 9 24 10 11 28 6 16 3 13 25 5 27 29 19 17 2 32 30 7 4 20 23 22 21 14 15 12 31 18
176 1 26 8 9 24 10 11 28 6 16 3 13 25 5 27 29 19 17 2 32 30 7 4 20 23 22 21 14 15 12 31 18
177 1 26 8 9 24 10 11 28 6 16 3 13 25 5 27 29 19 17 2 32 30 7 4 20 23 22 21 14 15 12 31 18
178 1 26 8 9 24 10 11 28 6 16 3 13 25 5 27 29 19 17 2 32 30 7 4 20 23 22 21 14 15 12 31 18
179 1 26 8 9 24 10 11 28 6 16 3 13 25 5 27 29 19 17 2 32 30 7 4 20 23 22 21 14 15 12 31 18
180 1 26 8 9 24 10 11 28 6 16 3 13 25 5 27 29 19 17 2 32 30 7 4 20 23 22 21 14 15 12 31 18
181 1 26 8 9 24 10 11 28 6 16 3 13 25 5 27 29 19 17 2 32 30 7 4 20 23 22 21 14 15 12 31 18
182 1 26 8 9 24 10 11 28 6 16 3 13 25 5 27 29 19 17 2 32 30 7 4 20 23 22 21 14 15 12 31 18
183 1 26 8 9 24 10 11 28 6 16 3 13 25 5 27 29 19 17 2 32 30 7 4 20 23 22 21 14 15 12 31 18
184 1 26 8 9 24 10 11 28 6 16 3 13 25 5 27 29 19 17 2 32 30 7 4 20 23 22 21 14 15 12 31 18
185 1 26 8 9 24 10 11 28 6 16 3 13 25 5 27 29 19 17 2 32 30 7 4 20 23 22 21 14 15 12 31 18
186 1 26 8 9 24 10 11 28 6 16 3 13 25 5 27 29 19 17 2 32 30 7 4 20 23 22 21 14 15 12 31 18
187 1 26 8 9 24 10 11 28 6 16 3 13 25 5 27 29 19 17 2 32 30 7 4 20 23 22 21 14 15 12 31 18
188 1 26 8 9 24 10 11 28 6 16 3 13 25 5 27 29 19 17 2 32 30 7 4 20 23 22 21 14 15 12 31 18
189 1 26 8 9 24 10 11 28 6 16 3 13 25 5 27 29 19 17 2 32 30 7 4 20 23 22 21 14 15 12 31 18
190 1 26 8 9 24 10 11 28 6 16 3 13 25 5 27 29 19 17 2 32 30 7 4 20 23 22 21 14 15 12 31 18
191 1 26 8 9 24 10 11 28 6 16 3 13 25 5 27 29 19 17 2 32 30 7 4 20 23 22 21 14 15 12 31 18
192 1 26 8 9 24 10 11 28 6 16 3 13 25 5 27 29 19 17 2 32 30 7 4 20 23 22 21 14 15 12 31 18
193 1 26 8 9 24 10 11 28 6 16 3 13 25 5 27 29 19 17 2 32 30 7 4 20 23 22 21 14 15 12 31 18
194 1 26 8 9 24 10 11 28 6 16 3 13 25 5 27 29 19 17 2 32 30 7 4 20 23 22 21 14 15 12 31 18
195 1 26 8 9 24 10 11 28 6 16 3 13 25 5 27 29 19 17 2 32 30 7 4 20 23 22 21 14 15 12 31 18
196 1 26 8 9 24 10 11 28 6 16 3 13 25 5 27 29 19 17 2 32 30 7 4 20 23 22 21 14 15 12 31 18
197 1 26 8 9 24 10 11 28 6 16 3 13 25 5 27 29 19 17 2 32 30 7 4 20 23 22 21 14 15 12 31 18
198 1 26 8 9 24 10 11 28 6 16 3 13 25 5 27 29 19 17 2 32 30 7 4 20 23 22 21 14 15 12 31 18
199 1 26 8 9 24 10 11 28 6 16 3 13 25 5 27 29 19 17 2 32 30 7 4 20 23 22 21 14 15 12 31 18
200 1 26 8 9 24 10 11 28 6 16 3 13 25 5 27 29 19 17 2 32 30 7 4 20 23 22 21 14 15 12 31 18
201 1 26 8 9 24 10 11 28 6 16 3 13 25 5 27 29 19 17 2 32 30 7 4 20 23 22 21 14 15 12 31 18
202 1 26 8 9 24 10 11 28 6 16 3 13 25 5 27 29 19 17 2 32 30 7 4 20 23 22 21 14 15 12 31 18
203 1 26 8 9 24 10 11 28 6 16 3 13 25 5 27 29 19 17 2 32 30 7 4 20 23 22 21 14 15 12 31 18
204 1 26 8 9 24 10 11 28 6 16 3 13 25 5 27 29 19 17 2 32 30 7 4 20 23 22 21 14 15 12 31 18
205 1 26 8 9 24 10 11 28 6 16 3 13 25 5 27 29 19 17 2 32 30 7 4 20 23 22 21 14 15 12 31 18
206 1 26 8 9 24 10 11 28 6 16 3 13 25 5 27 29 19 17 2 32 30 7 4 20 23 22 21 14 15 12 31 18
207 1 26 8 9 24 10 11 28 6 16 3 13 25 5 27 29 19 17 2 32 30 7 4 20 23 22 21 14 15 12 31 18
208 1 26 8 9 24 10 11 28 6 16 3 13 25 5 27 29 19 17 2 32 30 7 4 20 23 22 21 14 15 12 31 18
209 1 26 8 9 24 10 11 28 6 16 3 13 25 5 27 29 19 17 2 32 30 7 4 20 23 22 21 14 15 12 31 18
210 1 26 8 9 24 10 11 28 6 16 3 13 25 5 27 29 19 17 2 32 30 7 4 20 23 22 21 14 15 12 31 18
211 1 26 8 9 24 10 11 28 6 16 3 13 25 5 27 29 19 17 2 32 30 7 4 20 23 22 21 14 15 12 31 18
212 1 26 8 9 24 10 11 28 6 16 3 13 25 5 27 29 19 17 2 32 30 7 4 20 23 22 21 14 15 12 31 18
213 1 26 8 9 24 10 11 28 6 16 3 13 25 5 27 29 19 17 2 32 30 7 4 20 23 22 21 14 15 12 31 18
214 1 26 8 9 24 10 11 28 6 16 3 13 25 5 27 29 19 17 2 32 30 7 4 20 23 22 21 14 15 12 31 18
215 1 26 8 9 24 10 11 28 6 16 3 13 25 5 27 29 19 17 2 32 30 7 4 20 23 22 21 14 15 12 31 18
216 1 26 8 9 24 10 11 28 6 16 3 13 25 5 27 29 19 17 2 32 30 7 4 20 23 22 21 14 15 12 31 18
217 1 26 8 9 24 10 11 28 6 16 3 13 25 5 27 29 19 17 2 32 30 7 4 20 23 22 21 14 15 12 31 18
218 1 26 8 9 24 10 11 28 6 16 3 13 25 5 27 29 19 17 2 32 30 7 4 20 23 22 21 14 15 12 31 18
219 1 26 8 9 24 10 11 28 6 16 3 13 25 5 27 29 19 17 2 32 30 7 4 20 23 22 21 14 15 12 31 18
220 1 26 8 9 24 10 11 28 6 16 3 13 25 5 27 29 19 17 2 32 30 7 4 20 23 22 21 14 15 12 31 18
221 1 26 8 9 24 10 11 28 6 16 3 13 25 5 27 29 19 17 2 32 30 7 4 20 23 22 21 14 15 12 31 18
222 1 26 8 9 24 10 11 28 6 16 3 13 25 5 27 29 19 17 2 32 30 7 4 20 23 22 21 14 15 12 31 18
223 1 26 8 9 24 10 11 28 6 16 3 13 25 5 27 29 19 17 2 32 30 7 4 20 23 22 21 14 15 12 31 18
224 1 26 8 9 24 10 11 28 6 16 3 13 25 5 27 29 19 17 2 32 30 7 4 20 23 22 21 14 15 12 31 18
225 1 26 8 9 24 10 11 28 6 16 3 13 25 5 27 29 19 17 2 32 30 7 4 20 23 22 21 14 15 12 31 18
226 1 26 8 9 24 10 11 28 6 16 3 13 25 5 27 29 19 17 2 32 30 7 4 20 23 22 21 14 15 12 31 18
227 1 26 8 9 24 10 11 28 6 16 3 13 25 5 27 29 19 17 2 32 30 7 4 20 23 22 21 14 15 12 31 18
228 1 26 8 9 24 10 11 28 6 16 3 13 25 5 27 29 19 17 2 32 30 7 4 20 23 22 21 14 15 12 31 18
229 1 26 8 9 24 10 11 28 6 16 3 13 25 5 27 29 19 17 2 32 30 7 4 20 23 22 21 14 15 12 31 18
230 1 26 8 9 24 10 11 28 6 16 3 13 25 5 27 29 19 17 2 32 30 7 4 20 23 22 21 14 15 12 31 18
231 1 26 8 9 24 10 11 28 6 16 3 13 25 5 27 29 19 17 2 32 30 7 4 20 23 22 21 14 15 12 31 18
232 1 26 8 9 24 10 11 28 6 16 3 13 25 5 27 29 19 17 2 32 30 7 4 20 23 22 21 14 15 12 31 18
233 1 26 8 9 24 10 11 28 6 16 3 13 25 5 27 29 19 17 2 32 30 7 4 20 23 22 21 14 15 12 31 18
234 1 26 8 9 24 10 11 28 6 16 3 13 25 5 27 29 19 17 2 32 30 7 4 20 23 22 21 14 15 12 31 18
235 1 26 8 9 24 10 11 28 6 16 3 13 25 5 27 29 19 17 2 32 30 7 4 20 23 22 21 14 15 12 31 18
236 1 26 8 9 24 10 11 28 6 16 3 13 25 5 27 29 19 17 2 32 30 7 4 20 23 22 21 14 15 12 31 18
237 1 26 8 9 24 10 11 28 6 16 3 13 25 5 27 29 19 17 2 32 30 7 4 20 23 22 21 14 15 12 31 18
238 1 26 8 9 24 10 11 28 6 16 3 13 25 5 27 29 19 17 2 32 30 7 4 20 23 22 21 14 15 12 31 18
239 1 26 8 9 24 10 11 28 6 16 3 13 25 5 27 29 19 17 2 32 30 7 4 20 23 22 21 14 15 12 31 18
240 1 26 8 9 24 10 11 28 6 16 3 13 25 5 27 29 19 17 2 32 30 7 4 20 23 22 21 14 15 12 31 18
241 1 26 8 9 24 10 11 28 6 16 3 13 25 5 27 29 19 17 2 32 30 7 4 20 23 22 21 14 15 12 31 18
242 1 26 8 9 24 10 11 28 6 16 3 13 25 5 27 29 19 17 2 32 30 7 4 20 23 22 21 14 15 12 31 18
243 1 26 8 9 24 10 11 28 6 16 3 13 25 5 27 29 19 17 2 32 30 7 4 20 23 22 21 14 15 12 31 18
244 1 26 8 9 24 10 11 28 6 16 3 13 25 5 27 29 19 17 2 32 30 7 4 20 23 22 21 14 15 12 31 18
245 1 26 8 9 24 10 11 28 6 16 3 13 25 5 27 29 19 17 2 32 30 7 4 20 23 22 21 14 15 12 31 18
246 1 26 8 9 24 10 11 28 6 16 3 13 25 5 27 29 19 17 2 32 30 7 4 20 23 22 21 14 15 12 31 18
247 1 26 8 9 24 10 11 28 6 16 3 13 25 5 27 29 19 17 2 32 30 7 4 20 23 22 21 14 15 12 31 18
248 1 26 8 9 24 10 11 28 6 16 3 13 25 5 27 29 19 17 2 32 30 7 4 20 23 22 21 14 15 12 31 18
249 1 26 8 9 24 10 11 28 6 16 3 13 25 5 27 29 19 17 2 32 30 7 4 20 23 22 21 14 15 12 31 18
250 1 26 8 9 24 10 11 28 6 16 3 13 25 5 27 29 19 17 2 32 30 7 4 20 23 22 21 14 15 12 31 18
251 1 26 8 9 24 10 11 28 6 16 3 13 25 5 27 29 19 17 2 32 30 7 4 20 23 22 21 14 15 12 31 18
252 1 26 8 9 24 10 11 28 6 16 3 13 25 5 27 29 19 17 2 32 30 7 4 20 23 22 21 14 15 12 31 18
253 1 26 8 9 24 10 11 28 6 16 3 13 25 5 27 29 19 17 2 32 30 7 4 20 23 22 21 14 15 12 31 18
254 1 26 8 9 24 10 11 28 6 16 3 13 25 5 27 29 19 17 2 32 30 7 4 20 23 22 21 14 15 12 31 18
255 1 26 8 9 24 10 11 28 6 16 3 13 25 5 27 29 19 17 2 32 30 7 4 20 23 22 21 14 15 12 31 18
256 1 26 8 9 24 10 11 28 6 16 3 13 25 5 27 29 19 17 2 32 30 7 4 20 23 22 21 14 15 12 31 18
257 1 26 8 9 24 10 11 28 6 16 3 13 25 5 27 29 19 17 2 32 30 7 4 20 23 22 21 14 15 12 31 18
258 1 26 8 9 24 10 11 28 6 16 3 13 25 5 27 29 19 17 2 32 30 7 4 20 23 22 21 14 15 12 31 18
259 1 26 8 9 24 10 11 28 6 16 3 13 25 5 27 29 19 17 2 32 30 7 4 20 23 22 21 14 15 12 31 18
260 1 26 8 9 24 10 11 28 6 16 3 13 25 5 27 29 19 17 2 32 30 7 4 20 23 22 21 14 15 12 31 18
261 1 26 8 9 24 10 11 28 6 16 3 13 25 5 27 29 19 17 2 32 30 7 4 20 23 22 21 14 15 12 31 18
262 1 26 8 9 24 10 11 28 6 16 3 13 25 5 27 29 19 17 2 32 30 7 4 20 23 22 21 14 15 12 31 18
263 1 26 8 9 24 10 11 28 6 16 3 13 25 5 27 29 19 17 2 32 30 7 4 20 23 22 21 14 15 12 31 18
264 1 26 8 9 24 10 11 28 6 16 3 13 25 5 27 29 19 17 2 32 30 7 4 20 23 22 21 14 15 12 31 18
265 1 26 8 9 24 10 11 28 6 16 3 13 25 5 27 29 19 17 2 32 30 7 4 20 23 22 21 14 15 12 31 18
266 1 26 8 9 24 10 11 28 6 16 3 13 25 5 27 29 19 17 2 32 30 7 4 20 23 22 21 14 15 12 31 18
267 1 26 8 9 24 10 11 28 6 16 3 13 25 5 27 29 19 17 2 32 30 7 4 20 23 22 21 14 15 12 31 18
268 1 26 8 9 24 10 11 28 6 16 3 13 25 5 27 29 19 17 2 32 30 7 4 20 23 22 21 14 15 12 31 18
269 1 26 8 9 24 10 11 28 6 16 3 13 25 5 27 29 19 17 2 32 30 7 4 20 23 22 21 14 15 12 31 18
270 1 26 8 9 24 10 11 28 6 16 3 13 25 5 27 29 19 17 2 32 30 7 4 20 23 22 21 14 15 12 31 18
271 1 26 8 9 24 10 11 28 6 16 3 13 25 5 27 29 19 17 2 32 30 7 4 20 23 22 21 14 15 12 31 18
272 1 26 8 9 24 10 11 28 6 16 3 13 25 5 27 29 19 17 2 32 30 7 4 20 23 22 21 14 15 12 31 18
273 1 26 8 9 24 10 11 28 6 16 3 13 25 5 27 29 19 17 2 32 30 7 4 20 23 22 21 14 15 12 31 18
274 1 26 8 9 24 10 11 28 6 16 3 13 25 5 27 29 19 17 2 32 30 7 4 20 23 22 21 14 15 12 31 18
275 1 26 8 9 24 10 11 28 6 16 3 13 25 5 27 29 19 17 2 32 30 7 4 20 23 22 21 14 15 12 31 18
276 1 26 8 9 24 10 11 28 6 16 3 13 25 5 27 29 19 17 2 32 30 7 4 20 23 22 21 14 15 12 31 18
277 1 26 8 9 24 10 11 28 6 16 3 13 25 5 27 29 19 17 2 32 30 7 4 20 23 22 21 14 15 12 31 18
278 1 26 8 9 24 10 11 28 6 16 3 13 25 5 27 29 19 17 2 32 30 7 4 20 23 22 21 14 15 12 31 18
279 1 26 8 9 24 10 11 28 6 16 3 13 25 5 27 29 19 17 2 32 30 7 4 20 23 22 21 14 15 12 31 18
280 1 26 8 9 24 10 11 28 6 16 3 13 25 5 27 29 19 17 2 32 30 7 4 20 23 22 21 14 15 12 31 18
281 1 26 8 9 24 10 11 28 6 16 3 13 25 5 27 29 19 17 2 32 30 7 4 20 23 22 21 14 15 12 31 18
282 1 26 8 9 24 10 11 28 6 16 3 13 25 5 27 29 19 17 2 32 30 7 4 20 23 22 21 14 15 12 31 18
283 1 26 8 9 24 10 11 28 6 16 3 13 25 5 27 29 19 17 2 32 30 7 4 20 23 22 21 14 15 12 31 18
284 1 26 8 9 24 10 11 28 6 16 3 13 25 5 27 29 19 17 2 32 30 7 4 20 23 22 21 14 15 12 31 18
285 1 26 8 9 24 10 11 28 6 16 3 13 25 5 27 29 19 17 2 32 30 7 4 20 23 22 21 14 15 12 31 18
286 1 26 8 9 24 10 11 28 6 16 3 13 25 5 27 29 19 17 2 32 30 7 4 20 23 22 21 14 15 12 31 18
287 1 26 8 9 24 10 11 28 6 16 3 13 25 5 27 29 19 17 2 32 30 7 4 20 23 22 21 14 15 12 31 18
288 1 26 8 9 24 10 11 28 6 16 3 13 25 5 27 29 19 17 2 32 30 7 4 20 23 22 21 14 15 12 31 18
289 1 26 8 9 24 10 11 28 6 16 3 13 25 5 27 29 19 17 2 32 30 7 4 20 23 22 21 14 15 12 31 18
290 1 26 8 9 24 10 11 28 6 16 3 13 25 5 27 29 19 17 2 32 30 7 4 20 23 22 21 14 15 12 31 18
291 1 26 8 9 24 10 11 28 6 16 3 13 25 5 27 29 19 17 2 32 30 7 4 20 23 22 21 14 15 12 31 18
292 1 26 8 9 24 10 11 28 6 16 3 13 25 5 27 29 19 17 2 32 30 7 4 20 23 22 21 14 15 12 31 18
293 1 26 8 9 24 10 11 28 6 16 3 13 25 5 27 29 19 17 2 32 30 7 4 20 23 22 21 14 15 12 31 18
294 1 26 8 9 24 10 11 28 6 16 3 13 25 5 27 29 19 17 2 32 30 7 4 20 23 22 21 14 15 12 31 18
295 1 26 8 9 24 10 11 28 6 16 3 13 25 5 27 29 19 17 2 32 30 7 4 20 23 22 21 14 15 12 31 18
296 1 26 8 9 24 10 11 28 6 16 3 13 25 5 27 29 19 17 2 32 30 7 4 20 23 22 21 14 15 12 31 18
297 1 26 8 9 24 10 11 28 6 16 3 13 25 5 27 29 19 17 2 32 30 7 4 20 23 22 21 14 15 12 31 18
298 1 26 8 9 24 10 11 28 6 16 3 13 25 5 27 29 19 17 2 32 30 7 4 20 23 22 21 14 15 12 31 18
299 1 26 8 9 24 10 11 28 6 16 3 13 25 5 27 29 19 17 2 32 30 7 4 20 23 22 21 14 15 12 31 18
300 1 26 8 9 24 10 11 28 6 16 3 13 25 5 27 29 19 17 2 32 30 7 4 20 23 22 21 14 15 12 31 18
301 1 26 8 9 24 10 11 28 6 16 3 13 25 5 27 29 19 17 2 32 30 7 4 20 23 22 21 14 15 12 31 18
302 1 26 8 9 24 10 11 28 6 16 3 13 25 5 27 29 19 17 2 32 30 7 4 20 23 22 21 14 15 12 31 18
303 1 26 8 9 24 10 11 28 6 16 3 13 25 5 27 29 19 17 2 32 30 7 4 20 23 22 21 14 15 12 31 18
304 1 26 8 9 24 10 11 28 6 16 3 13 25 5 27 29 19 17 2 32 30 7 4 20 23 22 21 14 15 12 31 18
305 1 26 8 9 24 10 11 28 6 16 3 13 25 5 27 29 19 17 2 32 30 7 4 20 23 22 21 14 15 12 31 18
306 1 26 8 9 24 10 11 28 6 16 3 13 25 5 27 29 19 17 2 32 30 7 4 20 23 22 21 14 15 12 31 18
307 1 26 8 9 24 10 11 28 6 16 3 13 25 5 27 29 19 17 2 32 30 7 4 20 23 22 21 14 15 12 31 18
308 1 26 8 9 24 10 11 28 6 16 3 13 25 5 27 29 19 17 2 32 30 7 4 20 23 22 21 14 15 12 31 18
309 1 26 8 9 24 10 11 28 6 16 3 13 25 5 27 29 19 17 2 32 30 7 4 20 23 22 21 14 15 12 31 18
310 1 26 8 9 24 10 11 28 6 16 3 13 25 5 27 29 19 17 2 32 30 7 4 20 23 22 21 14 15 12 31 18
311 1 26 8 9 24 10 11 28 6 16 3 13 25 5 27 29 19 17 2 32 30 7 4 20 23 22 21 14 15 12 31 18
312 1 26 8 9 24 10 11 28 6 16 3 13 25 5 27 29 19 17 2 32 30 7 4 20 23 22 21 14 15 12 31 18
313 1 26 8 9 24 10 11 28 6 16 3 13 25 5 27 29 19 17 2 32 30 7 4 20 23 22 21 14 15 12 31 18
314 1 26 8 9 24 10 11 28 6 16 3 13 25 5 27 29 19 17 2 32 30 7 4 20 23 22 21 14 15 12 31 18
315 1 26 8 9 24 10 11 28 6 16 3 13 25 5 27 29 19 17 2 32 30 7 4 20 23 22 21 14 15 12 31 18
316 1 26 8 9 24 10 11 28 6 16 3 13 25 5 27 29 19 17 2 32 30 7 4 20 23 22 21 14 15 12 31 18
317 1 26 8 9 24 10 11 28 6 16 3 13 25 5 27 29 19 17 2 32 30 7 4 20 23 22 21 14 15 12 31 18
318 1 26 8 9 24 10 11 28 6 16 3 13 25 5 27 29 19 17 2 32 30 7 4 20 23 22 21 14 15 12 31 18
319 1 26 8 9 24 10 11 28 6 16 3 13 25 5 27 29 19 17 2 32 30 7 4 20 23 22 21 14 15 12 31 18
320 1 26 8 9 24 10 11 28 6 16 3 13 25 5 27 29 19 17 2 32 30 7 4 20 23 22 21 14 15 12 31 18
321 1 26 8 9 24 10 11 28 6 16 3 13 25 5 27 29 19 17 2 32 30 7 4 20 23 22 21 14 15 12 31 18
322 1 26 8 9 24 10 11 28 6 16 3 13 25 5 27 29 19 17 2 32 30 7 4 20 23 22 21 14 15 12 31 18
323 1 26 8 9 24 10 11 28 6 16 3 13 25 5 27 29 19 17 2 32 30 7 4 20 23 22 21 14 15 12 31 18
324 1 26 8 9 24 10 11 28 6 16 3 13 25 5 27 29 19 17 2 32 30 7 4 20 23 22 21 14 15 12 31 18
325 1 26 8 9 24 10 11 28 6 16 3 13 25 5 27 29 19 17 2 32 30 7 4 20 23 22 21 14 15 12 31 18
326 1 26 8 9 24 10 11 28 6 16 3 13 25 5 27 29 19 17 2 32 30 7 4 20 23 22 21 14 15 12 31 18
327 1 26 8 9 24 10 11 28 6 16 3 13 25 5 27 29 19 17 2 32 30 7 4 20 23 22 21 14 15 12 31 18
328 1 26 8 9 24 10 11 28 6 16 3 13 25 5 27 29 19 17 2 32 30 7 4 20 23 22 21 14 15 12 31 18
329 1 26 8 9 24 10 11 28 6 16 3 13 25 5 27 29 19 17 2 32 30 7 4 20 23 22 21 14 15 12 31 18
330 1 26 8 9 24 10 11 28 6 16 3 13 25 5 27 29 19 17 2 32 30 7 4 20 23 22 21 14 15 12 31 18
331 1 26 8 9 24 10 11 28 6 16 3 13 25 5 27 29 19 17 2 32 30 7 4 20 23 22 21 14 15 12 31 18
332 1 26 8 9 24 10 11 28 6 16 3 13 25 5 27 29 19 17 2 32 30 7 4 20 23 22 21 14 15 12 31 18
333 1 26 8 9 24 10 11 28 6 16 3 13 25 5 27 29 19 17 2 32 30 7 4 20 23 22 21 14 15 12 31 18
334 1 26 8 9 24 10 11 28 6 16 3 13 25 5 27 29 19 17 2 32 30 7 4 20 23 22 21 14 15 12 31 18
335 1 26 8 9 24 10 11 28 6 16 3 13 25 5 27 29 19 17 2 32 30 7 4 20 23 22 21 14 15 12 31 18
336 1 26 8 9 24 10 11 28 6 16 3 13 25 5 27 29 19 17 2 32 30 7 4 20 23 22 21 14 15 12 31 18
337 1 26 8 9 24 10 11 28 6 16 3 13 25 5 27 29 19 17 2 32 30 7 4 20 23 22 21 14 15 12 31 18
338 1 26 8 9 24 10 11 28 6 16 3 13 25 5 27 29 19 17 2 32 30 7 4 20 23 22 21 14 15 12 31 18
339 1 26 8 9 24 10 11 28 6 16 3 13 25 5 27 29 19 17 2 32 30 7 4 20 23 22 21 14 15 12 31 18
340 1 26 8 9 24 10 11 28 6 16 3 13 25 5 27 29 19 17 2 32 30 7 4 20 23 22 21 14 15 12 31 18
341 1 26 8 9 24 10 11 28 6 16 3 13 25 5 27 29 19 17 2 32 30 7 4 20 23 22 21 14 15 12 31 18
342 1 26 8 9 24 10 11 28 6 16 3 13 25 5 27 29 19 17 2 32 30 7 4 20 23 22 21 14 15 12 31 18
343 1 26 8 9 24 10 11 28 6 16 3 13 25 5 27 29 19 17 2 32 30 7 4 20 23 22 21 14 15 12 31 18
344 1 26 8 9 24 10 11 28 6 16 3 13 25 5 27 29 19 17 2 32 30 7 4 20 23 22 21 14 15 12 31 18
345 1 26 8 9 24 10 11 28 6 16 3 13 25 5 27 29 19 17 2 32 30 7 4 20 23 22 21 14 15 12 31 18
346 1 26 8 9 24 10 11 28 6 16 3 13 25 5 27 29 19 17 2 32 30 7 4 20 23 22 21 14 15 12 31 18
347 1 26 8 9 24 10 11 28 6 16 3 13 25 5 27 29 19 17 2 32 30 7 4 20 23 22 21 14 15 12 31 18
348 1 26 8 9 24 10 11 28 6 16 3 13 25 5 27 29 19 17 2 32 30 7 4 20 23 22 21 14 15 12 31 18
349 1 26 8 9 24 10 11 28 6 16 3 13 25 5 27 29 19 17 2 32 30 7 4 20 23 22 21 14 15 12 31 18
350 1 26 8 9 24 10 11 28 6 16 3 13 25 5 27 29 19 17 2 32 30 7 4 20 23 22 21 14 15 12 31 18
351 1 26 8 9 24 10 11 28 6 16 3 13 25 5 27 29 19 17 2 32 30 7 4 20 23 22 21 14 15 12 31 18
352 1 26 8 9 24 10 11 28 6 16 3 13 25 5 27 29 19 17 2 32 30 7 4 20 23 22 21 14 15 12 31 18
353 1 26 8 9 24 10 11 28 6 16 3 13 25 5 27 29 19 17 2 32 30 7 4 20 23 22 21 14 15 12 31 18
354 1 26 8 9 24 10 11 28 6 16 3 13 25 5 27 29 19 17 2 32 30 7 4 20 23 22 21 14 15 12 31 18
355 1 26 8 9 24 10 11 28 6 16 3 13 25 5 27 29 19 17 2 32 30 7 4 20 23 22 21 14 15 12 31 18
356 1 26 8 9 24 10 11 28 6 16 3 13 25 5 27 29 19 17 2 32 30 7 4 20 23 22 21 14 15 12 31 18
357 1 26 8 9 24 10 11 28 6 16 3 13 25 5 27 29 19 17 2 32 30 7 4 20 23 22 21 14 15 12 31 18
358 1 26 8 9 24 10 11 28 6 16 3 13 25 5 27 29 19 17 2 32 30 7 4 20 23 22 21 14 15 12 31 18
359 1 26 8 9 24 10 11 28 6 16 3 13 25 5 27 29 19 17 2 32 30 7 4 20 23 22 21 14 15 12 31 18
360 1 26 8 9 24 10 11 28 6 16 3 13 25 5 27 29 19 17 2 32 30 7 4 20 23 22 21 14 15 12 31 18
361 1 26 8 9 24 10 11 28 6 16 3 13 25 5 27 29 19 17 2 32 30 7 4 20 23 22 21 14 15 12 31 18
362 1 26 8 9 24 10 11 28 6 16 3 13 25 5 27 29 19 17 2 32 30 7 4 20 23 22 21 14 15 12 31 18
363 1 26 8 9 24 10 11 28 6 16 3 13 25 5 27 29 19 17 2 32 30 7 4 20 23 22 21 14 15 12 31 18
364 1 26 8 9 24 10 11 28 6 16 3 13 25 5 27 29 19 17 2 32 30 7 4 20 23 22 21 14 15 12 31 18
365 1 26 8 9 24 10 11 28 6 16 3 13 25 5 27 29 19 17 2 32 30 7 4 20 23 22 21 14 15 12 31 18
366 1 26 8 9 24 10 11 28 6 16 3 13 25 5 27 29 19 17 2 32 30 7 4 20 23 22 21 14 15 12 31 18
367 1 26 8 9 24 10 11 28 6 16 3 13 25 5 27 29 19 17 2 32 30 7 4 20 23 22 21 14 15 12 31 18
368 1 26 8 9 24 10 11 28 6 16 3 13 25 5 27 29 19 17 2 32 30 7 4 20 23 22 21 14 15 12 31 18
369 1 26 8 9 24 10 11 28 6 16 3 13 25 5 27 29 19 17 2 32 30 7 4 20 23 22 21 14 15 12 31 18
370 1 26 8 9 24 10 11 28 6 16 3 13 25 5 27 29 19 17 2 32 30 7 4 20 23 22 21 14 15 12 31 18
371 1 26 8 9 24 10 11 28 6 16 3 13 25 5 27 29 19 17 2 32 30 7 4 20 23 22 21 14 15 12 31 18
372 1 26 8 9 24 10 11 28 6 16 3 13 25 5 27 29 19 17 2 32 30 7 4 20 23 22 21 14 15 12 31 18
373 1 26 8 9 24 10 11 28 6 16 3 13 25 5 27 29 19 17 2 32 30 7 4 20 23 22 21 14 15 12 31 18
374 1 26 8 9 24 10 11 28 6 16 3 13 25 5 27 29 19 17 2 32 30 7 4 20 23 22 21 14 15 12 31 18
375 1 26 8 9 24 10 11 28 6 16 3 13 25 5 27 29 19 17 2 32 30 7 4 20 23 22 21 14 15 12 31 18
376 1 26 8 9 24 10 11 28 6 16 3 13 25 5 27 29 19 17 2 32 30 7 4 20 23 22 21 14 15 12 31 18
377 1 26 8 9 24 10 11 28 6 16 3 13 25 5 27 29 19 17 2 32 30 7 4 20 23 22 21 14 15 12 31 18
378 1 26 8 9 24 10 11 28 6 16 3 13 25 5 27 29 19 17 2 32 30 7 4 20 23 22 21 14 15 12 31 18
379 1 26 8 9 24 10 11 28 6 16 3 13 25 5 27 29 19 17 2 32 30 7 4 20 23 22 21 14 15 12 31 18
380 1 26 8 9 24 10 11 28 6 16 3 13 25 5 27 29 19 17 2 32 30 7 4 20 23 22 21 14 15 12 31 18
381 1 26 8 9 24 10 11 28 6 16 3 13 25 5 27 29 19 17 2 32 30 7 4 20 23 22 21 14 15 12 31 18
382 1 26 8 9 24 10 11 28 6 16 3 13 25 5 27 29 19 17 2 32 30 7 4 20 23 22 21 14 15 12 31 18
383 1 26 8 9 24 10 11 28 6 16 3 13 25 5 27 29 19 17 2 32 30 7 4 20 23 22 21 14 15 12 31 18
384 1 26 8 9 24 10 11 28 6 16 3 13 25 5 27 29 19 17 2 32 30 7 4 20 23 22 21 14 15 12 31 18
385 1 26 8 9 24 10 11 28 6 16 3 13 25 5 27 29 19 17 2 32 30 7 4 20 23 22 21 14 15 12 31 18
386 1 26 8 9 24 10 11 28 6 16 3 13 25 5 27 29 19 17 2 32 30 7 4 20 23 22 21 14 15 12 31 18
387 1 26 8 9 24 10 11 28 6 16 3 13 25 5 27 29 19 17 2 32 30 7 4 20 23 22 21 14 15 12 31 18
388 1 26 8 9 24 10 11 28 6 16 3 13 25 5 27 29 19 17 2 32 30 7 4 20 23 22 21 14 15 12 31 18
389 1 26 8 9 24 10 11 28 6 16 3 13 25 5 27 29 19 17 2 32 30 7 4 20 23 22 21 14 15 12 31 18
390 1 26 8 9 24 10 11 28 6 16 3 13 25 5 27 29 19 17 2 32 30 7 4 20 23 22 21 14 15 12 31 18
391 1 26 8 9 24 10 11 28 6 16 3 13 25 5 27 29 19 17 2 32 30 7 4 20 23 22 21 14 15 12 31 18
392 1 26 8 9 24 10 11 28 6 16 3 13 25 5 27 29 19 17 2 32 30 7 4 20 23 22 21 14 15 12 31 18
393 1 26 8 9 24 10 11 28 6 16 3 13 25 5 27 29 19 17 2 32 30 7 4 20 23 22 21 14 15 12 31 18
394 1 26 8 9 24 10 11 28 6 16 3 13 25 5 27 29 19 17 2 32 30 7 4 20 23 22 21 14 15 12 31 18
395 1 26 8 9 24 10 11 28 6 16 3 13 25 5 27 29 19 17 2 32 30 7 4 20 23 22 21 14 15 12 31 18
396 1 26 8 9 24 10 11 28 6 16 3 13 25 5 27 29 19 17 2 32 30 7 4 20 23 22 21 14 15 12 31 18
397 1 26 8 9 24 10 11 28 6 16 3 13 25 5 27 29 19 17 2 32 30 7 4 20 23 22 21 14 15 12 31 18
398 1 26 8 9 24 10 11 28 6 16 3 13 25 5 27 29 19 17 2 32 30 7 4 20 23 22 21 14 15 12 31 18
399 1 26 8 9 24 10 11 28 6 16 3 13 25 5 27 29 19 17 2 32 30 7 4 20 23 22 21 14 15 12 31 18
400 1 26 8 9 24 10 11 28 6 16 3 13 25 5 27 29 19 17 2 32 30 7 4 20 23 22 21 14 15 12 31 18
401 1 26 8 9 24 10 11 28 6 16 3 13 25 5 27 29 19 17 2 32 30 7 4 20 23 22 21 14 15 12 31 18
402 1 26 8 9 24 10 11 28 6 16 3 13 25 5 27 29 19 17 2 32 30 7 4 20 23 22 21 14 15 12 31 18
403 1 26 8 9 24 10 11 28 6 16 3 13 25 5 27 29 19 17 2 32 30 7 4 20 23 22 21 14 15 12 31 18
404 1 26 8 9 24 10 11 28 6 16 3 13 25 5 27 29 19 17 2 32 30 7 4 20 23 22 21 14 15 12 31 18
405 1 26 8 9 24 10 11 28 6 16 3 13 25 5 27 29 19 17 2 32 30 7 4 20 23 22 21 14 15 12 31 18
406 1 26 8 9 24 10 11 28 6 16 3 13 25 5 27 29 19 17 2 32 30 7 4 20 23 22 21 14 15 12 31 18
407 1 26 8 9 24 10 11 28 6 16 3 13 25 5 27 29 19 17 2 32 30 7 4 20 23 22 21 14 15 12 31 18
408 1 26 8 9 24 10 11 28 6 16 3 13 25 5 27 29 19 17 2 32 30 7 4 20 23 22 21 14 15 12 31 18
409 1 26 8 9 24 10 11 28 6 16 3 13 25 5 27 29 19 17 2 32 30 7 4 20 23 22 21 14 15 12 31 18
410 1 26 8 9 24 10 11 28 6 16 3 13 25 5 27 29 19 17 2 32 30 7 4 20 23 22 21 14 15 12 31 18
411 1 26 8 9 24 10 11 28 6 16 3 13 25 5 27 29 19 17 2 32 30 7 4 20 23 22 21 14 15 12 31 18
412 1 26 8 9 24 10 11 28 6 16 3 13 25 5 27 29 19 17 2 32 30 7 4 20 23 22 21 14 15 12 31 18
413 1 26 8 9 24 10 11 28 6 16 3 13 25 5 27 29 19 17 2 32 30 7 4 20 23 22 21 14 15 12 31 18
414 1 26 8 9 24 10 11 28 6 16 3 13 25 5 27 29 19 17 2 32 30 7 4 20 23 22 21 14 15 12 31 18
415 1 26 8 9 24 10 11 28 6 16 3 13 25 5 27 29 19 17 2 32 30 7 4 20 23 22 21 14 15 12 31 18
416 1 26 8 9 24 10 11 28 6 16 3 13 25 5 27 29 19 17 2 32 30 7 4 20 23 22 21 14 15 12 31 18
417 1 26 8 9 24 10 11 28 6 16 3 13 25 5 27 29 19 17 2 32 30 7 4 20 23 22 21 14 15 12 31 18
418 1 26 8 9 24 10 11 28 6 16 3 13 25 5 27 29 19 17 2 32 30 7 4 20 23 22 21 14 15 12 31 18
419 1 26 8 9 24 10 11 28 6 16 3 13 25 5 27 29 19 17 2 32 30 7 4 20 23 22 21 14 15 12 31 18
420 1 26 8 9 24 10 11 28 6 16 3 13 25 5 27 29 19 17 2 32 30 7 4 20 23 22 21 14 15 12 31 18
421 1 26 8 9 24 10 11 28 6 16 3 13 25 5 27 29 19 17 2 32 30 7 4 20 23 22 21 14 15 12 31 18
422 1 26 8 9 24 10 11 28 6 16 3 13 25 5 27 29 19 17 2 32 30 7 4 20 23 22 21 14 15 12 31 18
423 1 26 8 9 24 10 11 28 6 16 3 13 25 5 27 29 19 17 2 32 30 7 4 20 23 22 21 14 15 12 31 18
424 1 26 8 9 24 10 11 28 6 16 3 13 25 5 27 29 19 17 2 32 30 7 4 20 23 22 21 14 15 12 31 18
425 1 26 8 9 24 10 11 28 6 16 3 13 25 5 27 29 19 17 2 32 30 7 4 20 23 22 21 14 15 12 31 18
426 1 26 8 9 24 10 11 28 6 16 3 13 25 5 27 29 19 17 2 32 30 7 4 20 23 22 21 14 15 12 31 18
427 1 26 8 9 24 10 11 28 6 16 3 13 25 5 27 29 19 17 2 32 30 7 4 20 23 22 21 14 15 12 31 18
428 1 26 8 9 24 10 11 28 6 16 3 13 25 5 27 29 19 17 2 32 30 7 4 20 23 22 21 14 15 12 31 18
429 1 26 8 9 24 10 11 28 6 16 3 13 25 5 27 29 19 17 2 32 30 7 4 20 23 22 21 14 15 12 31 18
430 1 26 8 9 24 10 11 28 6 16 3 13 25 5 27 29 19 17 2 32 30 7 4 20 23 22 21 14 15 12 31 18
431 1 26 8 9 24 10 11 28 6 16 3 13 25 5 27 29 19 17 2 32 30 7 4 20 23 22 21 14 15 12 31 18
432 1 26 8 9 24 10 11 28 6 16 3 13 25 5 27 29 19 17 2 32 30 7 4 20 23 22 21 14 15 12 31 18
433 1 26 8 9 24 10 11 28 6 16 3 13 25 5 27 29 19 17 2 32 30 7 4 20 23 22 21 14 15 12 31 18
434 1 26 8 9 24 10 11 28 6 16 3 13 25 5 27 29 19 17 2 32 30 7 4 20 23 22 21 14 15 12 31 18
435 1 26 8 9 24 10 11 28 6 16 3 13 25 5 27 29 19 17 2 32 30 7 4 20 23 22 21 14 15 12 31 18
436 1 26 8 9 24 10 11 28 6 16 3 13 25 5 27 29 19 17 2 32 30 7 4 20 23 22 21 14 15 12 31 18
437 1 26 8 9 24 10 11 28 6 16 3 13 25 5 27 29 19 17 2 32 30 7 4 20 23 22 21 14 15 12 31 18
438 1 26 8 9 24 10 11 28 6 16 3 13 25 5 27 29 19 17 2 32 30 7 4 20 23 22 21 14 15 12 31 18
439 1 26 8 9 24 10 11 28 6 16 3 13 25 5 27 29 19 17 2 32 30 7 4 20 23 22 21 14 15 12 31 18
440 1 26 8 9 24 10 11 28 6 16 3 13 25 5 27 29 19 17 2 32 30 7 4 20 23 22 21 14 15 12 31 18
441 1 26 8 9 24 10 11 28 6 16 3 13 25 5 27 29 19 17 2 32 30 7 4 20 23 22 21 14 15 12 31 18
442 1 26 8 9 24 10 11 28 6 16 3 13 25 5 27 29 19 17 2 32 30 7 4 20 23 22 21 14 15 12 31 18
443 1 26 8 9 24 10 11 28 6 16 3 13 25 5 27 29 19 17 2 32 30 7 4 20 23 22 21 14 15 12 31 18
444 1 26 8 9 24 10 11 28 6 16 3 13 25 5 27 29 19 17 2 32 30 7 4 20 23 22 21 14 15 12 31 18
445 1 26 8 9 24 10 11 28 6 16 3 13 25 5 27 29 19 17 2 32 30 7 4 20 23 22 21 14 15 12 31 18
446 1 26 8 9 24 10 11 28 6 16 3 13 25 5 27 29 19 17 2 32 30 7 4 20 23 22 21 14 15 12 31 18
447 1 26 8 9 24 10 11 28 6 16 3 13 25 5 27 29 19 17 2 32 30 7 4 20 23 22 21 14 15 12 31 18
448 1 26 8 9 24 10 11 28 6 16 3 13 25 5 27 29 19 17 2 32 30 7 4 20 23 22 21 14 15 12 31 18
449 1 26 8 9 24 10 11 28 6 16 3 13 25 5 27 29 19 17 2 32 30 7 4 20 23 22 21 14 15 12 31 18
450 1 26 8 9 24 10 11 28 6 16 3 13 25 5 27 29 19 17 2 32 30 7 4 20 23 22 21 14 15 12 31 18
451 1 26 8 9 24 10 11 28 6 16 3 13 25 5 27 29 19 17 2 32 30 7 4 20 23 22 21 14 15 12 31 18
452 1 26 8 9 24 10 11 28 6 16 3 13 25 5 27 29 19 17 2 32 30 7 4 20 23 22 21 14 15 12 31 18
453 1 26 8 9 24 10 11 28 6 16 3 13 25 5 27 29 19 17 2 32 30 7 4 20 23 22 21 14 15 12 31 18
454 1 26 8 9 24 10 11 28 6 16 3 13 25 5 27 29 19 17 2 32 30 7 4 20 23 22 21 14 15 12 31 18
455 1 26 8 9 24 10 11 28 6 16 3 13 25 5 27 29 19 17 2 32 30 7 4 20 23 22 21 14 15 12 31 18
456 1 26 8 9 24 10 11 28 6 16 3 13 25 5 27 29 19 17 2 32 30 7 4 20 23 22 21 14 15 12 31 18
457 1 26 8 9 24 10 11 28 6 16 3 13 25 5 27 29 19 17 2 32 30 7 4 20 23 22 21 14 15 12 31 18
458 1 26 8 9 24 10 11 28 6 16 3 13 25 5 27 29 19 17 2 32 30 7 4 20 23 22 21 14 15 12 31 18
459 1 26 8 9 24 10 11 28 6 16 3 13 25 5 27 29 19 17 2 32 30 7 4 20 23 22 21 14 15 12 31 18
460 1 26 8 9 24 10 11 28 6 16 3 13 25 5 27 29 19 17 2 32 30 7 4 20 23 22 21 14 15 12 31 18
461 1 26 8 9 24 10 11 28 6 16 3 13 25 5 27 29 19 17 2 32 30 7 4 20 23 22 21 14 15 12 31 18
462 1 26 8 9 24 10 11 28 6 16 3 13 25 5 27 29 19 17 2 32 30 7 4 20 23 22 21 14 15 12 31 18
463 1 26 8 9 24 10 11 28 6 16 3 13 25 5 27 29 19 17 2 32 30 7 4 20 23 22 21 14 15 12 31 18
464 1 26 8 9 24 10 11 28 6 16 3 13 25 5 27 29 19 17 2 32 30 7 4 20 23 22 21 14 15 12 31 18
465 1 26 8 9 24 10 11 28 6 16 3 13 25 5 27 29 19 17 2 32 30 7 4 20 23 22 21 14 15 12 31 18
466 1 26 8 9 24 10 11 28 6 16 3 13 25 5 27 29 19 17 2 32 30 7 4 20 23 22 21 14 15 12 31 18
467 1 26 8 9 24 10 11 28 6 16 3 13 25 5 27 29 19 17 2 32 30 7 4 20 23 22 21 14 15 12 31 18
468 1 26 8 9 24 10 11 28 6 16 3 13 25 5 27 29 19 17 2 32 30 7 4 20 23 22 21 14 15 12 31 18
469 1 26 8 9 24 10 11 28 6 16 3 13 25 5 27 29 19 17 2 32 30 7 4 20 23 22 21 14 15 12 31 18
470 1 26 8 9 24 10 11 28 6 16 3 13 25 5 27 29 19 17 2 32 30 7 4 20 23 22 21 14 15 12 31 18
471 1 26 8 9 24 10 11 28 6 16 3 13 25 5 27 29 19 17 2 32 30 7 4 20 23 22 21 14 15 12 31 18
472 1 26 8 9 24 10 11 28 6 16 3 13 25 5 27 29 19 17 2 32 30 7 4 20 23 22 21 14 15 12 31 18
473 1 26 8 9 24 10 11 28 6 16 3 13 25 5 27 29 19 17 2 32 30 7 4 20 23 22 21 14 15 12 31 18
474 1 26 8 9 24 10 11 28 6 16 3 13 25 5 27 29 19 17 2 32 30 7 4 20 23 22 21 14 15 12 31 18
475 1 26 8 9 24 10 11 28 6 16 3 13 25 5 27 29 19 17 2 32 30 7 4 20 23 22 21 14 15 12 31 18
476 1 26 8 9 24 10 11 28 6 16 3 13 25 5 27 29 19 17 2 32 30 7 4 20 23 22 21 14 15 12 31 18
477 1 26 8 9 24 10 11 28 6 16 3 13 25 5 27 29 19 17 2 32 30 7 4 20 23 22 21 14 15 12 31 18
478 1 26 8 9 24 10 11 28 6 16 3 13 25 5 27 29 19 17 2 32 30 7 4 20 23 22 21 14 15 12 31 18
479 1 26 8 9 24 10 11 28 6 16 3 13 25 5 27 29 19 17 2 32 30 7 4 20 23 22 21 14 15 12 31 18
480 1 26 8 9 24 10 11 28 6 16 3 13 25 5 27 29 19 17 2 32 30 7 4 20 23 22 21 14 15 12 31 18
481 1 26 8 9 24 10 11 28 6 16 3 13 25 5 27 29 19 17 2 32 30 7 4 20 23 22 21 14 15 12 31 18
482 1 26 8 9 24 10 11 28 6 16 3 13 25 5 27 29 19 17 2 32 30 7 4 20 23 22 21 14 15 12 31 18
483 1 26 8 9 24 10 11 28 6 16 3 13 25 5 27 29 19 17 2 32 30 7 4 20 23 22 21 14 15 12 31 18
484 1 26 8 9 24 10 11 28 6 16 3 13 25 5 27 29 19 17 2 32 30 7 4 20 23 22 21 14 15 12 31 18
485 1 26 8 9 24 10 11 28 6 16 3 13 25 5 27 29 19 17 2 32 30 7 4 20 23 22 21 14 15 12 31 18
486 1 26 8 9 24 10 11 28 6 16 3 13 25 5 27 29 19 17 2 32 30 7 4 20 23 22 21 14 15 12 31 18
487 1 26 8 9 24 10 11 28 6 16 3 13 25 5 27 29 19 17 2 32 30 7 4 20 23 22 21 14 15 12 31 18
488 1 26 8 9 24 10 11 28 6 16 3 13 25 5 27 29 19 17 2 32 30 7 4 20 23 22 21 14 15 12 31 18
489 1 26 8 9 24 10 11 28 6 16 3 13 25 5 27 29 19 17 2 32 30 7 4 20 23 22 21 14 15 12 31 18
490 1 26 8 9 24 10 11 28 6 16 3 13 25 5 27 29 19 17 2 32 30 7 4 20 23 22 21 14 15 12 31 18
491 1 26 8 9 24 10 11 28 6 16 3 13 25 5 27 29 19 17 2 32 30 7 4 20 23 22 21 14 15 12 31 18
492 1 26 8 9 24 10 11 28 6 16 3 13 25 5 27 29 19 17 2 32 30 7 4 20 23 22 21 14 15 12 31 18
493 1 26 8 9 24 10 11 28 6 16 3 13 25 5 27 29 19 17 2 32 30 7 4 20 23 22 21 14 15 12 31 18
494 1 26 8 9 24 10 11 28 6 16 3 13 25 5 27 29 19 17 2 32 30 7 4 20 23 22 21 14 15 12 31 18
495 1 26 8 9 24 10 11 28 6 16 3 13 25 5 27 29 19 17 2 32 30 7 4 20 23 22 21 14 15 12 31 18
496 1 26 8 9 24 10 11 28 6 16 3 13 25 5 27 29 19 17 2 32 30 7 4 20 23 22 21 14 15 12 31 18
497 1 26 8 9 24 10 11 28 6 16 3 13 25 5 27 29 19 17 2 32 30 7 4 20 23 22 21 14 15 12 31 18
498 1 26 8 9 24 10 11 28 6 16 3 13 25 5 27 29 19 17 2 32 30 7 4 20 23 22 21 14 15 12 31 18
499 1 26 8 9 24 10 11 28 6 16 3 13 25 5 27 29 19 17 2 32 30 7 4 20 23 22 21 14 15 12 31 18
500 1 26 8 9 24 10 11 28 6 16 3 13 25 5 27 29 19 17 2 32 30 7 4 20 23 22 21 14 15 12 31 18
501 1 26 8 9 24 10 11 28 6 16 3 13 25 5 27 29 19 17 2 32 30 7 4 20 23 22 21 14 15 12 31 18
502 1 26 8 9 24 10 11 28 6 16 3 13 25 5 27 29 19 17 2 32 30 7 4 20 23 22 21 14 15 12 31 18
503 1 26 8 9 24 10 11 28 6 16 3 13 25 5 27 29 19 17 2 32 30 7 4 20 23 22 21 14 15 12 31 18
504 1 26 8 9 24 10 11 28 6 16 3 13 25 5 27 29 19 17 2 32 30 7 4 20 23 22 21 14 15 12 31 18
505 1 26 8 9 24 10 11 28 6 16 3 13 25 5 27 29 19 17 2 32 30 7 4 20 23 22 21 14 15 12 31 18
506 1 26 8 9 24 10 11 28 6 16 3 13 25 5 27 29 19 17 2 32 30 7 4 20 23 22 21 14 15 12 31 18
507 1 26 8 9 24 10 11 28 6 16 3 13 25 5 27 29 19 17 2 32 30 7 4 20 23 22 21 14 15 12 31 18
508 1 26 8 9 24 10 11 28 6 16 3 13 25 5 27 29 19 17 2 32 30 7 4 20 23 22 21 14 15 12 31 18
509 1 26 8 9 24 10 11 28 6 16 3 13 25 5 27 29 19 17 2 32 30 7 4 20 23 22 21 14 15 12 31 18
510 1 26 8 9 24 10 11 28 6 16 3 13 25 5 27 29 19 17 2 32 30 7 4 20 23 22 21 14 15 12 31 18
511 1 26 8 9 24 10 11 28 6 16 3 13 25 5 27 29 19 17 2 32 30 7 4 20 23 22 21 14 15 12 31 18
512 1 26 8 9 24 10 11 28 6 16 3 13 25 5 27 29 19 17 2 32 30 7 4 20 23 22 21 14 15 12 31 18
513 1 26 8 9 24 10 11 28 6 16 3 13 25 5 27 29 19 17 2 32 30 7 4 20 23 22 21 14 15 12 31 18
514 1 26 8 9 24 10 11 28 6 16 3 13 25 5 27 29 19 17 2 32 30 7 4 20 23 22 21 14 15 12 31 18
515 1 26 8 9 24 10 11 28 6 16 3 13 25 5 27 29 19 17 2 32 30 7 4 20 23 22 21 14 15 12 31 18
516 1 26 8 9 24 10 11 28 6 16 3 13 25 5 27 29 19 17 2 32 30 7 4 20 23 22 21 14 15 12 31 18
517 1 26 8 9 24 10 11 28 6 16 3 13 25 5 27 29 19 17 2 32 30 7 4 20 23 22 21 14 15 12 31 18
518 1 26 8 9 24 10 11 28 6 16 3 13 25 5 27 29 19 17 2 32 30 7 4 20 23 22 21 14 15 12 31 18
519 1 26 8 9 24 10 11 28 6 16 3 13 25 5 27 29 19 17 2 32 30 7 4 20 23 22 21 14 15 12 31 18
520 1 26 8 9 24 10 11 28 6 16 3 13 25 5 27 29 19 17 2 32 30 7 4 20 23 22 21 14 15 12 31 18
521 1 26 8 9 24 10 11 28 6 16 3 13 25 5 27 29 19 17 2 32 30 7 4 20 23 22 21 14 15 12 31 18
522 1 26 8 9 24 10 11 28 6 16 3 13 25 5 27 29 19 17 2 32 30 7 4 20 23 22 21 14 15 12 31 18
523 1 26 8 9 24 10 11 28 6 16 3 13 25 5 27 29 19 17 2 32 30 7 4 20 23 22 21 14 15 12 31 18
524 1 26 8 9 24 10 11 28 6 16 3 13 25 5 27 29 19 17 2 32 30 7 4 20 23 22 21 14 15 12 31 18
525 1 26 8 9 24 10 11 28 6 16 3 13 25 5 27 29 19 17 2 32 30 7 4 20 23 22 21 14 15 12 31 18
526 1 26 8 9 24 10 11 28 6 16 3 13 25 5 27 29 19 17 2 32 30 7 4 20 23 22 21 14 15 12 31 18
527 1 26 8 9 24 10 11 28 6 16 3 13 25 5 27 29 19 17 2 32 30 7 4 20 23 22 21 14 15 12 31 18
528 1 26 8 9 24 10 11 28 6 16 3 13 25 5 27 29 19 17 2 32 30 7 4 20 23 22 21 14 15 12 31 18
529 1 26 8 9 24 10 11 28 6 16 3 13 25 5 27 29 19 17 2 32 30 7 4 20 23 22 21 14 15 12 31 18
530 1 26 8 9 24 10 11 28 6 16 3 13 25 5 27 29 19 17 2 32 30 7 4 20 23 22 21 14 15 12 31 18
531 1 26 8 9 24 10 11 28 6 16 3 13 25 5 27 29 19 17 2 32 30 7 4 20 23 22 21 14 15 12 31 18
532 1 26 8 9 24 10 11 28 6 16 3 13 25 5 27 29 19 17 2 32 30 7 4 20 23 22 21 14 15 12 31 18
533 1 26 8 9 24 10 11 28 6 16 3 13 25 5 27 29 19 17 2 32 30 7 4 20 23 22 21 14 15 12 31 18
534 1 26 8 9 24 10 11 28 6 16 3 13 25 5 27 29 19 17 2 32 30 7 4 20 23 22 21 14 15 12 31 18
535 1 26 8 9 24 10 11 28 6 16 3 13 25 5 27 29 19 17 2 32 30 7 4 20 23 22 21 14 15 12 31 18
536 1 26 8 9 24 10 11 28 6 16 3 13 25 5 27 29 19 17 2 32 30 7 4 20 23 22 21 14 15 12 31 18
537 1 26 8 9 24 10 11 28 6 16 3 13 25 5 27 29 19 17 2 32 30 7 4 20 23 22 21 14 15 12 31 18
538 1 26 8 9 24 10 11 28 6 16 3 13 25 5 27 29 19 17 2 32 30 7 4 20 23 22 21 14 15 12 31 18
539 1 26 8 9 24 10 11 28 6 16 3 13 25 5 27 29 19 17 2 32 30 7 4 20 23 22 21 14 15 12 31 18
540 1 26 8 9 24 10 11 28 6 16 3 13 25 5 27 29 19 17 2 32 30 7 4 20 23 22 21 14 15 12 31 18
541 1 26 8 9 24 10 11 28 6 16 3 13 25 5 27 29 19 17 2 32 30 7 4 20 23 22 21 14 15 12 31 18
542 1 26 8 9 24 10 11 28 6 16 3 13 25 5 27 29 19 17 2 32 30 7 4 20 23 22 21 14 15 12 31 18
543 1 26 8 9 24 10 11 28 6 16 3 13 25 5 27 29 19 17 2 32 30 7 4 20 23 22 21 14 15 12 31 18
544 1 26 8 9 24 10 11 28 6 16 3 13 25 5 27 29 19 17 2 32 30 7 4 20 23 22 21 14 15 12 31 18
545 1 26 8 9 24 10 11 28 6 16 3 13 25 5 27 29 19 17 2 32 30 7 4 20 23 22 21 14 15 12 31 18
546 1 26 8 9 24 10 11 28 6 16 3 13 25 5 27 29 19 17 2 32 30 7 4 20 23 22 21 14 15 12 31 18
547 1 26 8 9 24 10 11 28 6 16 3 13 25 5 27 29 19 17 2 32 30 7 4 20 23 22 21 14 15 12 31 18
548 1 26 8 9 24 10 11 28 6 16 3 13 25 5 27 29 19 17 2 32 30 7 4 20 23 22 21 14 15 12 31 18
549 1 26 8 9 24 10 11 28 6 16 3 13 25 5 27 29 19 17 2 32 30 7 4 20 23 22 21 14 15 12 31 18
550 1 26 8 9 24 10 11 28 6 16 3 13 25 5 27 29 19 17 2 32 30 7 4 20 23 22 21 14 15 12 31 18
551 1 26 8 9 24 10 11 28 6 16 3 13 25 5 27 29 19 17 2 32 30 7 4 20 23 22 21 14 15 12 31 18
552 1 26 8 9 24 10 11 28 6 16 3 13 25 5 27 29 19 17 2 32 30 7 4 20 23 22 21 14 15 12 31 18
553 1 26 8 9 24 10 11 28 6 16 3 13 25 5 27 29 19 17 2 32 30 7 4 20 23 22 21 14 15 12 31 18
554 1 26 8 9 24 10 11 28 6 16 3 13 25 5 27 29 19 17 2 32 30 7 4 20 23 22 21 14 15 12 31 18
555 1 26 8 9 24 10 11 28 6 16 3 13 25 5 27 29 19 17 2 32 30 7 4 20 23 22 21 14 15 12 31 18
556 1 26 8 9 24 10 11 28 6 16 3 13 25 5 27 29 19 17 2 32 30 7 4 20 23 22 21 14 15 12 31 18
557 1 26 8 9 24 10 11 28 6 16 3 13 25 5 27 29 19 17 2 32 30 7 4 20 23 22 21 14 15 12 31 18
558 1 26 8 9 24 10 11 28 6 16 3 13 25 5 27 29 19 17 2 32 30 7 4 20 23 22 21 14 15 12 31 18
559 1 26 8 9 24 10 11 28 6 16 3 13 25 5 27 29 19 17 2 32 30 7 4 20 23 22 21 14 15 12 31 18
560 1 26 8 9 24 10 11 28 6 16 3 13 25 5 27 29 19 17 2 32 30 7 4 20 23 22 21 14 15 12 31 18
561 1 26 8 9 24 10 11 28 6 16 3 13 25 5 27 29 19 17 2 32 30 7 4 20 23 22 21 14 15 12 31 18
562 1 26 8 9 24 10 11 28 6 16 3 13 25 5 27 29 19 17 2 32 30 7 4 20 23 22 21 14 15 12 31 18
563 1 26 8 9 24 10 11 28 6 16 3 13 25 5 27 29 19 17 2 32 30 7 4 20 23 22 21 14 15 12 31 18
564 1 26 8 9 24 10 11 28 6 16 3 13 25 5 27 29 19 17 2 32 30 7 4 20 23 22 21 14 15 12 31 18
565 1 26 8 9 24 10 11 28 6 16 3 13 25 5 27 29 19 17 2 32 30 7 4 20 23 22 21 14 15 12 31 18
566 1 26 8 9 24 10 11 28 6 16 3 13 25 5 27 29 19 17 2 32 30 7 4 20 23 22 21 14 15 12 31 18
567 1 26 8 9 24 10 11 28 6 16 3 13 25 5 27 29 19 17 2 32 30 7 4 20 23 22 21 14 15 12 31 18
568 1 26 8 9 24 10 11 28 6 16 3 13 25 5 27 29 19 17 2 32 30 7 4 20 23 22 21 14 15 12 31 18
569 1 26 8 9 24 10 11 28 6 16 3 13 25 5 27 29 19 17 2 32 30 7 4 20 23 22 21 14 15 12 31 18
570 1 26 8 9 24 10 11 28 6 16 3 13 25 5 27 29 19 17 2 32 30 7 4 20 23 22 21 14 15 12 31 18
571 1 26 8 9 24 10 11 28 6 16 3 13 25 5 27 29 19 17 2 32 30 7 4 20 23 22 21 14 15 12 31 18
572 1 26 8 9 24 10 11 28 6 16 3 13 25 5 27 29 19 17 2 32 30 7 4 20 23 22 21 14 15 12 31 18
573 1 26 8 9 24 10 11 28 6 16 3 13 25 5 27 29 19 17 2 32 30 7 4 20 23 22 21 14 15 12 31 18
574 1 26 8 9 24 10 11 28 6 16 3 13 25 5 27 29 19 17 2 32 30 7 4 20 23 22 21 14 15 12 31 18
575 1 26 8 9 24 10 11 28 6 16 3 13 25 5 27 29 19 17 2 32 30 7 4 20 23 22 21 14 15 12 31 18
576 1 26 8 9 24 10 11 28 6 16 3 13 25 5 27 29 19 17 2 32 30 7 4 20 23 22 21 14 15 12 31 18
577 1 26 8 9 24 10 11 28 6 16 3 13 25 5 27 29 19 17 2 32 30 7 4 20 23 22 21 14 15 12 31 18
578 1 26 8 9 24 10 11 28 6 16 3 13 25 5 27 29 19 17 2 32 30 7 4 20 23 22 21 14 15 12 31 18
579 1 26 8 9 24 10 11 28 6 16 3 13 25 5 27 29 19 17 2 32 30 7 4 20 23 22 21 14 15 12 31 18
580 1 26 8 9 24 10 11 28 6 16 3 13 25 5 27 29 19 17 2 32 30 7 4 20 23 22 21 14 15 12 31 18
581 1 26 8 9 24 10 11 28 6 16 3 13 25 5 27 29 19 17 2 32 30 7 4 20 23 22 21 14 15 12 31 18
582 1 26 8 9 24 10 11 28 6 16 3 13 25 5 27 29 19 17 2 32 30 7 4 20 23 22 21 14 15 12 31 18
583 1 26 8 9 24 10 11 28 6 16 3 13 25 5 27 29 19 17 2 32 30 7 4 20 23 22 21 14 15 12 31 18
584 1 26 8 9 24 10 11 28 6 16 3 13 25 5 27 29 19 17 2 32 30 7 4 20 23 22 21 14 15 12 31 18
585 1 26 8 9 24 10 11 28 6 16 3 13 25 5 27 29 19 17 2 32 30 7 4 20 23 22 21 14 15 12 31 18
586 1 26 8 9 24 10 11 28 6 16 3 13 25 5 27 29 19 17 2 32 30 7 4 20 23 22 21 14 15 12 31 18
587 1 26 8 9 24 10 11 28 6 16 3 13 25 5 27 29 19 17 2 32 30 7 4 20 23 22 21 14 15 12 31 18
588 1 26 8 9 24 10 11 28 6 16 3 13 25 5 27 29 19 17 2 32 30 7 4 20 23 22 21 14 15 12 31 18
589 1 26 8 9 24 10 11 28 6 16 3 13 25 5 27 29 19 17 2 32 30 7 4 20 23 22 21 14 15 12 31 18
590 1 26 8 9 24 10 11 28 6 16 3 13 25 5 27 29 19 17 2 32 30 7 4 20 23 22 21 14 15 12 31 18
591 1 26 8 9 24 10 11 28 6 16 3 13 25 5 27 29 19 17 2 32 30 7 4 20 23 22 21 14 15 12 31 18
592 1 26 8 9 24 10 11 28 6 16 3 13 25 5 27 29 19 17 2 32 30 7 4 20 23 22 21 14 15 12 31 18
593 1 26 8 9 24 10 11 28 6 16 3 13 25 5 27 29 19 17 2 32 30 7 4 20 23 22 21 14 15 12 31 18
594 1 26 8 9 24 10 11 28 6 16 3 13 25 5 27 29 19 17 2 32 30 7 4 20 23 22 21 14 15 12 31 18
595 1 26 8 9 24 10 11 28 6 16 3 13 25 5 27 29 19 17 2 32 30 7 4 20 23 22 21 14 15 12 31 18
596 1 26 8 9 24 10 11 28 6 16 3 13 25 5 27 29 19 17 2 32 30 7 4 20 23 22 21 14 15 12 31 18
597 1 26 8 9 24 10 11 28 6 16 3 13 25 5 27 29 19 17 2 32 30 7 4 20 23 22 21 14 15 12 31 18
598 1 26 8 9 24 10 11 28 6 16 3 13 25 5 27 29 19 17 2 32 30 7 4 20 23 22 21 14 15 12 31 18
599 1 26 8 9 24 10 11 28 6 16 3 13 25 5 27 29 19 17 2 32 30 7 4 20 23 22 21 14 15 12 31 18
600 1 26 8 9 24 10 11 28 6 16 3 13 25 5 27 29 19 17 2 32 30 7 4 20 23 22 21 14 15 12 31 18
