-0.131341   -0.143203   0.192792
0.455053   -0.116273   0.484587
-0.263411   -0.0679956   0.0996499
0.20998   -0.458004   -0.191285
-0.0740181   -0.483858   0.296686
-0.0569302   -0.413591   -0.482265
-0.296742   0.222044   0.283838
-0.447685   -0.235677   0.17644
-0.385154   0.120483   -0.167055
-0.298952   -0.399952   -0.078677
0.308132   -0.244776   -0.315363
0.426746   0.0483034   -0.482253
0.0814774   0.339145   -0.378917
0.396983   -0.0781266   0.358763
0.214348   -0.0370895   -0.420188
-0.26056   0.109784   -0.113247
0.33374   -0.194702   0.466946
-0.35557   -0.0739839   0.421439
0.494454   0.0253605   -0.388808
-0.242494   -0.170866   0.120538
-0.384174   -0.230599   0.251645
0.100489   -0.207738   0.0983649
0.177688   0.479257   0.417844
0.105287   -0.313501   0.108694
-0.260357   -0.296604   0.458355
-0.431934   -0.0478968   0.38322
0.23333   -0.196699   0.116525
0.330021   0.263793   0.378757
-0.00343741   -0.131375   0.127774
-0.423156   0.253324   0.330119
-0.23147   0.0979156   -0.471248
-0.418287   0.204449   0.171616
-0.0022174   -0.126921   -0.153331
0.413834   -0.208165   -0.218298
0.113295   -0.169192   -0.371685
-0.189975   0.0279986   0.165384
0.195426   0.355591   0.486093
-0.0748866   -0.427394   0.232996
0.229893   0.084114   0.103463
0.141386   -0.442399   0.284325
0.0241081   -0.48863   0.0155975
0.167554   -0.242019   0.128432
0.128312   -0.430533   0.064385
0.483086   0.0734324   0.463732
-0.492618   0.059408   0.330705
0.0866764   -0.473823   -0.0947712
0.27536   -0.393468   -0.121745
0.0216854   0.427219   -0.317337
0.238572   -0.154255   0.374785
-0.136366   0.109193   -0.389461
0.155847   -0.301031   -0.293917
-0.439136   0.397396   0.371412
-0.339108   -0.394159   0.435068
-0.261816   -0.196646   0.307419
-0.208634   -0.0743872   0.0267011
0.305788   -0.372718   0.364682
0.0618061   0.376343   0.320648
-0.274461   0.0345221   0.0952896
0.0616648   0.278305   0.325977
-0.240691   0.152074   0.103784
-0.151042   0.227585   0.145323
0.102307   -0.000478401   0.100912
-0.373497   -0.492981   0.466846
0.488281   0.461542   -0.047183
0.0753218   0.478966   0.369032
0.475544   0.224749   0.338968
-0.065245   -0.0108808   -0.056022
-0.416007   0.0663545   0.279709
-0.403536   -0.0737313   -0.233244
-0.357868   0.158754   0.29259
0.231758   -0.408521   0.222764
-0.102711   -0.014118   0.0778658
0.197204   -0.07986   -0.12291
0.272656   -0.311998   0.300531
-0.281835   0.236254   0.173423
-0.208348   -0.23975   0.379336
0.41302   0.185712   -0.270289
0.35091   -0.124789   0.431375
-0.0594165   -0.451493   0.00557854
-0.230095   0.117863   -0.00282598
-0.416983   -0.0406704   -0.435002
0.492034   0.230317   0.0296241
0.258961   0.332102   -0.199391
0.450319   -0.214525   0.229386
0.0109015   -0.338247   0.465418
-0.307998   0.267324   -0.292194
-0.12025   -0.270969   -0.48579
0.481113   0.161107   0.415641
0.359778   -0.0642694   -0.451752
0.011087   0.147646   0.44025
0.247857   -0.459794   -0.0697117
-0.00543897   -0.236335   0.179846
0.467473   0.0617752   0.0811801
-0.226429   -0.325213   0.0468951
0.191406   -0.290729   0.287341
0.133065   0.384063   0.176973
-0.35858   -0.356743   -0.273026
-0.111406   0.4865   -0.00466906
-0.488222   0.025584   -0.465269
-0.47779   0.0898052   -0.163239
-0.350612   0.333865   0.466407
0.461861   -0.0943452   -0.0923245
0.0413463   0.373804   0.185785
0.250656   0.2247   0.354499
0.476026   -0.231516   0.365374
0.252123   -0.0399077   0.471979
0.381437   0.25241   0.22185
-0.129344   0.105697   -0.0537166
