0.254019   -0.470499   0.170461   0.254029   -0.4705   0.170429
-0.327385   -0.283497   -0.377023   -0.327309   -0.283493   -0.377044
-0.189946   0.47936   -0.231436   -0.18997   0.479389   -0.231412
-0.034337   0.224256   0.47098   -0.034338   0.224199   0.470955
0.434342   -0.441722   0.466518   0.434263   -0.441749   0.466479
0.0772792   0.229732   0.411374   0.0772561   0.229797   0.411356
-0.00949249   -0.351654   0.191149   -0.00948396   -0.351635   0.191227
0.15735   0.465463   -0.179949   0.157365   0.465457   -0.180011
-0.0712832   0.444632   -0.182801   -0.0712415   0.444589   -0.182788
-0.132993   -0.0107468   0.375169   -0.133021   -0.0107277   0.375161
-0.0833226   0.410963   0.140939   -0.0833023   0.410978   0.140912
0.0615561   -0.0048273   -0.408202   0.0615652   -0.00477942   -0.408252
-0.117059   -0.365425   0.401875   -0.117086   -0.365429   0.401884
-0.453847   -0.424537   0.296893   -0.453851   -0.424559   0.296876
-0.432341   -0.0548939   -0.371569   -0.432266   -0.0548682   -0.371531
-0.113016   -0.280665   0.28678   -0.113017   -0.280671   0.286835
-0.38258   0.439296   -0.149761   -0.382556   0.439355   -0.14976
0.164645   -0.326302   0.367127   0.164624   -0.326292   0.367076
-0.0660259   -0.453247   -0.313978   -0.0660918   -0.453245   -0.314024
0.27351   0.217508   0.204791   0.273498   0.217425   0.204886
0.462468   -0.0368975   -0.266185   0.462331   -0.0368998   -0.266169
0.203188   0.476622   -0.423185   0.20316   0.476603   -0.423148
-0.00168015   -0.10566   -0.0903425   -0.00167797   -0.105621   -0.0903304
0.184975   -0.453437   -0.378932   0.185057   -0.453378   -0.378963
0.00730786   0.344615   0.400897   0.00731799   0.3446   0.40093
0.0992706   -0.358597   0.419688   0.0993097   -0.358643   0.419718
0.059493   0.28123   -0.42734   0.0594747   0.281168   -0.4273
-0.363171   0.496333   -0.432365   -0.3632   0.496343   -0.432327
0.0198156   -0.00597761   0.231049   0.0198694   -0.00600657   0.231008
0.106739   0.472917   -0.120663   0.106702   0.472869   -0.120692
0.228333   0.0193115   0.154937   0.228325   0.0193456   0.154947
0.0479737   0.00609035   0.0621963   0.0480202   0.0061477   0.0622464
0.0703236   0.198155   -0.394786   0.0702998   0.198212   -0.394802
0.411407   -0.042597   -0.133837   0.411351   -0.0425873   -0.133877
-0.476818   -0.219531   0.307099   -0.476863   -0.219488   0.307019
-0.0536367   0.100846   -0.179537   -0.0536425   0.10089   -0.179516
-0.40483   -0.249518   0.36642   -0.40487   -0.249539   0.366419
-0.258284   -0.347045   -0.0838199   -0.258304   -0.347093   -0.0838207
0.379693   -0.0801363   -0.470163   0.379696   -0.0802184   -0.470137
-0.317089   -0.205465   0.140754   -0.317127   -0.205474   0.140734
0.166037   0.325828   0.248607   0.166112   0.325818   0.248616
-0.118099   0.171788   -0.248701   -0.118073   0.171797   -0.248621
0.262878   0.355481   -0.0445326   0.262939   0.355448   -0.0444842
0.134135   0.246788   0.0904643   0.134157   0.246797   0.0904525
-0.342125   0.085288   0.456865   -0.342097   0.0853735   0.456837
-0.0685366   0.303211   -0.454906   -0.0684601   0.303207   -0.454844
0.163893   0.0805284   0.196836   0.163869   0.0805141   0.196786
0.0248649   -0.332006   -0.40466   0.0247969   -0.332023   -0.404717
0.190082   -0.118021   0.0957822   0.190052   -0.11808   0.0957593
-0.0493398   -0.469986   0.410179   -0.0493698   -0.470099   0.410203
0.135491   -0.30225   -0.447719   0.135492   -0.302246   -0.447688
0.329075   0.106282   0.0391628   0.329179   0.106314   0.0391302
-0.157441   -0.372652   -0.293498   -0.157514   -0.372629   -0.293487
-0.38195   -0.295259   0.0479231   -0.381962   -0.295278   0.0479345
0.169485   -0.376392   0.21598   0.169441   -0.376347   0.216062
0.250097   0.199361   -0.0619945   0.250099   0.199374   -0.0619975
-0.0165013   -0.354426   0.485506   -0.0164569   -0.354391   0.485548
0.0870812   -0.28315   0.440515   0.0870961   -0.283202   0.440515
0.424394   0.112567   0.248724   0.424436   0.112534   0.24874
-0.492063   0.476274   0.0222055   -0.492045   0.476274   0.0222384
-0.0126698   0.48494   0.0337703   -0.0126978   0.484901   0.0338044
0.239393   -0.242035   0.222662   0.239459   -0.242076   0.222749
0.18131   -0.299157   0.267539   0.18129   -0.299123   0.267534
-0.0231137   0.0681232   -0.457575   -0.0230995   0.0681424   -0.457575
-0.344032   0.258351   -0.0797362   -0.343959   0.258376   -0.0797295
0.499739   0.481987   0.121193   0.499702   0.481909   0.121245
-0.453225   -0.382802   0.118171   -0.453304   -0.382751   0.118163
0.371419   -0.268588   0.178356   0.371442   -0.268615   0.178398
0.332676   -0.151569   -0.071905   0.332678   -0.151582   -0.0719435
-0.0144061   0.223792   -0.452347   -0.0143317   0.223794   -0.452301
-0.423286   -0.108754   0.00866189   -0.423301   -0.108767   0.00862372
0.15408   0.192592   -0.00725181   0.154055   0.192558   -0.00734074
0.0391104   0.144644   -0.323877   0.039049   0.144634   -0.323865
-0.116695   -0.0626274   0.14336   -0.116727   -0.062576   0.143415
-0.193296   -0.432242   0.410169   -0.193255   -0.432241   0.410126
0.476285   -0.140558   0.330403   0.476316   -0.140614   0.330373
-0.391764   -0.0688778   0.152126   -0.391717   -0.0688991   0.152049
0.196453   -0.270861   -0.0158748   0.196534   -0.270823   -0.0158837
-0.265807   0.295333   0.0974838   -0.265908   0.295263   0.09753
-0.0239548   -0.169884   -0.260944   -0.0239916   -0.169877   -0.260891
0.143068   -0.231949   -0.0723317   0.143097   -0.231937   -0.0723024
-0.0699563   -0.146917   0.331701   -0.0699905   -0.146924   0.331704
-0.390671   -0.129313   -0.38661   -0.390662   -0.129367   -0.386583
0.306896   -0.184684   0.065334   0.306859   -0.184672   0.0653316
0.0550793   -0.410543   0.215248   0.0551547   -0.410489   0.215209
0.0192906   -0.216252   -0.170345   0.0193451   -0.216291   -0.170432
-0.0957054   0.156963   -0.46247   -0.0956953   0.156981   -0.462449
0.269874   -0.0443104   0.0120266   0.26991   -0.044314   0.0119989
-0.450012   -0.0296423   0.0513424   -0.450019   -0.0297025   0.0513148
0.0779535   0.240005   0.213255   0.0780192   0.240038   0.213187
0.284253   0.185712   0.49785   0.284168   0.185744   0.497905
0.166074   0.245554   -0.425706   0.166055   0.245531   -0.425685
0.00963173   -0.495382   0.301351   0.00967209   -0.49542   0.301343
0.34741   0.456785   0.151366   0.347522   0.456798   0.151354
-0.0331008   0.0501399   -0.345718   -0.0331655   0.0501827   -0.345734
0.0973242   -0.357089   -0.388492   0.0973405   -0.357059   -0.388528
-0.364438   -0.316061   -0.448815   -0.364445   -0.316005   -0.44881
0.452513   -0.485134   -0.200688   0.452507   -0.485025   -0.200684
0.274377   -0.178982   -0.480921   0.274361   -0.178978   -0.480841
0.0413296   -0.11521   0.359884   0.0413366   -0.115189   0.359921
0.256048   0.124852   -0.136521   0.256033   0.12484   -0.136553
0.23532   0.366306   0.0308256   0.235286   0.366322   0.030785
0.342921   0.183752   0.192246   0.342893   0.183755   0.19223
-0.220703   0.0898332   -0.240881   -0.22074   0.0898528   -0.240933
0.13499   -0.451753   -0.0889862   0.135041   -0.45174   -0.0890467
0.0201362   -0.067566   0.119193   0.0200974   -0.0676354   0.119224
-0.0900897   -0.441671   -0.47646   -0.0901488   -0.441618   -0.476489
-0.230386   0.30071   0.0186167   -0.230405   0.300725   0.0185451
