-0.369118   -0.494006   0.0129284
-0.26532   -0.18631   0.121182
-0.450719   -0.317898   -0.108123
0.081665   -0.261996   0.408231
-0.490578   0.298031   -0.00120265
-0.0172504   0.478283   0.184587
0.445897   -0.129617   0.30441
0.371849   -0.119316   -0.145115
-0.0430687   0.0124578   -0.00202125
-0.297135   0.442904   -0.44096
-0.0762476   -0.295733   0.104836
-0.0997732   0.179453   0.118607
-0.203238   -0.362943   -0.0477303
-0.0896541   -0.358777   -0.239178
-0.162461   0.0449916   -0.444596
-0.178402   0.179843   -0.0734537
0.212154   0.233729   -0.221914
-0.0702888   -0.0510745   -0.293177
-0.146929   0.347193   0.0318748
0.0512458   -0.0341979   0.205818
-0.0287208   0.0810236   0.396903
-0.0902241   -0.162231   -0.135845
0.147851   -0.339699   -0.384219
-0.474304   0.409508   0.156412
0.0930914   0.0244169   -0.20725
0.229472   0.118595   -0.38772
0.405305   -0.48852   0.260258
-0.229813   -0.23577   -0.307448
0.228384   -0.258209   -0.0813729
0.370537   -0.471428   -0.0116183
0.0286443   0.470314   -0.0248784
-0.0861718   0.486509   -0.391894
0.303168   0.217988   0.0684682
0.352142   -0.317845   -0.22048
0.155521   -0.38469   -0.208347
0.438776   0.260962   -0.234026
-0.291471   -0.36923   0.447084
0.010074   -0.338851   -0.0635126
-0.119471   -0.0842987   0.260845
-0.452858   0.0537973   0.352571
0.0447971   0.483427   0.463925
-0.0652225   -0.314844   -0.451665
0.33115   0.444427   -0.237732
-0.278636   0.318875   0.222418
0.349775   -0.301399   0.156099
-0.442752   -0.325643   0.104902
-0.0392786   0.295586   0.298706
0.384451   0.290598   0.279117
-0.336903   0.148611   -0.4305
0.117131   0.294707   0.106938
0.0473435   0.113045   -0.399177
-0.432627   -0.22782   0.478809
-0.446559   -0.134581   -0.0116088
-0.290808   -0.455116   -0.229146
0.463618   0.15517   -0.467349
-0.316361   0.191331   0.0384982
0.121563   0.429995   -0.274243
0.340724   -0.367312   -0.432212
0.328295   0.040465   0.373419
0.252535   0.351035   -0.0651644
0.0755725   -0.211334   -0.253135
-0.336473   -0.0500877   0.472154
-0.102872   -0.332369   0.310977
-0.389996   -0.0366719   -0.342303
0.493003   -0.443742   -0.326317
-0.20573   0.197232   0.430172
0.479033   -0.062365   -0.484619
-0.467277   -0.32659   0.313046
-0.345419   0.0204727   -0.099755
0.262748   -0.0355376   0.206569
0.0261555   0.284992   -0.10641
0.376568   0.00320775   -0.306886
0.244122   -0.499099   0.458428
-0.0492773   0.314281   -0.289999
-0.225886   0.00527943   0.082988
-0.300065   -0.210229   0.29966
0.126884   0.175525   0.244165
-0.163121   0.109144   -0.261665
0.284547   -0.293144   0.359057
0.277153   -0.182284   -0.368648
-0.353073   0.177542   -0.217645
-0.243286   0.350741   -0.249212
0.403707   0.397073   -0.489196
-0.282403   -0.17835   -0.101168
0.187944   -0.437996   0.0385869
-0.256246   0.0699883   0.290723
0.147816   0.374514   0.329416
0.454098   0.109478   -0.0572117
0.139846   -0.251994   0.138178
-0.401262   -0.0345891   0.169113
0.119886   -0.103378   -0.0154191
-0.455894   -0.260341   -0.31383
0.25803   0.41958   0.157476
0.151746   0.104355   0.0729102
-0.146139   -0.155573   0.468041
-0.366666   0.483035   0.311319
0.225439   0.213428   0.424134
0.344367   -0.107096   0.0399608
0.25214   0.0338652   -0.0939662
0.0870913   -0.107975   -0.428056
-0.0165465   0.29166   0.486524
-0.433241   0.245344   0.361521
-0.192904   0.398924   0.391399
0.427238   0.0770011   0.160135
-0.241875   -0.386484   0.163056
0.201164   0.337313   -0.42622
-0.10579   0.465619   -0.154019
-0.474685   0.435544   -0.159325
