0.341174   -0.482287   0.297062
0.367214   0.448384   -0.0331307
-0.264383   0.00633953   0.188525
-0.155552   0.0936468   -0.121842
0.155517   -0.429099   -0.0362573
0.417902   -0.241152   0.144126
-0.160201   -0.277167   0.162058
-0.284402   -0.267941   -0.179272
-0.360471   -0.0454841   -0.26214
0.140726   -0.231735   -0.364367
-0.4533   0.472824   -0.178895
-0.278317   0.0750932   -0.158665
-0.167289   0.481797   0.196632
-0.313996   0.120224   -0.106739
0.159553   -0.364392   0.234426
-0.0857619   -0.173959   -0.319851
0.337239   0.251631   -0.483815
-0.154017   0.354697   0.00539837
0.391851   0.125047   -0.425044
0.12955   0.341849   -0.355428
0.434416   -0.314127   -0.0757427
0.0217099   -0.312823   -0.47102
0.0399092   0.237163   -0.248357
0.339187   0.361919   -0.0245898
0.274906   -0.356011   0.286734
-0.358155   0.123235   0.0228065
-0.469793   0.0610529   -0.327103
-0.355131   0.0486237   -0.118015
-0.179035   0.429073   0.272144
-0.370939   -0.281677   -0.0750188
-0.371556   -0.375204   0.319662
0.328593   0.223401   0.276059
-0.184899   0.0154736   0.151171
0.308022   0.104271   -0.110911
0.388192   0.440799   0.10423
0.0847337   -0.0292511   -0.0636314
0.341601   -0.104257   -0.206383
-0.255171   -0.462286   0.204984
-0.0186501   0.0229494   0.281761
0.408667   -0.0468415   0.43739
-0.00312534   0.440682   -0.377657
0.277262   -0.444413   -0.215453
0.00385785   0.41125   -0.0208026
-0.281826   0.0967042   0.111638
0.113314   -0.277937   0.179515
0.485887   -0.32571   -0.407624
-0.182984   0.434075   0.0569815
-0.207416   0.442275   -0.402182
-0.278887   -0.328021   0.144734
0.33307   -0.00635905   -0.264414
0.164274   0.0126772   -0.495597
-0.248622   0.241805   -0.144228
-0.184869   0.377869   -0.474768
0.427026   -0.0600445   0.324901
0.16962   -0.399805   -0.43553
-0.0495613   0.19849   0.0854108
-0.0833939   0.0256972   0.138587
-0.427879   0.0283729   -0.46781
0.292134   0.47498   -0.184653
0.128245   -0.108637   0.447524
-0.0050438   -0.397199   0.0453206
0.318342   -0.08014   0.45347
0.185931   0.121757   0.206662
0.36099   -0.14027   -0.475301
-0.354045   -0.14071   0.26848
-0.481346   -0.192837   0.0498195
-0.0958145   -0.264026   -0.116131
-0.20666   -0.398816   0.162263
-0.257515   0.469228   0.0629693
-0.216309   0.0591049   0.0498088
0.116578   0.369284   -0.00251244
0.119293   0.0474572   -0.032309
0.301056   -0.00384044   0.329776
0.326258   0.315395   0.126451
0.0985274   -0.41344   0.243893
0.330592   -0.379563   0.193326
0.270181   -0.260907   0.0492863
-0.0793262   0.395803   -0.00538494
-0.144982   -0.0731042   0.350326
-0.111071   0.489182   -0.359122
-0.118667   -0.209403   -0.42778
-0.420874   -0.0438625   0.0285548
-0.115394   -0.0462208   0.451341
0.0398898   0.303608   0.425057
0.426782   -0.131612   0.441597
0.243695   -0.400905   -0.132682
0.487169   -0.270978   -0.457921
-0.09481   0.0128985   0.363411
-0.166582   0.462637   -0.241855
-0.244165   -0.261027   0.112256
-0.486831   -0.303342   -0.144766
-0.147253   0.343545   0.34192
-0.179567   0.0509761   -0.0553134
0.0955701   0.138516   0.132694
-0.497555   0.359703   0.0921909
-0.0272626   0.109363   -0.265361
-0.442596   -0.034269   -0.302198
-0.126421   -0.345946   0.190238
-0.0508241   0.24955   -0.48958
-0.0175472   -0.417474   -0.33327
-0.352701   0.31997   0.260426
-0.146371   -0.435398   0.222553
-0.373517   0.235501   0.188518
-0.486498   0.403451   0.487352
-0.465693   -0.292238   -0.0476374
-0.184383   -0.203832   -0.0711997
-0.235705   -0.434101   -0.147621
-0.0259748   -0.191116   -0.17741
