           1    0.049149    0.049149           0
           2   0.0500419   0.0495954 0.000446481
           3   0.0490326   0.0494078 0.000318825
           4   0.0486191   0.0492106 0.000299509
           5   0.0488738   0.0491433 0.000241583
           6   0.0491333   0.0491416 0.000197259
           7   0.0491145   0.0491377 0.000166759
           8   0.0487494   0.0490892 0.000152356
           9   0.0495097   0.0491359 0.000142257
          10   0.0492171    0.049144 0.000127498
          11   0.0487137   0.0491049 0.000121781
          12   0.0490814    0.049103 0.000111188
          13    0.049467    0.049131 0.000106043
          14   0.0487035   0.0491004 0.000102814
          15   0.0492515   0.0491105 9.62426e-05
          16   0.0492389   0.0491185 9.03834e-05
          17   0.0490276   0.0491132 8.50689e-05
          18    0.049048   0.0491096 8.02855e-05
          19   0.0490612    0.049107  7.5985e-05
          20   0.0488964   0.0490965 7.28508e-05
          21   0.0492358   0.0491031 6.96119e-05
          22   0.0490001   0.0490984 6.65374e-05
          23   0.0484604   0.0490707 6.93668e-05
          24   0.0490009   0.0490678 6.64773e-05
          25   0.0489448   0.0490629 6.39521e-05
          26   0.0488492   0.0490546 6.19904e-05
          27   0.0492262    0.049061 5.99876e-05
          28   0.0489474   0.0490569 5.79478e-05
          29   0.0491175    0.049059 5.59529e-05
          30    0.048413   0.0490375 5.81874e-05
          31   0.0490171   0.0490368 5.62829e-05
          32   0.0490713   0.0490379 5.45064e-05
          33   0.0498042   0.0490611 5.77074e-05
          34    0.048908   0.0490566 5.61653e-05
          35   0.0487867   0.0490489 5.50795e-05
          36   0.0488427   0.0490432 5.38333e-05
          37   0.0486666    0.049033 5.33381e-05
          38   0.0490042   0.0490323  5.1921e-05
          39   0.0487576   0.0490252 5.10603e-05
          40    0.048468   0.0490113 5.16804e-05
          41   0.0495853   0.0490253 5.23123e-05
          42   0.0492009   0.0490295 5.12225e-05
          43   0.0495928   0.0490426 5.17043e-05
          44   0.0488831   0.0490389 5.06455e-05
          45   0.0491624   0.0490417 4.95832e-05
          46    0.049291   0.0490471 4.87954e-05
          47   0.0492601   0.0490516 4.79605e-05
          48   0.0491343   0.0490534 4.69822e-05
          49   0.0488938   0.0490501 4.61286e-05
          50   0.0488416   0.0490459 4.53885e-05
          51   0.0489032   0.0490431 4.45775e-05
          52   0.0488255   0.0490389 4.39118e-05
          53   0.0496414   0.0490503 4.45499e-05
          54   0.0490129   0.0490496 4.37226e-05
          55    0.049159   0.0490516 4.29663e-05
          56   0.0487538   0.0490463 4.25259e-05
          57   0.0493123    0.049051  4.2033e-05
          58   0.0484883   0.0490413 4.24261e-05
          59   0.0494957    0.049049 4.24063e-05
          60   0.0488207   0.0490452 4.18668e-05
          61   0.0486213   0.0490382  4.1757e-05
          62   0.0487776    0.049034 4.12925e-05
          63   0.0492793   0.0490379 4.08179e-05
          64   0.0487971   0.0490341 4.03509e-05
          65   0.0486984    0.049029 4.00595e-05
          66   0.0489252   0.0490274 3.94792e-05
          67   0.0492508   0.0490307 3.90282e-05
          68   0.0491124   0.0490319 3.84688e-05
          69   0.0489862   0.0490313 3.79129e-05
          70   0.0493905   0.0490364 3.77181e-05
          71   0.0490581   0.0490367 3.71843e-05
          72   0.0486008   0.0490307 3.71606e-05
          73   0.0487897   0.0490273 3.67964e-05
          74   0.0486884   0.0490228 3.65835e-05
          75   0.0493288   0.0490268 3.63223e-05
          76   0.0492494   0.0490298 3.59606e-05
          77     0.04897    0.049029  3.5499e-05
          78   0.0498058    0.049039 3.64286e-05
          79   0.0491995    0.049041 3.60219e-05
          80   0.0493472   0.0490448 3.57741e-05
          81   0.0490215   0.0490445 3.53308e-05
          82   0.0486427   0.0490396 3.52397e-05
          83   0.0489659   0.0490387 3.48239e-05
          84   0.0490483   0.0490389  3.4407e-05
          85   0.0487269   0.0490352 3.41974e-05
          86   0.0494708   0.0490403 3.41748e-05
          87   0.0486317   0.0490356 3.41046e-05
          88   0.0493005   0.0490386 3.38489e-05
          89   0.0490058   0.0490382 3.34685e-05
          90   0.0490125   0.0490379 3.30958e-05
          91    0.048861    0.049036 3.27877e-05
          92   0.0491244   0.0490369 3.24436e-05
          93   0.0485898   0.0490321 3.24511e-05
          94   0.0486191   0.0490277 3.24033e-05
          95   0.0486588   0.0490238 3.22948e-05
          96   0.0493633   0.0490274 3.21516e-05
          97   0.0486979    0.049024 3.19992e-05
          98   0.0483046   0.0490166 3.25107e-05
          99   0.0487188   0.0490136 3.23209e-05
         100   0.0487988   0.0490115 3.20682e-05
