0.000000e+00  0.000000e+00  0.000000e+00
6.463304e-02  0.000000e+00  0.000000e+00
1.292661e-01  0.000000e+00  0.000000e+00
1.938991e-01  0.000000e+00  0.000000e+00
2.585322e-01  0.000000e+00  0.000000e+00
3.231652e-01  0.000000e+00  0.000000e+00
3.877982e-01  0.000000e+00  0.000000e+00
4.524313e-01  0.000000e+00  0.000000e+00
5.170643e-01  0.000000e+00  0.000000e+00
5.816974e-01  0.000000e+00  0.000000e+00
6.463304e-01  0.000000e+00  0.000000e+00
7.109634e-01  0.000000e+00  0.000000e+00
7.755965e-01  0.000000e+00  0.000000e+00
8.402295e-01  9.578919e-04  9.475558e-05
9.048626e-01  1.473501e-01  9.824547e-04
9.694956e-01  1.063994e+00  3.209355e-03
1.034129e+00  2.038765e+00  5.409337e-03
1.098762e+00  2.259921e+00  5.261957e-03
1.163395e+00  2.080868e+00  4.686965e-03
1.228028e+00  1.831600e+00  3.963745e-03
1.292661e+00  1.618971e+00  3.771649e-03
1.357294e+00  1.456591e+00  3.133273e-03
1.421927e+00  1.336961e+00  2.714993e-03
1.486560e+00  1.251874e+00  2.636760e-03
1.551193e+00  1.187284e+00  2.368050e-03
1.615826e+00  1.147712e+00  2.386992e-03
1.680459e+00  1.112289e+00  1.991930e-03
1.745092e+00  1.091430e+00  2.051822e-03
1.809725e+00  1.075367e+00  1.663436e-03
1.874358e+00  1.066786e+00  1.664104e-03
1.938991e+00  1.061180e+00  1.686181e-03
2.003624e+00  1.057590e+00  1.422953e-03
2.068257e+00  1.054731e+00  1.507728e-03
2.132890e+00  1.050566e+00  1.505292e-03
2.197523e+00  1.047985e+00  1.484660e-03
2.262156e+00  1.042040e+00  1.568121e-03
2.326789e+00  1.036218e+00  1.456890e-03
2.391423e+00  1.032034e+00  1.458418e-03
2.456056e+00  1.027060e+00  1.230194e-03
2.520689e+00  1.021476e+00  1.339965e-03
2.585322e+00  1.016840e+00  1.344794e-03
2.649955e+00  1.014865e+00  1.181428e-03
2.714588e+00  1.010799e+00  1.010359e-03
2.779221e+00  1.007570e+00  1.111417e-03
2.843854e+00  1.005199e+00  1.087875e-03
2.908487e+00  1.002676e+00  1.029406e-03
2.973120e+00  1.001183e+00  9.640862e-04
3.037753e+00  1.000448e+00  1.097489e-03
3.102386e+00  1.000882e+00  1.075990e-03
3.167019e+00  9.970665e-01  8.796467e-04
3.231652e+00  9.965776e-01  9.306600e-04
3.296285e+00  9.961236e-01  1.074009e-03
3.360918e+00  9.941363e-01  8.870579e-04
3.425551e+00  9.942702e-01  8.523899e-04
3.490184e+00  9.933549e-01  8.549817e-04
3.554817e+00  9.916390e-01  8.604904e-04
3.619450e+00  9.921833e-01  7.172852e-04
3.684083e+00  9.906379e-01  8.132632e-04
3.748716e+00  9.919759e-01  8.743357e-04
3.813349e+00  9.903254e-01  7.652659e-04
3.877982e+00  9.900089e-01  7.318366e-04
3.942615e+00  9.896828e-01  8.000627e-04
4.007249e+00  9.888511e-01  6.720921e-04
4.071882e+00  9.904456e-01  7.077602e-04
4.136515e+00  9.879306e-01  7.287793e-04
4.201148e+00  9.895544e-01  6.551719e-04
4.265781e+00  9.885854e-01  7.026498e-04
4.330414e+00  9.890436e-01  6.288275e-04
4.395047e+00  9.881156e-01  6.023867e-04
4.459680e+00  9.869629e-01  6.406163e-04
4.524313e+00  9.883330e-01  6.496818e-04
4.588946e+00  9.876502e-01  6.510428e-04
4.653579e+00  9.880362e-01  6.011592e-04
4.718212e+00  9.864733e-01  6.260949e-04
4.782845e+00  9.881465e-01  5.833139e-04
4.847478e+00  9.863035e-01  6.121439e-04
4.912111e+00  9.862395e-01  5.976371e-04
4.976744e+00  9.858688e-01  6.368031e-04
5.041377e+00  9.865642e-01  5.801775e-04
5.106010e+00  9.865011e-01  4.767932e-04
5.170643e+00  9.869228e-01  4.941143e-04
5.235276e+00  9.863775e-01  5.691408e-04
5.299909e+00  9.870370e-01  5.425909e-04
5.364542e+00  9.864351e-01  4.788764e-04
5.429175e+00  9.858731e-01  5.297304e-04
5.493808e+00  9.869869e-01  4.810867e-04
5.558442e+00  9.858579e-01  4.781720e-04
5.623075e+00  9.855194e-01  5.031925e-04
5.687708e+00  9.864741e-01  4.810241e-04
5.752341e+00  9.866560e-01  4.914654e-04
5.816974e+00  9.857179e-01  5.012062e-04
5.881607e+00  9.865078e-01  4.455586e-04
5.946240e+00  9.864210e-01  4.565490e-04
6.010873e+00  9.856047e-01  4.761537e-04
6.075506e+00  9.855010e-01  4.954699e-04
6.140139e+00  9.856550e-01  4.520377e-04
6.204772e+00  9.863036e-01  4.950518e-04
6.269405e+00  9.859989e-01  4.612718e-04
6.334038e+00  9.862961e-01  4.869043e-04
6.398671e+00  9.859320e-01  4.558364e-04
