           1   -0.407082   -0.407082           0
           2   -0.404997   -0.406039  0.00104246
           3   -0.413315   -0.408465  0.00249895
           4   -0.414355   -0.409937  0.00230024
           5   -0.408801    -0.40971  0.00179619
           6   -0.416103   -0.410775  0.00181273
           7   -0.415898   -0.411507  0.00169784
           8   -0.409814   -0.411296  0.00148552
           9   -0.415723   -0.411788  0.00139941
          10   -0.412125   -0.411821  0.00125213
          11   -0.414747   -0.412087   0.0011634
          12   -0.412917   -0.412156  0.00106428
          13   -0.409391   -0.411944  0.00100184
          14   -0.409461   -0.411766 0.000944326
          15   -0.415051   -0.411985 0.000905976
          16   -0.407347   -0.411695 0.000895681
          17   -0.411403   -0.411678 0.000841522
          18   -0.417729   -0.412014  0.00086168
          19   -0.421016   -0.412488 0.000942754
          20   -0.412412   -0.412484 0.000894383
          21   -0.412829   -0.412501 0.000850886
          22   -0.421622   -0.412915 0.000911092
          23   -0.409694   -0.412775 0.000881771
          24   -0.418216   -0.413002 0.000874134
          25   -0.407156   -0.412768 0.000870437
          26   -0.414141   -0.412821 0.000837953
          27   -0.410698   -0.412742 0.000810147
          28   -0.413245    -0.41276 0.000780883
          29   -0.414876   -0.412833 0.000756998
          30   -0.412604   -0.412826  0.00073137
          31   -0.416668    -0.41295 0.000718161
          32   -0.408536   -0.412812 0.000708901
          33   -0.413219   -0.412824 0.000687194
          34    -0.41858   -0.412993 0.000687833
          35   -0.414826   -0.413046 0.000669941
          36    -0.41816   -0.413188 0.000666384
          37   -0.416231    -0.41327 0.000653323
          38   -0.410324   -0.413192 0.000640606
          39   -0.405285    -0.41299 0.000656079
          40   -0.414269   -0.413022 0.000640266
          41   -0.410617   -0.412963 0.000627202
          42   -0.410576   -0.412906  0.00061472
          43   -0.415216    -0.41296 0.000602653
          44   -0.424628   -0.413225 0.000645762
          45   -0.414523   -0.413254 0.000631907
          46   -0.412024   -0.413227 0.000618595
          47   -0.417376   -0.413315 0.000611693
          48   -0.408835   -0.413222 0.000606046
          49   -0.416844   -0.413296 0.000598134
          50   -0.422086   -0.413472 0.000611852
          51   -0.421114   -0.413622 0.000618171
          52   -0.416178   -0.413671 0.000608157
          53   -0.408867    -0.41358 0.000603419
          54   -0.417807   -0.413658 0.000597292
          55   -0.416922   -0.413718 0.000589327
          56    -0.41339   -0.413712 0.000578737
          57    -0.41605   -0.413753 0.000569971
          58   -0.411719   -0.413718 0.000561154
          59   -0.416283   -0.413761 0.000553272
          60   -0.410568   -0.413708 0.000546569
          61   -0.414712   -0.413725 0.000537786
          62   -0.408996   -0.413648  0.00053451
          63   -0.411588   -0.413616 0.000526973
          64   -0.411877   -0.413588 0.000519385
          65    -0.41444   -0.413602   0.0005115
          66   -0.414936   -0.413622 0.000504096
          67   -0.405695   -0.413503 0.000510414
          68   -0.419323   -0.413589 0.000510083
          69    -0.41137   -0.413557 0.000503664
          70   -0.414762   -0.413574 0.000496715
          71   -0.416613   -0.413617 0.000491536
          72   -0.415372   -0.413641 0.000485273
          73    -0.41559   -0.413668 0.000479324
          74   -0.408103   -0.413593 0.000478746
          75    -0.41615   -0.413627 0.000473549
          76    -0.41698   -0.413671 0.000469355
          77    -0.41729   -0.413718 0.000465598
          78   -0.409751   -0.413667 0.000462395
          79   -0.411652   -0.413642 0.000457217
          80   -0.409122   -0.413585 0.000454986
          81   -0.414152   -0.413592 0.000449388
          82   -0.417673   -0.413642 0.000446655
          83   -0.418991   -0.413706 0.000445922
          84   -0.419864    -0.41378 0.000446638
          85   -0.412029   -0.413759 0.000441832
          86   -0.411684   -0.413735 0.000437331
          87   -0.418266   -0.413787   0.0004354
          88   -0.417546    -0.41383 0.000432538
          89   -0.416644   -0.413861 0.000428818
          90   -0.411802   -0.413838 0.000424643
          91   -0.410172   -0.413798 0.000421879
          92   -0.412927   -0.413789 0.000417376
          93   -0.425169   -0.413911 0.000430617
          94   -0.410787   -0.413878 0.000427306
          95   -0.417275   -0.413914 0.000424293
          96   -0.416248   -0.413938 0.000420554
          97   -0.422503   -0.414026 0.000425459
          98   -0.416474   -0.414051 0.000421835
          99   -0.414434   -0.414055  0.00041757
         100   -0.415554    -0.41407 0.000413645
